#alldih_gfactor
#Residue\Model	average
5	-2.10
6	-1.30
7	-1.58
8	-1.39
9	-1.10
10	-0.76
11	-1.39
12	-0.86
13	-1.42
14	-2.35
17	-1.42
18	-1.79
19	-2.52
20	-0.85
21	-1.43
22	-3.08
23	-0.14
25	-1.01
26	0.16
27	-0.10
30	-0.15
31	-0.01
32	-0.78
33	-0.17
34	0.45
35	-0.61
36	0.47
37	0.42
38	-0.05
39	0.12
40	-1.24
41	0.87
42	0.85
43	0.51
44	0.98
45	1.05
46	0.95
47	1.00
48	0.46
49	0.95
50	0.99
51	0.12
52	0.92
53	0.61
54	0.40
55	0.66
56	1.03
57	0.80
58	0.10
59	-0.39
60	0.80
61	0.28
62	-0.92
63	0.39
64	-0.02
65	0.04
66	0.43
67	-0.26
68	-0.86
69	-0.26
70	-0.41
71	0.51
72	0.35
73	-0.48
74	-0.31
75	-0.35
76	-0.93
77	0.32
78	-0.67
79	0.32
80	0.15
81	0.22
82	-0.08
83	0.46
84	-0.31
85	0.02
86	0.99
87	0.96
88	0.65
89	0.61
90	0.95
91	0.83
92	0.92
93	0.85
94	0.94
95	0.65
96	0.81
97	0.72
98	0.01
99	0.71
100	0.84
101	0.85
102	0.94
103	-0.51
104	-1.30
105	-1.35
106	-1.54
107	-1.99
#Reported_Model_Average	-0.104
#Overall_Average_Reported	-0.104
