#phipsi_gfactor
#Residue\Model	average
5	-3.33
6	-2.73
7	-3.43
8	-2.40
9	-1.48
10	-2.21
11	-2.12
12	-1.85
13	-1.88
14	-2.35
17	-1.47
18	-1.79
19	-2.52
20	-2.34
21	-3.53
22	-3.08
23	-0.72
25	-2.80
26	-0.67
27	-1.36
30	0.03
31	0.28
32	-0.78
33	-0.53
34	0.28
35	-0.73
36	0.07
37	0.09
38	-0.05
39	0.51
40	-1.20
41	1.04
42	0.85
43	1.15
44	1.05
45	1.08
46	0.95
47	1.08
48	0.88
49	0.95
50	1.04
51	1.22
52	0.95
53	1.04
54	1.05
55	0.66
56	0.95
57	0.59
58	-0.40
59	-1.24
60	0.80
61	-0.08
62	-0.96
63	-0.43
64	0.35
65	-0.66
66	0.37
67	-0.26
68	-0.86
69	0.15
70	-0.41
71	0.64
72	0.44
73	-0.48
74	-0.22
75	-0.43
76	-0.65
77	-0.68
78	-0.67
79	-0.45
80	-0.17
81	-0.26
82	-0.99
83	0.08
84	-0.03
85	0.75
86	0.99
87	0.83
88	0.81
89	1.13
90	1.01
91	1.22
92	0.86
93	1.13
94	0.87
95	1.18
96	0.87
97	0.72
98	0.81
99	0.71
100	0.80
101	1.08
102	0.83
103	0.58
104	0.08
105	-0.18
106	-0.56
107	-1.51
#Reported_Model_Average	-0.225
#Overall_Average_Reported	-0.225
