#verify3d
#Residue\Model	1	2	3	4	5
5	0.08	0.08	0.08	0.08	0.08
6	-0.35	-0.35	-0.35	-0.35	-0.35
7	-0.74	-0.74	-0.80	-0.80	-0.80
8	0.04	0.04	0.04	0.04	0.04
9	0.51	0.41	0.41	0.41	0.41
10	0.04	0.04	0.28	0.04	0.04
11	-0.74	-0.74	-0.74	-0.80	-0.74
12	-0.35	-0.35	-0.35	-0.35	-0.35
13	0.04	0.04	0.04	0.04	0.04
14	0.14	0.14	0.14	0.14	0.14
17	-0.35	-0.35	-0.35	-0.35	-0.35
18	0.14	0.14	0.14	0.14	0.14
19	1.10	1.10	1.10	1.10	1.10
20	0.04	0.04	0.04	0.04	0.04
21	-0.94	-1.63	-0.94	-0.94	-0.94
22	1.10	1.10	1.10	1.10	1.10
23	-0.84	-0.84	0.71	-1.63	0.71
25	-0.94	-0.54	-0.54	-0.54	-0.94
26	-0.41	0.24	-0.41	-0.41	-0.41
27	0.04	0.04	0.28	0.04	0.04
30	0.51	0.51	0.51	0.51	0.51
31	0.08	0.16	0.16	0.16	0.08
32	-0.52	-0.52	-0.52	-0.52	-0.52
33	0.41	0.41	0.41	0.41	0.41
34	0.16	0.08	0.08	0.16	0.08
35	0.49	0.49	0.49	0.49	0.49
36	0.14	0.14	0.14	0.14	0.14
37	-0.56	-0.56	-0.56	-0.56	-0.56
38	1.10	1.10	1.10	1.10	1.10
39	0.34	0.34	0.34	0.34	0.34
40	0.51	0.23	0.23	0.23	0.51
41	0.56	0.66	0.66	0.56	0.56
42	0.44	0.44	0.44	0.44	0.44
43	0.17	0.17	0.17	0.17	-0.06
44	0.16	0.16	0.16	0.16	0.16
45	0.62	0.62	0.62	0.62	0.62
46	0.63	0.63	0.63	0.63	0.63
47	0.56	0.66	0.56	0.56	0.56
48	0.16	0.16	0.16	0.16	0.16
49	0.44	0.44	0.44	0.44	0.44
50	0.62	0.62	0.62	0.62	0.62
51	0.50	0.50	0.50	0.50	0.50
52	-0.02	-0.02	-0.02	-0.02	-0.02
53	0.16	0.16	0.16	0.16	0.16
54	0.16	0.16	0.16	0.16	0.16
55	-0.02	-0.02	-0.02	-0.02	-0.02
56	0.66	0.66	0.66	0.66	0.66
57	0.62	0.62	0.62	0.62	0.29
58	-0.29	-0.29	-0.29	-0.29	-0.29
59	1.25	1.25	1.25	1.25	1.25
60	0.14	0.14	0.14	0.14	0.14
61	0.41	0.41	0.41	0.41	0.41
62	-0.40	-0.40	-0.40	-0.40	-0.40
63	0.41	0.41	0.41	0.41	-0.37
64	1.09	1.09	1.09	1.09	1.09
65	0.41	-0.42	-0.42	-0.42	0.41
66	0.08	0.08	0.08	0.08	0.08
67	0.14	0.14	-0.25	0.14	-0.25
68	0.25	0.25	0.25	0.25	0.25
69	-0.74	-0.40	-0.40	-0.74	-0.40
70	0.14	0.14	0.14	0.14	0.14
71	0.23	0.23	0.23	0.23	0.23
72	0.41	0.41	0.41	0.41	0.41
73	-0.25	-0.25	-0.25	-0.25	-0.25
74	0.08	0.08	0.08	0.08	0.08
75	0.41	0.41	0.41	0.41	0.41
76	0.14	0.14	0.14	0.14	0.14
77	-0.49	-0.49	0.80	-0.49	0.80
78	-0.52	-0.52	-0.52	-0.52	-0.52
79	0.19	0.84	0.84	0.84	0.19
80	0.37	0.37	0.37	0.37	0.37
81	0.55	0.35	0.55	0.55	0.55
82	0.71	0.71	0.71	0.71	0.71
83	0.28	0.28	0.28	0.28	0.28
84	-0.74	-0.74	-0.74	-0.74	-0.74
85	0.16	-0.38	-0.38	0.16	0.16
86	0.44	0.44	0.44	0.44	0.44
87	0.09	0.09	0.09	0.09	0.09
88	0.56	0.56	0.56	0.56	0.56
89	-0.46	-0.46	-0.46	-0.46	-0.46
90	-0.59	-0.59	-0.59	-0.59	-0.59
91	-0.22	-0.22	-0.22	-0.22	-0.22
92	0.62	0.09	0.62	0.62	0.62
93	-0.46	-0.46	-0.46	-0.46	-0.46
94	0.66	0.56	0.56	0.66	0.66
95	-0.13	-0.13	-0.13	-0.13	-0.13
96	0.56	0.56	0.56	0.56	0.56
97	0.44	0.44	0.44	0.44	0.44
98	-0.46	0.16	-0.46	-0.46	-0.46
99	0.44	-0.02	0.44	0.44	0.44
100	0.56	0.56	0.56	0.56	-0.20
101	-0.46	-1.37	-1.37	-1.37	-1.37
102	0.62	0.62	0.62	0.62	0.62
103	0.17	-0.06	-0.06	-0.06	-0.06
104	-0.06	0.17	0.17	-0.06	-0.06
105	-0.41	-0.41	-0.41	-0.41	-0.41
106	-0.41	-0.41	-0.41	-0.41	-0.41
107	-0.41	-0.41	-0.41	-0.41	-0.41
#Reported_Model_Average	0.124	0.106	0.141	0.103	0.117
#Overall_Average_Reported	0.118
