#mage_clash
#Residue\Model	1	2	3	4	5	6	7	8	9	10	11	12	13	14	15	16	17	18	19	20
3.000	1	0	0	0	0	1	0	0	0	0	0	0	0	0	0	0	0	0	1	0
4.000	0	1	0	0	0	1	0	0	0	0	3	0	2	0	0	1	1	0	0	3
5.000	0	0	0	0	0	0	0	0	0	2	0	0	0	0	0	0	1	2	0	0
6.000	0	0	0	0	0	0	0	0	0	0	0	0	0	0	1	0	0	0	0	0
7.000	0	0	0	0	0	0	0	0	0	0	0	0	0	0	0	0	0	0	0	0
8.000	0	0	0	0	0	4	0	0	0	0	0	4	0	0	0	0	0	0	0	0
9.000	0	0	0	0	0	0	0	0	0	0	0	0	0	0	0	0	0	0	0	0
10.000	0	0	0	1	0	0	0	0	0	0	0	0	0	0	1	0	0	0	0	0
11.000	0	1	0	0	0	0	0	0	0	0	0	0	0	0	0	0	0	0	0	0
12.000	0	0	0	0	0	0	0	0	0	0	0	1	0	0	0	0	0	0	0	0
13.000	0	0	0	0	0	0	0	0	0	0	0	0	0	0	0	0	0	0	0	0
14.000	0	0	2	0	0	0	0	0	0	0	0	1	0	0	1	0	1	2	0	0
17.000	1	0	0	0	1	0	0	0	0	0	0	1	0	0	0	0	0	0	0	0
18.000	0	0	0	0	0	0	0	0	0	0	0	0	0	0	0	1	1	0	0	0
19.000	0	3	0	1	2	1	0	5	0	0	0	0	0	3	2	1	0	0	0	0
20.000	0	0	0	0	2	0	3	0	0	0	0	2	0	0	0	0	0	0	2	0
21.000	0	0	0	0	1	0	0	0	0	0	0	1	0	0	0	0	0	0	1	0
22.000	0	0	0	0	0	0	0	0	0	0	0	0	0	0	0	0	0	0	0	0
23.000	0	0	0	1	0	0	0	0	0	0	0	0	0	0	0	0	0	0	0	0
24.000	0	0	0	0	0	0	0	0	0	0	0	0	0	0	0	0	0	0	0	0
25.000	1	0	0	0	0	0	0	1	0	0	0	1	0	0	1	0	0	0	0	0
26.000	0	0	1	0	0	0	0	1	2	0	0	0	0	1	0	0	1	0	0	1
27.000	1	3	2	4	0	3	3	5	2	3	3	1	3	6	0	1	2	5	0	3
28.000	0	0	1	0	0	0	0	0	0	0	0	1	0	0	0	0	2	0	0	0
29.000	0	0	2	1	0	1	0	0	0	1	0	1	0	0	0	1	1	0	0	0
35.000	2	0	1	1	1	0	2	0	3	1	0	0	0	1	0	0	0	0	1	0
36.000	0	1	0	0	0	0	0	0	0	0	0	2	0	0	0	0	1	0	0	1
37.000	0	1	0	0	0	0	1	0	0	0	1	0	0	0	0	0	0	0	1	0
38.000	0	0	0	0	0	0	0	0	0	0	2	0	0	0	0	0	0	0	0	0
39.000	0	1	0	0	0	1	2	0	0	0	0	0	0	0	0	0	0	0	1	0
40.000	0	3	2	0	0	0	6	0	1	0	0	3	1	1	0	0	2	0	0	1
41.000	0	1	1	1	0	0	1	0	1	0	0	1	0	1	0	0	1	1	0	0
42.000	0	1	0	0	0	0	0	0	0	0	0	0	0	0	1	1	0	1	0	1
43.000	1	1	0	1	0	0	0	1	1	2	1	2	1	0	0	1	1	1	1	0
44.000	0	0	0	1	0	1	0	0	0	0	0	0	0	0	0	0	0	0	0	0
45.000	0	0	0	1	0	3	0	0	0	0	0	0	1	0	0	0	0	0	1	0
46.000	0	0	0	1	0	0	0	0	0	0	0	0	0	0	0	0	0	0	0	0
47.000	0	0	0	0	0	0	0	0	0	0	0	0	0	0	0	0	0	0	0	3
48.000	0	0	0	0	0	0	0	0	0	0	0	2	0	0	0	0	0	0	0	0
49.000	0	0	0	0	0	0	3	0	1	0	0	0	0	0	0	0	1	0	0	0
50.000	0	0	0	0	0	0	0	0	0	0	0	0	0	0	0	0	0	0	0	0
51.000	1	0	0	0	0	0	0	0	0	0	1	0	1	0	0	0	1	2	0	0
52.000	0	0	0	0	0	0	0	0	0	0	0	0	0	0	0	0	0	0	0	0
53.000	0	2	0	0	2	0	0	0	0	0	1	1	0	0	0	0	0	0	0	0
54.000	0	0	0	0	0	0	0	0	0	0	1	0	0	0	0	0	0	0	0	0
55.000	1	1	0	0	0	1	0	0	0	1	1	0	0	0	0	0	0	1	0	0
58.000	0	0	0	0	0	0	0	1	0	0	0	0	1	0	0	0	0	0	0	0
59.000	0	0	0	0	0	0	0	0	0	0	0	0	0	0	0	0	0	0	0	0
60.000	0	0	0	0	0	0	0	0	1	0	2	0	0	0	1	0	0	0	0	0
61.000	2	2	2	2	2	2	2	2	2	2	2	2	2	2	2	2	2	2	2	2
62.000	0	0	0	1	0	0	0	0	1	0	0	0	0	0	0	0	1	0	0	0
63.000	0	0	1	0	1	0	1	3	1	0	1	0	0	1	0	0	4	0	0	1
64.000	0	0	0	0	0	0	0	0	0	0	0	0	0	0	0	1	0	0	0	0
65.000	1	0	0	0	0	0	0	0	0	0	1	0	0	1	0	0	1	2	0	0
66.000	0	0	0	0	0	0	0	0	0	0	0	0	0	0	0	0	0	0	0	0
67.000	0	0	1	0	0	0	0	0	0	0	0	0	0	1	0	0	0	0	0	0
68.000	0	0	0	0	0	0	1	2	0	0	0	0	0	2	2	0	0	0	0	0
69.000	0	0	0	0	0	0	0	0	0	0	0	0	0	1	0	0	0	0	0	0
70.000	0	0	0	0	0	0	1	0	0	1	0	0	0	1	0	0	0	0	1	0
71.000	0	0	0	0	1	1	0	1	2	0	0	0	0	0	0	0	0	0	1	1
72.000	0	0	0	0	0	0	0	0	0	0	0	0	0	0	0	0	0	0	0	0
73.000	0	0	0	0	0	0	0	0	0	0	0	0	0	0	0	0	0	0	0	0
74.000	0	0	0	0	0	0	0	0	0	0	0	0	0	0	0	0	0	0	0	0
75.000	0	0	0	0	0	0	0	0	0	0	0	0	0	2	0	0	0	0	0	0
76.000	1	0	0	0	2	0	0	0	0	0	0	0	0	0	0	0	0	1	0	1
77.000	0	1	0	0	0	0	2	0	1	4	2	1	0	0	0	0	0	0	0	0
81.000	0	0	1	0	0	0	0	0	0	0	0	0	0	0	0	0	0	0	0	1
82.000	0	0	0	0	0	0	0	0	0	1	0	0	0	4	0	0	0	2	0	0
83.000	0	0	0	0	0	0	1	0	1	1	0	0	0	0	1	0	0	0	0	0
84.000	0	0	0	0	0	0	0	0	0	0	0	0	0	0	0	0	0	0	0	0
85.000	0	0	0	0	0	0	0	0	0	0	0	0	0	0	0	0	0	0	0	0
86.000	0	0	0	0	0	1	0	2	0	1	0	0	1	0	0	0	1	2	0	1
89.000	0	0	0	0	0	0	0	0	0	1	0	0	0	1	0	0	1	0	1	0
90.000	0	0	0	0	0	0	0	0	0	0	0	0	0	0	0	0	0	0	0	0
91.000	0	1	0	0	0	0	0	0	0	0	0	0	0	0	0	0	0	0	0	0
92.000	0	1	0	0	0	0	0	0	0	0	0	0	0	0	0	0	0	1	0	0
93.000	0	0	0	1	1	1	1	0	1	1	1	1	0	0	1	2	1	1	1	1
94.000	0	0	0	2	2	2	2	0	1	2	0	0	0	0	2	0	0	2	2	2
95.000	0	0	0	0	0	0	0	0	0	0	0	0	0	0	0	0	0	0	0	0
96.000	0	1	0	2	0	0	0	0	0	0	0	2	0	0	0	0	0	0	0	0
97.000	0	0	0	0	0	0	0	0	0	0	0	0	0	0	0	0	0	0	0	0
98.000	0	0	2	0	0	0	0	0	0	0	0	0	0	0	0	0	2	0	0	0
#Reported_Model_Average	0.159	0.317	0.232	0.268	0.220	0.293	0.390	0.293	0.268	0.293	0.280	0.378	0.159	0.354	0.195	0.146	0.366	0.341	0.207	0.280
#Overall_Average_Reported	0.272
