#phipsi_gfactor
#Residue\Model	average
3	0.43
4	-1.92
5	-0.24
6	0.37
7	-0.51
8	1.01
9	-0.18
10	0.16
11	-0.78
12	-3.26
13	-0.52
14	-0.48
17	-0.34
18	-2.09
19	-0.55
20	-0.71
21	-0.19
22	-1.33
23	-0.26
24	-0.72
25	-1.50
26	-0.62
27	-0.60
28	-0.81
29	-0.44
35	0.21
36	-2.30
37	-0.41
38	-0.05
39	-0.53
40	-0.72
41	-0.05
42	-0.67
43	-1.84
44	-0.25
45	-0.26
46	-1.48
47	-0.14
48	-0.54
49	-0.40
50	0.14
51	0.05
52	0.18
53	-0.34
54	-0.72
55	0.65
58	-0.49
59	-0.22
60	-0.45
61	-0.29
62	-0.50
63	-0.18
64	0.63
65	-0.46
66	0.01
67	0.16
68	-0.12
69	0.02
70	-0.22
71	-2.35
72	-0.62
73	0.32
74	-0.54
75	-0.39
76	-0.62
77	-0.92
81	-0.01
82	-0.45
83	0.31
84	-0.29
85	-0.48
86	-0.90
89	-0.22
90	0.15
91	0.17
92	-0.65
93	-0.41
94	0.02
95	-0.13
96	-1.52
97	0.28
98	-0.12
#Reported_Model_Average	-0.452
#Overall_Average_Reported	-0.452
