#alldih_gfactor
#Residue\Model	average
3	0.43
4	-1.09
5	0.03
6	0.47
7	0.19
8	0.73
9	-0.60
10	0.37
11	-0.04
12	-1.87
13	0.00
14	-0.17
17	0.22
18	-2.09
19	-0.47
20	-0.80
21	0.22
22	-1.33
23	0.13
24	-0.08
25	-0.58
26	-0.15
27	-1.73
28	-1.14
29	-0.24
35	0.54
36	-1.31
37	-0.04
38	-0.34
39	-0.53
40	-1.99
41	0.24
42	-0.67
43	-0.81
44	0.26
45	-0.13
46	-1.48
47	-0.03
48	-0.66
49	0.12
50	-0.19
51	0.18
52	0.43
53	0.14
54	-0.11
55	0.55
58	-0.14
59	-0.22
60	0.10
61	-0.70
62	0.05
63	-0.07
64	0.63
65	0.13
66	-0.23
67	0.35
68	-0.35
69	0.12
70	0.38
71	-1.41
72	-0.68
73	-0.36
74	-0.40
75	-0.39
76	-0.11
77	-0.30
81	0.30
82	-0.20
83	-0.15
84	0.47
85	-0.42
86	-0.99
89	-0.11
90	0.08
91	0.53
92	-0.09
93	0.19
94	-0.26
95	0.13
96	-0.77
97	0.28
98	0.20
#Reported_Model_Average	-0.242
#Overall_Average_Reported	-0.242
