#prosaII
#Residue\Model	1	2	3	4	5	6	7	8	9	10	11	12	13	14	15	16	17	18	19	20
4	0.965	1.140	1.153	0.918	0.805	0.691	1.213	0.731	0.597	0.903	1.162	1.189	0.753	0.852	1.331	1.138	0.906	0.950	0.634	0.769
5	0.734	0.835	0.853	0.712	0.598	0.473	0.788	0.612	0.411	0.703	0.791	0.845	0.547	0.600	0.970	0.692	0.740	0.784	0.480	0.034
6	-0.565	-0.520	-0.427	-0.381	-0.556	-0.751	-0.486	-0.673	-0.851	-0.521	-0.434	-0.499	-0.601	-0.677	-0.567	-0.569	-0.550	-0.540	-0.641	-1.259
7	-0.497	-0.282	-0.502	-0.328	-0.498	-0.762	-0.341	-0.364	-0.741	-0.424	-0.568	-0.555	-0.612	-0.396	-0.183	-0.680	-0.411	-0.143	-0.545	-1.172
8	-0.189	0.042	-0.461	-0.672	-0.268	-0.579	-0.219	-0.481	-0.621	-0.366	-0.480	-0.331	-0.530	-0.066	0.016	-0.418	-0.343	-0.095	-0.441	-0.983
9	-0.694	0.039	-0.837	-1.094	-0.628	-0.982	-0.689	-0.821	-1.166	-0.806	-0.881	-0.851	-0.964	-0.558	-0.440	-0.873	-0.821	-0.505	-0.807	-1.476
10	-0.344	0.449	-0.309	-0.845	-0.188	-0.327	-0.360	-0.301	-0.644	-0.432	-0.328	-0.381	-0.424	-0.232	0.041	-0.469	-0.485	0.086	-0.361	-0.848
11	-0.746	0.185	-0.683	-1.134	-0.582	-0.667	-0.727	-0.664	-0.910	-0.895	-0.806	-0.674	-0.792	-0.463	-0.451	-0.751	-0.915	-0.330	-0.711	-1.119
12	-0.327	0.557	-0.344	-0.733	-0.164	-0.273	-0.276	-0.306	-0.455	-0.497	-0.408	-0.298	-0.408	0.037	-0.061	-0.275	-0.605	-0.049	-0.361	-0.214
13	0.983	1.730	0.861	0.332	0.949	0.929	0.924	0.832	0.677	0.696	0.712	0.775	0.643	1.220	1.131	0.923	0.588	1.115	0.729	1.011
14	0.311	0.921	0.191	-0.278	0.261	0.261	0.084	0.141	-0.036	-0.070	0.034	0.100	-0.024	0.330	0.210	0.292	-0.162	0.249	-0.037	0.343
17	0.328	0.482	0.476	0.458	0.530	0.497	0.717	0.770	0.291	0.546	0.340	0.755	0.351	0.394	0.333	0.776	0.290	0.650	0.386	0.879
18	0.036	0.017	0.088	0.008	0.062	0.091	0.328	0.423	-0.119	0.232	0.095	0.212	-0.052	-0.005	-0.002	0.252	0.005	0.306	-0.081	0.416
19	-0.349	-0.436	-0.317	-0.527	-0.333	-0.278	-0.078	0.043	-0.505	-0.182	-0.318	-0.218	-0.471	-0.467	-0.461	-0.147	-0.396	-0.125	-0.487	-0.034
20	-0.827	-0.745	-0.691	-0.902	-0.758	-0.704	-0.420	-0.279	-0.742	-0.630	-0.581	-0.337	-0.815	-0.806	-0.801	-0.474	-0.641	-0.509	-0.832	-0.400
21	-0.278	-0.233	-0.163	-0.347	-0.226	-0.138	0.067	0.206	-0.138	0.099	-0.077	0.194	-0.230	-0.251	-0.235	0.071	-0.057	0.003	-0.158	0.138
22	-0.386	-0.227	-0.238	-0.304	-0.372	-0.237	0.030	0.122	-0.202	-0.059	-0.245	0.081	-0.298	-0.440	-0.373	0.086	-0.034	-0.027	-0.126	0.032
23	-0.005	0.237	0.248	0.200	0.015	0.132	0.226	0.262	0.234	0.125	0.184	0.196	0.025	0.038	0.040	0.183	0.093	0.153	0.165	0.157
24	-0.841	-0.593	-0.512	-0.811	-1.052	-0.630	-0.586	-0.580	-0.495	-0.622	-0.566	-0.723	-0.799	-0.820	-0.901	-0.757	-0.440	-0.632	-1.069	-0.752
25	-0.955	-0.715	-0.587	-0.964	-1.001	-0.651	-0.677	-0.622	-0.592	-0.731	-0.624	-0.706	-0.854	-0.906	-0.875	-0.788	-0.574	-0.754	-1.107	-1.316
26	-0.714	-0.456	-0.422	-0.844	-0.836	-0.462	-0.567	-0.369	-0.348	-0.563	-0.483	-0.531	-0.646	-0.644	-0.607	-0.365	-0.368	-0.513	-1.044	-1.166
27	-0.125	0.073	0.209	-0.173	-0.264	0.133	-0.004	0.285	0.179	0.010	-0.101	0.043	-0.194	-0.224	-0.133	-0.069	0.074	0.059	-0.700	-0.593
28	-0.376	-0.196	-0.022	-0.294	-0.412	-0.115	-0.043	0.214	-0.026	-0.232	-0.293	-0.081	-0.450	-0.382	-0.452	-0.299	-0.141	-0.118	-1.089	-0.851
29	-0.171	-0.100	0.143	-0.164	-0.262	0.080	0.084	0.407	0.197	-0.019	-0.052	0.059	-0.209	-0.044	-0.210	-0.156	0.134	0.040	-0.992	-0.791
35	-0.297	0.053	-0.326	-0.377	-0.931	-0.177	-0.179	-0.494	0.277	-0.411	0.025	-0.270	0.496	0.370	-0.019	-0.034	-0.578	0.480	-0.441	-0.700
36	-0.322	0.050	-0.388	-0.422	-0.895	-0.252	-0.229	-0.575	0.204	-0.509	-0.059	-0.332	0.396	0.229	-0.113	-0.037	-0.700	0.405	-0.468	-0.674
37	-1.006	-0.503	-0.996	-0.922	-0.855	-0.520	-0.259	-1.140	-0.521	-1.307	-0.775	-0.517	-0.444	-0.616	-0.937	-0.211	-1.481	-0.416	-0.568	-0.619
38	-0.547	0.068	-0.438	-0.435	-0.455	-0.072	0.444	-0.700	0.037	-0.857	-0.449	-0.078	-0.064	-0.081	-0.565	0.239	-1.049	0.016	-0.096	-0.026
39	-0.285	0.109	-0.248	-0.202	-0.219	0.017	0.524	-0.470	0.199	-0.664	-0.233	0.080	0.080	0.054	-0.387	0.435	-0.818	0.165	0.189	0.166
40	-0.441	-0.029	-0.291	0.026	-0.328	0.112	0.507	-0.756	0.215	-0.866	-0.299	-0.090	0.005	0.009	-0.489	0.369	-1.005	-0.052	0.314	0.259
41	0.152	0.233	0.322	0.452	0.307	0.596	1.139	-0.234	0.499	-0.308	0.255	0.434	0.372	0.356	0.176	1.005	-0.291	0.148	1.068	1.124
42	0.254	0.482	0.557	0.569	1.019	1.302	1.412	0.516	0.573	0.405	0.484	1.146	0.572	0.593	0.585	1.105	0.558	0.494	1.304	1.325
43	0.356	0.584	0.659	0.671	1.121	1.404	1.514	0.618	0.675	0.507	0.586	1.248	0.674	0.695	0.687	1.207	0.660	0.596	1.406	1.427
44	0.600	0.747	0.800	0.714	0.538	1.036	1.043	0.753	0.874	0.566	0.668	1.393	0.787	0.921	0.914	0.730	0.876	0.745	0.945	1.041
45	0.579	0.768	0.769	0.242	0.482	0.642	0.648	0.268	0.566	0.390	0.409	1.314	0.476	0.559	0.504	0.453	0.586	0.684	0.705	0.676
46	0.632	0.916	0.806	0.398	0.617	0.772	0.760	0.373	0.656	0.525	0.514	1.547	0.537	0.662	0.584	0.481	0.713	0.813	0.923	0.807
47	1.567	1.816	1.655	1.141	1.422	1.589	1.527	1.318	1.312	1.375	1.347	2.580	1.296	1.415	1.301	1.359	1.686	1.777	1.703	1.621
48	1.411	1.801	1.456	1.115	1.119	1.525	1.286	1.169	1.086	1.182	1.131	2.501	1.189	1.164	1.165	1.209	1.436	1.647	1.389	1.378
49	1.522	1.769	1.508	1.113	1.167	1.667	1.360	1.504	1.157	1.157	1.329	2.609	1.344	1.172	1.162	1.288	1.367	1.596	1.903	1.648
50	1.356	1.377	1.155	0.647	0.644	1.244	1.038	1.163	1.290	0.834	1.184	2.288	1.711	0.859	1.422	0.864	1.747	1.290	1.544	1.790
51	1.922	1.923	1.669	1.167	1.273	1.588	1.602	1.786	1.822	1.447	1.845	2.277	2.240	1.348	1.969	1.449	2.226	1.768	2.007	2.237
52	1.425	1.243	1.121	1.014	0.891	1.156	1.301	1.604	1.526	1.023	1.547	1.687	1.923	0.874	1.777	1.234	1.895	1.021	1.557	1.878
53	1.612	1.034	1.271	0.861	0.530	0.952	1.254	1.437	1.227	0.722	1.699	1.452	1.699	0.730	1.482	1.251	1.581	0.862	1.281	1.545
54	1.263	0.606	0.908	0.501	0.303	0.369	0.879	1.153	0.901	0.432	1.306	0.990	1.307	0.387	1.126	0.800	1.174	0.443	0.988	1.140
55	0.595	0.004	0.236	-0.138	-0.284	-0.355	0.366	0.523	0.299	-0.196	0.767	0.295	0.587	-0.118	1.002	0.067	1.130	-0.031	0.369	0.421
58	0.684	0.206	0.465	0.328	0.107	-0.517	0.479	0.364	-0.077	0.040	0.797	0.342	0.063	0.111	-0.224	0.293	0.400	0.048	0.260	-0.494
59	0.736	0.325	0.495	0.355	0.138	-0.265	0.569	0.449	0.105	0.097	0.957	0.480	0.165	0.343	-0.194	0.409	0.466	0.345	0.226	-0.352
60	0.880	0.825	0.809	0.823	0.802	0.232	0.934	0.958	0.728	0.739	1.109	0.940	0.766	0.852	0.440	0.801	1.038	0.844	0.501	0.255
61	0.818	0.312	0.276	0.247	0.189	-0.163	0.889	0.344	0.690	0.221	0.609	0.824	0.301	0.351	-0.015	0.317	0.510	0.321	-0.067	-0.227
62	1.797	1.220	1.256	1.155	1.203	0.788	1.748	1.282	1.662	1.202	1.516	1.719	1.309	1.256	0.388	1.326	0.957	1.082	0.793	0.813
63	1.095	0.556	0.487	0.516	0.433	0.367	0.943	0.581	1.047	0.534	0.794	0.996	0.722	0.662	-0.187	0.624	0.361	0.528	0.170	0.347
64	2.156	1.558	1.574	1.477	1.588	1.343	1.930	1.578	2.118	1.460	1.609	2.105	1.696	1.599	1.466	1.756	1.545	1.574	1.103	1.419
65	1.844	1.212	1.318	1.195	1.372	1.222	1.669	1.355	1.833	1.253	1.286	1.769	1.395	1.360	1.196	1.368	1.254	1.285	0.865	1.233
66	1.846	1.422	1.502	1.354	1.443	1.324	1.824	1.432	1.858	1.363	1.257	1.769	1.395	1.554	1.365	1.374	1.347	1.388	1.077	1.322
67	1.852	1.426	1.461	1.324	1.431	1.340	1.842	1.344	1.869	1.336	1.326	1.735	1.421	1.510	1.351	1.398	1.385	1.405	1.318	1.309
68	1.763	1.769	1.836	1.729	1.719	1.668	1.714	1.694	1.687	1.614	1.586	1.648	1.716	1.823	1.706	1.732	1.696	1.813	1.692	1.560
69	2.108	2.056	2.089	2.007	1.985	1.944	2.047	2.000	1.981	1.969	1.849	2.042	1.961	2.079	2.024	1.997	1.915	2.087	1.989	1.888
70	2.035	2.074	2.039	1.566	1.875	2.017	2.040	2.069	1.994	2.035	1.840	1.654	2.003	2.027	1.955	2.041	1.944	2.117	2.088	1.901
71	2.105	2.113	2.185	1.728	1.893	2.119	2.170	2.110	1.982	2.211	2.045	1.564	2.020	2.060	2.091	2.089	1.994	2.239	2.166	1.963
72	1.992	2.120	2.142	1.696	1.711	2.028	2.107	1.996	1.955	2.138	1.901	1.556	1.827	1.975	2.026	2.092	1.963	2.177	2.084	1.768
73	2.008	1.940	2.059	1.430	1.702	1.969	1.959	1.912	1.811	2.067	1.891	1.431	1.633	1.898	1.955	2.074	1.795	2.115	1.828	1.673
74	0.842	1.331	0.914	0.341	0.546	1.413	0.811	1.380	0.711	1.444	0.612	0.368	1.123	1.392	0.829	1.439	1.238	1.537	1.336	0.600
75	0.826	1.386	1.055	0.445	0.738	1.579	0.805	1.369	0.821	1.472	0.722	0.282	1.142	1.574	0.967	1.631	1.337	1.530	1.376	0.774
76	0.566	1.183	0.727	0.231	0.416	1.183	0.723	1.117	0.759	1.361	0.495	0.303	0.923	1.221	0.589	1.284	1.179	1.313	1.505	0.674
77	0.660	1.069	0.883	0.688	0.415	1.121	0.803	0.839	0.860	1.334	0.399	0.749	0.667	1.464	0.774	1.342	0.920	1.338	1.449	0.713
81	2.230	2.207	2.166	2.234	1.873	1.950	2.216	1.709	2.321	2.181	1.721	2.232	1.753	2.329	2.137	2.208	1.840	2.010	2.294	2.241
82	2.768	2.571	2.562	2.470	2.237	2.257	2.680	2.151	2.771	2.700	2.278	2.733	2.318	2.629	2.466	2.437	2.288	2.378	2.577	2.683
83	2.607	2.377	2.289	2.361	1.943	2.035	2.377	1.817	2.214	2.128	1.943	2.276	2.041	2.653	2.250	2.411	2.024	1.971	1.898	2.218
84	2.653	2.718	2.466	2.473	2.231	2.257	2.475	2.245	2.303	2.380	2.288	2.393	2.515	2.584	2.361	2.527	2.479	2.147	2.131	2.363
85	2.800	2.827	2.592	2.608	2.293	2.143	2.631	2.142	2.466	2.530	2.508	2.600	2.589	2.790	2.373	2.704	2.699	2.305	2.278	2.407
86	2.341	2.307	2.420	2.189	1.714	1.748	2.160	1.583	1.896	1.906	1.919	2.455	2.168	2.336	1.913	2.286	2.212	1.946	1.766	1.809
89	1.320	1.561	1.493	1.439	0.902	1.028	1.322	0.954	0.964	1.140	1.186	1.634	1.115	1.561	1.160	1.530	1.195	1.275	1.102	0.921
90	1.442	1.674	1.778	1.528	1.212	1.347	1.387	1.242	1.256	1.418	1.475	1.696	1.294	1.632	1.437	1.673	1.387	1.639	1.438	1.139
91	0.665	0.816	0.913	0.747	0.451	0.535	0.593	0.386	0.376	0.443	0.617	0.882	0.469	0.849	0.623	0.904	0.401	0.785	0.540	0.293
92	0.608	0.578	0.899	0.657	0.365	0.701	0.493	0.545	0.310	0.405	0.639	0.722	0.421	0.692	0.623	0.792	0.286	0.681	0.513	0.299
93	1.337	1.259	1.418	1.260	1.161	1.311	1.104	1.308	1.061	1.174	1.446	1.146	1.139	1.344	1.382	1.434	1.004	1.247	1.353	1.107
94	1.900	1.531	1.904	1.745	1.577	1.694	1.673	1.656	1.581	1.635	1.846	1.526	1.567	1.831	1.882	1.950	1.528	1.617	1.747	1.589
95	1.209	0.140	0.240	0.450	0.659	0.322	0.509	0.408	0.277	0.073	0.592	0.710	0.215	0.358	0.413	0.553	0.270	0.190	0.494	0.338
96	1.297	0.421	0.507	0.402	0.581	0.373	0.679	0.429	0.194	0.172	0.571	0.798	0.397	0.445	0.494	0.682	0.422	0.279	0.669	0.374
97	0.507	-0.305	-0.443	-0.454	-0.127	-0.231	-0.119	-0.347	-0.553	-0.919	-0.289	-0.066	-0.271	-0.352	-0.225	-0.154	-0.405	-0.400	-0.244	-0.321
98	1.466	0.634	0.015	0.483	0.781	0.725	0.841	0.571	0.453	0.083	0.653	0.904	0.640	0.633	0.669	0.715	0.656	0.556	0.697	0.644
#Reported_Model_Average	0.389	0.412	0.362	0.267	0.271	0.329	0.419	0.336	0.340	0.290	0.342	0.430	0.338	0.365	0.328	0.399	0.328	0.384	0.332	0.299
#Overall_Average_Reported	0.348
