#phipsi_gfactor
#Residue\Model	average
15	0.07
16	-0.45
17	-0.39
18	-0.36
19	-0.43
20	0.39
21	0.08
22	-0.73
27	-1.51
28	0.31
29	-0.85
30	0.10
31	-2.58
32	-0.16
33	-0.53
34	-0.57
35	-0.35
36	0.11
37	0.03
38	-0.24
39	-0.21
40	1.01
41	0.82
42	1.18
43	1.11
44	1.19
45	1.10
46	1.17
47	1.12
48	0.56
49	0.99
50	1.11
51	-0.32
52	-0.09
53	-0.96
54	-0.23
55	0.48
56	0.38
57	-1.08
58	-0.50
59	-0.29
60	0.40
61	-0.45
62	-0.16
63	0.07
64	-2.02
65	-1.71
66	-0.18
67	0.32
68	0.10
69	0.23
70	-2.38
71	0.49
72	-2.25
73	-0.49
74	-0.11
75	0.77
76	-0.17
77	-0.60
78	-0.82
79	1.13
80	-0.40
81	1.18
82	-0.96
83	-2.58
85	-0.34
86	-0.68
87	0.80
88	-0.53
89	-0.38
90	-0.03
91	-0.54
92	0.11
93	-0.06
94	-0.30
#Reported_Model_Average	-0.161
#Overall_Average_Reported	-0.161
