#alldih_gfactor
#Residue\Model	average
15	0.01
16	-0.21
17	0.11
18	-0.22
19	0.19
20	0.50
21	-0.02
22	-0.59
27	-1.51
28	0.51
29	-0.85
30	0.37
31	-0.83
32	-0.58
33	0.04
34	0.17
35	-0.35
36	0.42
37	0.28
38	0.27
39	-0.20
40	0.88
41	0.82
42	0.84
43	0.79
44	1.13
45	0.64
46	1.18
47	1.01
48	0.58
49	0.81
50	0.44
51	-0.13
52	-0.09
53	-0.96
54	-0.02
55	0.48
56	0.38
57	-0.62
58	-0.32
59	0.42
60	0.45
61	0.33
62	0.10
63	-0.10
64	-0.69
65	-1.71
66	0.07
67	0.38
68	0.14
69	0.27
70	-1.36
71	0.42
72	-0.58
73	-0.13
74	0.16
75	0.71
76	0.16
77	-0.60
78	0.19
79	0.67
80	-0.40
81	0.36
82	-0.07
83	-2.58
85	-0.15
86	-0.39
87	0.80
88	0.17
89	0.18
90	0.38
91	0.22
92	0.27
93	0.15
94	0.01
#Reported_Model_Average	0.048
#Overall_Average_Reported	0.048
