#prosaII
#Residue\Model	1	2	3	4	5	6	7	8	9	10	11	12	13	14	15	16	17	18	19	20
15	0.888	0.912	0.909	0.659	1.535	1.106	0.925	0.790	0.805	0.824	1.078	1.076	0.364	0.495	0.665	0.905	1.224	1.113	-0.049	0.346
16	0.717	0.676	1.003	0.398	1.264	0.833	0.597	0.533	0.486	0.699	1.375	0.887	0.077	0.533	0.479	0.786	1.143	1.051	0.150	0.267
17	1.163	0.912	1.215	0.708	1.668	1.159	0.913	0.873	0.787	1.139	1.656	1.151	0.354	0.832	0.739	1.035	1.638	1.122	0.538	0.611
18	1.085	0.989	1.268	0.679	1.849	1.076	1.290	1.152	0.719	1.086	1.581	1.083	0.353	1.065	0.658	1.034	1.715	0.925	0.571	0.519
19	1.813	1.249	1.728	1.732	2.200	1.655	1.560	1.489	1.395	1.351	2.197	1.516	1.216	1.336	1.219	2.042	1.911	1.894	1.310	1.559
20	1.625	1.657	2.262	2.146	2.057	1.997	1.511	1.848	1.915	1.733	2.161	2.090	1.564	1.851	1.670	1.832	1.745	1.913	1.777	1.986
21	1.325	1.210	1.964	1.797	1.834	1.740	1.172	1.522	1.330	1.620	1.914	1.873	1.339	1.692	1.198	1.421	1.259	1.415	1.247	1.856
22	1.077	0.910	1.763	1.648	1.603	1.477	1.081	1.295	0.960	1.429	1.769	1.680	1.075	1.535	1.120	1.261	0.993	1.301	0.984	1.711
27	-1.266	-1.542	-0.940	-1.049	-0.996	-1.170	-1.271	-1.233	-1.814	-1.098	-0.836	-1.132	-1.507	-0.937	-1.303	-1.403	-1.278	-1.937	-1.332	-1.031
28	-0.930	-1.142	-0.757	-0.700	-0.834	-0.834	-0.915	-0.940	-1.359	-0.995	-0.584	-1.046	-1.202	-0.789	-0.889	-1.105	-0.914	-1.552	-0.972	-0.832
29	-1.387	-1.567	-0.823	-1.298	-1.266	-1.290	-1.401	-0.977	-1.779	-1.521	-1.034	-1.767	-1.702	-1.404	-1.525	-1.660	-1.296	-2.071	-1.411	-1.377
30	-1.522	-1.731	-0.934	-1.510	-1.259	-1.491	-1.472	-1.110	-1.922	-1.680	-1.133	-1.862	-1.940	-1.636	-1.552	-1.706	-1.393	-2.064	-1.494	-1.588
31	-0.608	-0.843	0.046	-0.658	-0.494	-0.474	-0.716	-0.430	-0.891	-0.865	-0.317	-1.097	-1.067	-0.720	-0.788	-0.948	-0.501	-1.161	-0.776	-0.520
32	-0.738	-0.985	-0.153	-0.839	-0.629	-0.504	-0.878	-0.508	-0.940	-1.012	-0.457	-1.185	-1.102	-0.823	-0.864	-1.163	-0.590	-0.738	-0.866	-0.662
33	-0.130	-0.575	0.481	-0.138	0.137	0.065	-0.707	0.272	-0.479	-0.178	0.049	-0.703	-0.508	-0.227	-0.108	-0.566	-0.512	-0.120	-0.183	-0.007
34	1.214	0.471	1.783	1.167	1.289	1.340	0.461	1.566	0.676	0.901	1.329	0.581	0.632	0.945	1.060	0.567	0.850	1.289	0.956	1.371
35	1.241	0.461	1.771	1.094	1.292	1.273	0.504	0.858	0.763	0.716	1.378	0.509	0.492	1.091	1.133	-0.023	0.896	1.232	1.056	1.216
36	1.950	1.266	1.972	1.793	1.950	2.001	1.198	1.090	1.606	1.446	2.025	1.457	1.338	1.883	1.888	0.763	1.538	1.966	1.791	1.961
37	1.865	1.238	1.961	1.819	1.767	1.943	0.925	0.984	1.418	1.342	1.837	1.449	1.421	1.829	1.713	0.570	1.498	1.814	1.668	1.899
38	1.094	0.507	1.115	1.040	1.025	1.132	0.170	0.312	0.772	0.543	1.057	0.779	0.708	1.121	0.949	-0.090	0.640	1.033	0.957	1.031
39	2.248	1.701	2.264	2.223	2.241	2.096	1.423	1.533	2.093	1.717	2.125	1.959	1.799	2.394	2.140	1.326	1.745	2.131	2.212	2.109
40	3.237	2.596	3.203	2.941	3.086	2.860	2.834	2.497	3.135	2.400	2.826	2.792	2.634	3.434	2.995	2.311	3.127	2.813	3.062	2.814
41	3.100	2.720	3.117	2.892	3.162	2.753	2.820	2.383	3.257	2.553	2.684	2.664	2.716	3.447	3.015	2.445	2.964	2.718	3.158	2.675
42	2.903	2.586	2.917	2.825	3.067	2.550	2.592	2.843	3.012	2.457	2.454	2.578	2.545	3.068	2.729	2.887	2.796	2.557	2.945	2.595
43	3.190	2.786	3.161	3.133	3.317	2.807	2.830	3.062	3.199	2.277	2.750	2.762	2.792	3.300	2.998	3.072	3.111	2.774	3.167	2.842
44	3.805	3.617	3.817	3.812	4.061	3.383	3.580	3.669	4.131	3.090	3.359	3.481	3.287	4.076	3.607	3.791	3.833	3.387	4.014	3.619
45	4.337	4.231	4.484	4.417	4.743	3.993	4.260	4.329	4.656	3.731	3.931	4.122	3.936	4.660	4.322	4.350	4.469	3.998	4.593	4.235
46	2.449	2.967	2.688	2.571	3.447	2.799	2.973	3.060	3.233	2.515	2.182	2.290	2.149	3.259	2.451	2.923	3.171	2.249	3.179	2.448
47	0.795	1.670	1.073	1.200	2.523	1.488	1.440	1.629	1.650	1.228	0.920	0.955	0.730	1.661	0.871	1.452	1.674	0.906	1.661	1.140
48	0.383	1.281	0.673	0.745	2.132	1.168	1.151	1.272	1.237	0.837	0.529	0.550	0.370	1.215	0.533	1.056	1.287	0.449	1.318	0.659
49	0.596	1.521	0.893	0.876	2.255	1.419	1.339	1.527	1.453	1.118	0.765	0.327	0.636	1.453	0.772	1.294	1.478	0.692	1.538	0.867
50	-0.156	0.758	0.157	0.084	1.494	0.638	0.642	0.823	0.722	0.813	-0.009	-0.410	-0.117	0.701	0.012	0.625	0.694	-0.028	0.802	0.108
51	-2.357	-1.661	-2.252	-2.170	0.261	-0.377	-0.451	-0.164	-1.728	-0.472	-2.171	-2.763	-2.298	-1.736	-2.164	-0.497	-1.779	-2.226	-1.583	-2.265
52	-3.050	-2.540	-3.021	-2.947	-0.457	-1.171	-1.244	-1.069	-2.502	-1.197	-2.952	-3.615	-3.068	-2.558	-3.023	-1.307	-2.584	-3.034	-2.405	-3.017
53	-1.592	-1.618	-1.592	-1.470	0.425	-0.273	-0.356	-0.173	-1.637	-0.300	-1.547	-2.151	-1.633	-1.645	-1.549	-0.380	-1.640	-1.576	-1.469	-1.575
54	-1.318	-1.433	-1.332	-1.225	-0.087	-0.083	-0.122	-0.103	-1.264	-0.178	-1.381	-1.814	-1.325	-1.470	-1.325	-0.182	-1.486	-1.343	-1.248	-1.268
55	-1.019	-1.106	-1.153	-0.899	0.088	0.247	0.122	0.249	-1.043	-0.034	-1.066	-1.507	-1.084	-1.147	-1.065	0.190	-1.147	-1.025	-0.984	-1.007
56	-1.054	-1.123	-1.675	-1.431	0.042	0.266	0.116	0.218	-1.541	-0.047	-1.077	-1.100	-1.100	-1.202	-1.038	0.148	-1.162	-1.484	-1.046	-1.031
57	-0.190	-0.312	-0.777	-0.630	0.878	1.139	0.926	1.130	-0.745	0.726	-0.220	-0.211	-0.223	-0.308	-0.214	1.001	-0.354	-0.629	-0.213	-0.188
58	0.916	1.133	0.445	0.290	0.848	1.056	0.891	0.886	0.348	1.068	1.233	1.144	0.922	0.902	0.959	1.008	1.086	0.427	0.895	1.274
59	1.599	1.899	1.151	1.015	1.466	1.791	1.606	1.681	1.121	1.757	2.078	1.932	1.639	1.602	1.592	1.854	1.978	1.162	1.677	1.967
60	1.020	1.356	0.560	0.460	0.905	1.247	0.982	1.113	0.611	1.190	1.500	1.308	1.058	0.970	0.966	1.284	1.311	0.571	1.093	1.449
61	1.360	1.723	0.940	0.815	1.370	1.554	1.330	1.467	0.985	1.630	1.914	1.624	1.433	1.349	1.268	1.592	1.741	0.986	1.382	1.767
62	1.631	1.970	1.325	1.070	1.725	1.754	1.633	1.662	1.307	2.014	2.201	1.927	1.744	1.673	1.556	1.720	2.005	1.243	1.607	2.148
63	1.823	2.141	1.958	1.764	1.910	1.832	1.775	1.840	1.974	2.161	2.349	2.119	1.912	1.835	1.649	1.890	2.174	1.849	1.806	2.323
64	1.034	1.407	1.148	1.051	1.165	1.038	1.039	0.988	1.238	1.465	1.587	1.210	1.113	0.932	0.829	1.100	1.446	1.060	1.039	1.556
65	0.073	0.141	0.179	0.132	0.183	0.068	0.143	0.171	1.463	0.174	0.267	1.214	1.277	0.014	-0.063	0.050	0.249	1.318	0.107	0.242
66	-0.631	-0.603	-0.514	-0.554	-0.486	-0.643	-0.642	-0.618	0.728	-0.554	-0.429	0.520	0.574	-0.637	-0.711	-0.691	-0.547	0.613	-0.683	-0.477
67	-0.220	-0.159	-0.135	-0.110	-0.006	-0.255	-0.130	-0.151	1.111	-0.102	0.021	1.116	1.045	-0.123	-0.201	-0.181	-0.067	1.082	-0.210	-0.095
68	0.045	0.044	0.112	0.114	0.035	0.077	0.118	0.105	1.268	0.123	0.236	1.350	1.427	0.133	0.120	-0.030	0.079	1.298	-0.053	0.148
69	-0.074	-0.051	-0.024	-0.059	-0.114	-0.025	-0.015	-0.008	1.188	0.019	0.132	1.225	1.280	-0.022	-0.016	-0.148	-0.074	1.176	-0.148	0.037
70	-0.020	-0.081	0.062	-0.034	-0.073	0.150	0.026	0.031	1.266	0.085	0.220	1.279	1.498	0.145	0.112	-0.063	-0.020	1.287	-0.149	0.217
71	0.687	0.629	0.753	0.662	0.600	0.828	0.652	0.724	2.039	0.758	0.912	2.079	2.194	0.955	0.871	0.679	0.701	2.015	0.561	0.940
72	2.140	2.081	2.102	2.150	2.088	2.276	2.068	2.088	2.349	2.151	2.373	2.359	2.512	2.271	2.194	2.235	2.137	2.245	1.950	2.392
73	3.082	3.017	2.923	2.966	2.901	3.281	3.009	3.096	3.140	3.049	3.212	3.317	3.398	3.234	3.225	3.189	2.946	3.227	2.768	3.340
74	2.911	2.803	2.842	2.792	2.651	3.137	2.800	2.867	2.967	2.758	2.998	3.068	3.194	3.011	2.999	2.897	2.793	3.086	2.504	3.182
75	2.580	2.518	2.447	2.503	2.477	2.793	2.469	2.592	2.655	2.476	2.695	2.779	2.652	2.743	2.633	2.728	2.495	2.864	2.371	2.832
76	2.597	2.501	2.431	2.564	2.505	2.825	2.538	2.506	2.555	2.479	2.705	2.715	2.639	2.856	2.732	2.826	2.529	2.949	2.414	2.865
77	1.936	1.924	1.782	1.925	1.874	2.102	1.908	1.869	1.856	1.826	2.027	2.059	1.817	2.130	2.033	2.161	1.870	2.238	1.825	2.081
78	0.931	0.854	0.737	0.870	0.839	1.001	0.920	0.806	0.744	0.819	0.939	1.067	0.756	1.070	1.026	1.123	0.728	1.217	0.750	0.949
79	1.254	1.053	1.068	1.183	1.169	1.301	1.279	1.097	1.071	1.162	1.205	1.266	1.103	1.443	1.356	1.325	0.999	1.555	1.083	1.168
80	0.559	0.418	0.506	0.624	0.601	0.544	0.618	0.405	0.533	0.466	0.623	0.522	0.312	0.775	0.678	0.580	0.567	0.898	0.551	0.539
81	0.780	0.600	0.614	0.801	0.725	0.783	0.776	0.660	0.744	0.783	0.758	0.637	0.444	0.997	0.788	0.709	0.735	1.059	0.791	0.786
82	0.896	0.552	0.661	0.916	0.898	0.798	0.792	0.648	0.909	0.888	0.840	0.762	0.673	1.084	0.932	0.775	0.708	1.119	0.674	0.845
83	0.849	0.430	0.639	0.858	0.890	0.852	0.662	0.656	0.909	0.807	0.694	0.801	0.637	0.905	0.789	0.605	0.537	0.944	0.436	0.963
85	1.979	1.584	1.333	2.003	2.091	2.079	1.853	1.898	2.060	1.995	1.863	1.917	1.839	2.072	1.873	1.756	1.306	1.953	1.655	1.699
86	1.531	1.208	0.801	1.511	1.597	1.655	1.299	1.516	1.545	1.575	1.443	1.469	1.357	1.571	1.378	1.314	0.881	1.522	1.123	1.348
87	2.182	1.824	1.433	2.180	2.215	2.323	2.027	2.168	2.205	2.205	2.052	2.093	2.152	2.167	1.960	1.931	1.468	2.052	1.765	1.898
88	2.055	1.704	1.377	1.904	2.147	2.155	1.964	1.990	2.098	1.930	1.969	1.897	2.061	2.052	1.971	1.884	1.465	1.938	1.661	1.715
89	1.920	1.644	1.688	1.653	2.211	2.343	2.126	1.906	2.209	2.023	2.044	1.952	2.157	2.124	1.965	1.681	1.733	1.950	1.716	2.027
90	1.287	1.081	1.049	0.922	1.545	1.537	1.444	1.271	1.590	1.392	1.432	1.256	1.586	1.513	1.292	1.094	1.228	1.365	1.218	1.192
91	1.008	0.917	1.305	0.788	1.270	1.407	1.279	1.074	1.347	1.157	1.236	1.078	1.308	1.285	1.116	0.802	1.429	1.165	1.096	1.463
92	0.969	0.896	1.347	0.767	1.229	1.435	1.286	1.028	1.406	1.080	1.302	1.071	1.283	1.307	1.069	0.724	1.367	1.275	1.056	1.543
#Reported_Model_Average	0.476	0.437	0.489	0.452	0.658	0.602	0.509	0.549	0.529	0.517	0.546	0.496	0.463	0.538	0.455	0.496	0.498	0.510	0.459	0.510
#Overall_Average_Reported	0.509
