#phipsi_gfactor
#Residue\Model	average
3	-2.54
4	-2.11
5	-0.92
6	-3.07
7	-1.36
8	-2.77
9	-2.44
10	-1.51
11	0.73
12	0.03
13	0.33
14	-0.98
15	0.96
16	-0.45
17	-1.03
18	0.04
19	-0.58
20	-1.89
21	-0.55
22	-0.17
23	0.61
24	-1.07
25	0.04
26	-0.16
27	-2.30
28	-2.24
29	0.46
30	0.50
31	-0.03
32	-0.87
33	1.07
34	-0.49
35	-0.27
36	-0.94
37	-0.19
38	-1.33
39	-1.85
40	-1.21
41	-0.41
42	-0.19
43	-2.37
44	0.06
45	0.14
46	-0.67
47	-0.07
48	-0.71
49	0.26
50	-1.01
51	0.49
52	-0.52
53	-0.84
54	0.32
55	0.03
56	1.06
57	-0.26
58	-0.16
59	0.39
60	0.11
61	0.25
62	-0.76
63	0.29
64	0.28
65	-0.39
66	0.04
67	0.11
68	-0.43
69	-0.92
#Reported_Model_Average	-0.544
#Overall_Average_Reported	-0.544
