#alldih_gfactor
#Residue\Model	average
3	-2.54
4	-2.17
5	-0.92
6	-2.11
7	-1.36
8	-1.47
9	-1.19
10	-0.93
11	0.17
12	-0.42
13	0.33
14	-0.07
15	0.96
16	-0.23
17	-1.03
18	-0.17
19	0.12
20	-0.63
21	-0.44
22	-0.25
23	0.62
24	-1.07
25	-0.14
26	0.25
27	-2.30
28	-1.06
29	0.46
30	-0.79
31	0.29
32	-0.05
33	1.07
34	0.26
35	0.42
36	-0.94
37	0.06
38	-0.27
39	-0.99
40	-0.41
41	-0.07
42	0.29
43	-1.30
44	-0.08
45	0.14
46	-0.52
47	0.12
48	-0.61
49	0.54
50	-1.01
51	0.61
52	-0.37
53	-1.40
54	0.00
55	0.21
56	1.06
57	-0.57
58	0.36
59	0.06
60	0.00
61	0.53
62	0.16
63	0.37
64	-0.55
65	0.36
66	0.45
67	0.06
68	-0.43
69	-0.09
#Reported_Model_Average	-0.308
#Overall_Average_Reported	-0.308
