#verify3d
#Residue\Model	1	2	3	4	5
3	1.10	1.10	1.10	1.10	1.10
4	0.23	0.23	0.23	0.23	0.23
5	0.25	0.25	0.25	0.25	0.25
6	-1.14	-1.14	-1.14	-1.14	-1.14
7	0.25	0.44	0.44	0.44	0.25
8	0.47	0.47	0.47	-0.10	0.47
9	-1.04	-1.04	-1.04	-1.04	-1.04
10	1.12	1.12	1.12	1.12	1.12
11	0.34	0.34	0.34	0.17	0.34
12	1.25	1.25	1.25	1.25	1.25
13	0.44	0.44	0.44	0.44	0.44
14	-0.74	-0.74	-0.74	-0.74	-0.74
15	1.10	1.10	1.10	1.10	1.10
16	0.29	0.29	0.29	0.29	-0.68
17	0.14	0.14	0.14	0.14	0.14
18	0.16	0.16	0.16	0.16	0.16
19	0.41	0.41	0.41	0.41	0.41
20	0.26	0.26	0.26	0.26	0.26
21	0.51	0.51	0.51	0.51	0.51
22	0.41	0.41	0.41	0.41	0.51
23	0.51	0.51	0.51	0.51	0.41
24	-0.25	-0.25	-0.25	-0.25	-0.25
25	0.24	0.24	0.24	0.24	0.24
26	-0.43	-0.43	-0.43	-0.43	-1.04
27	1.10	1.10	1.10	1.10	1.10
28	-0.35	-0.35	-0.35	-0.35	-0.35
29	0.44	0.44	0.25	0.44	0.44
30	-0.41	-0.41	0.20	-0.41	-0.41
31	1.04	1.04	1.04	1.04	1.04
32	-0.74	-0.74	-0.74	-0.74	-0.40
33	1.10	1.10	1.10	1.10	1.10
34	0.71	0.24	0.71	0.24	0.71
35	0.55	0.55	0.55	0.55	0.55
36	1.75	1.75	1.75	1.75	1.75
37	0.55	0.55	0.55	0.55	0.55
38	0.26	0.26	0.26	0.26	0.26
39	-0.35	-0.35	-0.35	-0.35	0.26
40	0.41	0.41	0.41	0.41	0.41
41	0.80	0.80	0.80	0.80	0.80
42	0.29	0.29	0.29	0.29	-0.68
43	0.20	0.20	0.20	0.20	0.20
44	0.17	0.17	0.34	0.17	0.17
45	0.14	0.14	0.14	0.14	0.14
46	0.08	0.08	0.08	0.08	0.08
47	-0.43	-0.43	-0.43	-0.43	-0.43
48	0.51	0.51	0.51	0.51	0.51
49	1.09	1.09	1.09	1.09	1.09
50	-0.52	-0.52	-0.52	-0.52	-0.52
51	0.16	0.16	0.16	0.16	0.16
52	0.49	0.49	0.49	0.49	0.49
53	-0.03	-0.76	-0.76	-0.03	-0.76
54	0.04	0.04	0.04	0.04	0.04
55	0.08	0.08	0.08	0.08	0.08
56	1.10	1.10	1.10	1.10	1.10
57	0.23	0.23	0.23	0.23	0.23
58	-0.35	-0.35	-0.35	-0.35	-0.35
59	0.79	0.79	0.79	0.79	0.79
60	-0.30	-0.30	-0.30	-0.30	-0.30
61	0.37	0.37	0.37	0.37	0.37
62	0.47	0.47	0.47	0.47	0.47
63	0.28	0.28	0.28	0.28	0.28
64	0.20	0.20	0.20	0.20	0.20
65	-0.46	-0.46	-0.46	-0.46	-0.46
66	0.14	0.14	0.14	0.14	0.14
67	0.79	0.79	0.79	0.79	0.79
68	-1.01	-1.01	-0.01	-1.01	-1.01
69	-0.68	0.29	-0.68	-0.68	-0.68
#Reported_Model_Average	0.247	0.247	0.263	0.232	0.213
#Overall_Average_Reported	0.240
