#alldih_gfactor
#Residue\Model	average
2	0.83
3	0.87
4	0.95
5	0.41
6	0.90
7	0.86
8	1.24
9	1.01
10	0.73
11	1.06
12	0.96
13	0.59
14	0.27
15	0.80
16	0.34
17	-0.33
18	0.29
19	-0.26
20	0.55
21	0.44
22	0.66
23	0.91
24	0.99
25	0.20
26	0.72
27	0.96
28	0.92
29	0.57
30	0.70
31	1.05
32	0.92
33	0.96
34	0.99
35	-0.27
36	-0.21
37	-0.44
38	0.21
39	0.37
40	0.40
41	-0.29
42	-0.21
43	0.24
44	-0.75
45	-0.12
46	0.55
47	0.67
48	0.46
49	0.43
50	0.51
51	0.96
52	0.74
53	0.93
54	1.12
55	0.70
56	0.04
57	0.33
58	-0.17
59	0.26
60	0.52
61	0.12
62	0.36
63	0.20
64	0.37
65	0.80
66	1.07
67	0.56
68	0.57
69	0.72
70	0.85
71	0.41
72	0.33
73	0.89
74	0.95
75	0.92
76	0.45
77	0.97
78	0.90
79	0.80
80	0.61
81	0.92
82	-0.84
83	-0.53
84	0.72
85	-0.29
86	0.47
87	-0.54
88	-0.75
89	-0.02
90	0.54
91	-1.09
92	0.88
93	-1.38
94	-0.86
95	0.05
96	-0.97
97	-1.10
98	-0.46
99	-0.45
104	-2.10
105	-0.83
106	-1.14
#Reported_Model_Average	0.328
#Overall_Average_Reported	0.328
