#phipsi_gfactor
#Residue\Model	average
2	1.05
3	0.95
4	0.96
5	1.05
6	0.90
7	1.14
8	1.26
9	1.09
10	1.13
11	1.13
12	1.04
13	0.87
14	0.27
15	0.43
16	-0.27
17	0.00
18	-0.68
19	-0.64
20	1.11
21	0.63
22	0.91
23	0.96
24	0.99
25	0.55
26	0.72
27	1.02
28	0.92
29	0.37
30	1.01
31	1.32
32	0.92
33	1.01
34	0.95
35	0.42
36	-0.75
37	-1.05
38	-0.04
39	-0.36
40	0.40
41	0.06
42	0.45
43	-0.10
44	-2.15
45	-1.49
46	0.28
47	1.34
48	1.32
49	0.96
50	0.89
51	1.03
52	1.22
53	1.05
54	1.32
55	0.92
56	0.33
57	0.75
58	-0.17
59	-0.66
60	0.20
61	0.11
62	0.28
63	1.39
64	0.79
65	0.81
66	1.17
67	1.07
68	0.46
69	0.99
70	0.85
71	0.88
72	1.16
73	1.35
74	1.12
75	1.01
76	1.20
77	1.08
78	1.15
79	0.80
80	0.62
81	1.32
82	-1.48
83	-1.96
84	0.56
85	-0.15
86	-0.23
87	-0.54
88	-0.77
89	-0.02
90	0.64
91	-2.04
92	0.88
93	-1.73
94	-2.76
95	-0.62
96	-0.97
97	-3.43
98	-0.94
99	-2.09
104	-2.97
105	-2.49
106	-1.39
#Reported_Model_Average	0.261
#Overall_Average_Reported	0.261
