#verify3d
#Residue\Model	1	2	3	4	5
2	0.71	0.71	0.71	0.71	0.71
3	0.66	0.66	0.66	0.66	0.66
4	0.29	0.29	0.62	0.29	0.29
5	-0.29	-0.29	-0.29	-0.29	-0.29
6	-0.02	-0.02	-0.02	-0.02	-0.02
7	0.29	0.29	0.29	0.29	0.29
8	0.29	0.29	0.29	0.29	0.29
9	0.86	0.86	0.86	0.86	0.86
10	0.16	0.16	0.16	0.16	0.16
11	0.66	0.07	0.66	0.66	0.66
12	0.62	0.62	0.62	0.62	0.62
13	0.50	0.50	0.50	0.50	0.50
14	-0.02	-0.02	-0.02	-0.02	-0.02
15	0.32	0.32	0.32	0.32	0.32
16	0.44	0.44	0.44	0.44	0.29
17	-0.74	-0.74	-0.74	-0.40	-0.74
18	-0.10	-0.10	-0.10	-0.10	-0.10
19	-1.25	-1.25	-1.25	-1.25	-1.25
20	0.16	0.16	0.16	0.16	0.16
21	-0.38	-0.38	0.16	0.16	0.16
22	-0.29	-0.29	-0.29	-0.29	-0.29
23	0.56	0.56	0.56	0.56	0.56
24	0.44	0.44	0.44	0.44	0.44
25	1.10	1.10	1.10	1.10	1.10
26	0.62	0.62	0.62	0.62	0.62
27	0.66	0.66	0.07	0.66	0.07
28	-0.02	-0.02	-0.02	-0.02	-0.02
29	-0.02	-0.02	-0.02	-0.02	-0.02
30	0.62	0.62	0.62	0.62	0.62
31	0.17	0.61	0.61	0.61	0.61
32	-0.02	-0.02	-0.02	-0.02	-0.02
33	-0.02	-0.02	-0.02	-0.02	-0.02
34	0.62	0.62	0.62	0.62	0.62
35	0.56	0.56	0.56	0.56	0.56
36	-0.22	-0.22	-0.22	-0.22	-0.22
37	0.51	0.51	0.51	0.51	0.51
38	0.08	0.08	0.08	0.08	0.08
39	0.47	0.47	0.47	0.47	0.47
40	0.44	0.44	0.44	0.44	0.44
41	-0.54	-0.54	-0.54	-0.54	-0.54
42	0.25	0.25	0.25	-0.03	0.25
43	0.08	0.08	0.08	0.08	0.08
44	-0.54	-0.54	-0.54	-0.54	-0.54
45	-0.10	-0.10	0.47	-0.10	0.47
46	0.66	0.66	0.66	0.66	0.66
47	0.17	0.17	0.17	0.17	-0.06
48	0.29	0.29	0.29	0.29	0.29
49	0.50	0.50	0.50	0.50	0.50
50	0.62	0.62	0.62	0.62	0.62
51	0.56	0.56	-0.20	0.56	0.56
52	-0.22	-0.22	-0.22	-0.22	-0.22
53	-0.29	-0.29	-0.62	-0.29	-0.29
54	0.29	0.29	0.29	0.29	0.29
55	0.29	0.29	0.29	0.29	0.29
56	-0.02	-0.02	-0.02	-0.02	-0.02
57	-0.38	-0.38	0.16	-0.38	-0.38
58	0.44	0.44	0.44	0.44	0.44
59	0.62	0.62	0.62	0.62	0.62
60	1.25	1.25	1.25	1.25	1.25
61	0.34	0.34	0.34	0.34	0.34
62	0.66	0.56	0.66	0.56	0.66
63	-0.02	0.32	0.32	0.32	0.32
64	-0.55	0.50	0.50	0.50	0.50
65	-0.29	-0.29	-0.29	-0.29	-0.29
66	0.29	0.29	0.29	0.29	0.29
67	0.16	-0.38	0.16	0.16	0.16
68	-0.02	-0.02	-0.02	-0.02	-0.02
69	-0.29	-0.29	-0.29	-0.29	-0.62
70	0.44	0.44	0.44	0.44	0.44
71	-0.38	-0.38	-0.38	-0.38	-0.38
72	-0.13	-0.13	-0.13	-0.13	-0.13
73	-0.02	-0.02	-0.02	-0.02	-0.02
74	0.87	0.87	-0.27	0.87	0.87
75	-0.02	-0.02	-0.02	-0.02	-0.02
76	-0.22	-0.22	-0.22	-0.22	-0.22
77	0.66	0.66	0.66	0.07	0.66
78	0.50	0.50	0.50	0.50	0.50
79	-0.02	-0.02	-0.02	-0.02	-0.02
80	-0.55	-0.55	-0.55	-0.55	-0.55
81	0.44	0.29	0.44	0.44	0.44
82	0.08	0.08	0.08	0.08	0.08
83	-0.41	-0.41	-0.41	-0.41	-0.41
84	-0.68	-0.68	-0.68	-0.68	-0.68
85	-0.54	-0.54	-0.54	-0.54	-0.54
86	-0.10	-0.10	-0.10	-0.10	-0.10
87	0.14	0.14	0.14	0.14	0.14
88	0.23	0.23	0.23	0.23	0.23
89	-0.11	-0.11	-0.11	-0.11	0.44
90	0.17	0.17	0.17	0.17	0.17
91	0.28	0.04	0.04	0.28	0.04
92	1.10	1.10	1.10	1.10	1.10
93	-0.54	-0.54	-0.54	-0.54	-0.54
94	-0.10	-0.10	-0.10	-0.10	-0.10
95	0.24	0.24	0.71	0.71	-0.41
96	0.44	0.44	0.25	0.25	0.44
97	-0.10	-0.10	-0.10	-0.10	-0.10
98	0.47	-0.10	-0.10	0.47	-0.10
99	-0.10	-0.10	-0.10	-0.10	-0.10
104	-0.68	-1.14	-0.68	-1.14	-0.68
105	0.04	0.04	0.04	0.04	0.04
106	0.20	0.20	-0.41	0.20	0.20
#Reported_Model_Average	0.151	0.143	0.149	0.166	0.158
#Overall_Average_Reported	0.153
