   119.689      6.791      7.060     55435540 
   129.849      6.793      7.206     10047496 
   137.686      0.843      7.142      4398976 
   137.740      5.249      7.141      8492609 
   137.189      0.911      7.848      7782622 
   137.221      4.125      7.848      6935898 
   137.285      2.479      7.847      2844544 
   137.741      8.218      7.145      4159534 
   119.301      3.767      7.002      2541010 
   130.658      8.714      6.765      4677486 
   130.755      0.819      6.769      3856322 
   131.891      2.783      6.997     14282774 
   131.961      8.645      7.215      5488182 
   132.011      4.851      7.218      5772984 
   132.090      2.788      7.320      3763385 
   133.664      4.039      7.149     15988833 
   133.714      1.740      7.148     11479703 
   131.746      2.374      7.213      8591431 
   132.170      8.133      7.007      3731414 
   131.989      5.289      6.994      3907444 
   131.751      7.306      6.995     47925936 
   131.804      0.976      6.989      4153056 
   131.707      1.309      6.998      3319388 
   132.005      6.985      7.314     57599756 
   131.822      1.339      7.317      6045354 
   129.670      6.999      7.306      7765161 
   130.017      1.340      7.306      4477920 
   119.402      3.083      6.999      5813348 
   119.249      3.253      7.000      8529538 
   137.727      4.371      7.142     18895480 
   137.726      3.746      7.146      5150850 
   131.882      2.854      7.213     11707828 
   131.973      3.017      7.213      8390568 
   131.645      0.771      7.213      6110760 
   129.761      1.587      7.205      8233873 
   129.537      0.195      7.209      4165466 
   129.823      0.753      7.204      8059176 
   130.698      4.683      6.767      9552395 
   130.681     10.010      6.772     11676761 
   130.644      5.202      6.772     10537500 
   130.696      2.797      6.765     17899502 
   130.670      2.890      6.769     23736190 
   130.994      7.216      6.770     43247740 
   130.720      3.407      6.780      4967277 
   130.712      9.606      6.764      4070485 
   130.738      2.387      6.771     10931198 
   130.697      3.221      6.767      9357018 
   131.766      2.035      7.217     11144024 
   131.746      2.474      7.216     13253468 
   131.768      6.758      7.217     25734180 
   131.759      3.218      7.215     11091623 
   129.410      7.086      7.085    193086496 
   129.438      6.770      7.090      8687854 
   129.371      1.990      7.090      5142154 
   129.342      2.392      7.090      3997984 
   132.957      7.895      6.102      6716540 
   132.895      4.002      6.101     18182510 
   132.893      2.752      6.102     33234824 
   132.920      3.028      6.102     33631548 
   132.909      6.567      6.102     80447488 
   132.870      7.434      6.102      7392704 
   132.876      7.063      6.103     13400437 
   117.914      1.437      6.569      4424386 
   117.850      2.748      6.571      3908091 
   117.825      6.109      6.570    100700656 
   117.829      7.062      6.573      9731099 
   133.680      1.141      7.150     25972788 
   133.695      0.624      7.148      6066588 
   133.673      3.887      7.148     10300320 
   133.717      1.247      7.150     12691163 
   133.634      1.891      7.146      4108164 
   133.707      1.431      7.152      9418362 
   133.691      0.916      7.150      5819734 
   133.676      6.111      7.149      5734677 
   133.697      7.439      7.150     14495518 
   133.665      4.337      7.150     26274956 
   133.678      2.643      7.149     31341736 
   133.664      3.041      7.149     33522098 
   119.381      1.139      7.050     34139128 
   119.472      3.002      7.051      8942580 
   119.403      2.698      7.055      6595616 
   119.364      1.431      7.051     38640076 
   119.437      6.107      7.053      8219110 
   118.055      2.486      6.998      4454214 
   117.978      2.401      6.999      3890746 
   117.866      3.220      6.998      8138836 
   117.950      0.831      6.997     30469724