   104.000      4.472      9.127      8329452 
   104.002      1.472      9.128     22014876 
   104.003      1.250      9.128      8557005 
   104.007      1.748      9.128     35317548 
   104.008      3.754      9.127    131630600 
   104.008      9.376      9.127     35291700 
   104.009      2.450      9.127     42689812 
   104.010      9.118      9.127    628218624 
   104.014      0.915      9.127     22098722 G80N-L79QD1-G80H/G80N-L79QD2-G80H(QU=0.636)
   104.014      1.974      9.127     44855188 
   104.014      7.895      9.127     31874580 
   104.015      4.158      9.128     69630960 
   104.016      4.064      9.127     22990116 
   104.028      4.749      9.129     10916741 
   104.133      4.046      8.158     17906748 T51N-L47HA-T51H/T51N-E48HA-T51H(QU=0.651)
   104.136      1.709      8.157     27788294 
   104.138      7.522      8.157     53762952 
   104.138      4.491      8.158     27767650 
   104.140      4.260      8.157     33702504 
   104.140      4.159      8.158     24882950 T51N-L50HA-T51H/T51N-T51HB-T51H(QU=0.776)
   104.141      0.821      8.156     11958618 T51N-L50QD1-T51H/T51N-L50QD2-T51H(QU=0.891)
   104.142      1.128      8.157     62124732 
   104.142      1.488      8.157     28010086 
   104.164      3.815      8.158     10378114 
   104.345      3.912      8.376     85153128 G56N-G56HA2-G56H/G56N-G56HA3-G56H(QU=0.994)
   104.345     10.105      8.376     21678250 
   104.347      8.380      8.376    272058688 
   104.349      1.334      8.377     37443064 
   104.352      7.301      8.375     27512616 
   104.355      4.439      8.378      8084026 
   106.989      1.500      7.881     14638416 
   107.000      3.819      7.880     20406952 
   107.007      0.913      7.879     12982295 
   107.008      4.042      7.880     83075216 
   107.009      3.223      7.880     86063392 
   107.013      8.102      7.880     63542244 
   107.016      4.256      7.880     45385428 
   107.024      1.132      7.881     14690324 
   107.037      8.688      7.881     10311551 
   107.039      4.489      7.880      7856906 
   107.643      2.106      7.309      6645650 
   107.654      1.338      7.308      7881353 
   107.655      2.853      7.309     10344778 
   107.657      8.690      7.309      4707864 
   107.660      2.709      7.308     13388207 
   107.661      8.380      7.308     31590864 
   107.662      1.041      7.308     72328496 
   107.662      7.300      7.308    776746240 
   107.663      4.384      7.309     17603748 
   107.664      3.908      7.308     42975036 T57N-G56HA2-T57H/T57N-G56HA3-T57H(QU=0.998)
   107.665      4.521      7.309     49378012 
   107.665      7.916      7.308    141530480 
   107.668      2.983      7.308     21198864 
   107.681      1.817      7.306      7120591 
   107.858      0.790      8.911     16562368 
   107.860      2.776      8.912     56574508 
   107.862      4.925      8.913    162720112 
   107.862      3.853      8.913    106018608 
   107.863      2.548      8.913     30328006 
   107.864      8.289      8.912     69085344 
   107.865      4.114      8.913     61954048 
   107.870      1.585      8.913     16187054 G87N-I16HB-G87H/G87N-L88HG-G87H(QU=0.898)
   107.885      8.528      8.913      5158622 
   107.888      0.647      8.910      4264582 G87N-I16QG2-G87H/G87N-I16QD1-G87H/G87N-V18QG2-G87H(QU=0.983)
   108.227      2.207      7.137     13764541 
   108.241      2.355      7.137     27319090 
   108.244      0.998      7.139      7996472 
   108.274      2.355      6.529     17881314 
   108.275      0.838      7.137      7327130 
   108.289      2.209      6.528     10607991 
   108.291      6.524      7.137    216399504 
   108.297      0.982      6.530      6348780 
   108.305      7.141      6.530    239756112 
   108.308      0.845      6.530      8964278 
   110.615      1.433      7.422     18147496 
   110.617      1.429      6.995     11008037 
   110.621      2.692      7.422     25151204 
   110.626      3.196      7.422     14782530 
   110.639      3.198      6.994      7387685 
   110.650      2.690      6.995      9515037 
   110.659      6.985      7.422    197915344 
   110.663      7.420      6.994    161593008 
   111.000      2.442      7.485     45285032 Q42NE2-Q42HG2-Q42HE21/Q42NE2-Q42HG3-Q42HE21/Q78NE2-Q78HB3-Q78HE21/Q78NE2-Q78HG3-Q78HE21(QU=0.877)
   111.004      1.259      7.485      7458866 Q78NE2-T39QG2-Q78HE21/Q42NE2-T45QG2-Q42HE21(QU=0.330)
   111.106      6.850      7.486    447309216 Q42NE2-Q42HE22-Q42HE21/Q78NE2-Q78HE22-Q78HE21(QU=0.984)
   111.128      2.441      6.861     21864080 Q42NE2-Q42HG2-Q42HE22/Q42NE2-Q42HG3-Q42HE22/Q78NE2-Q78HB3-Q78HE22/Q78NE2-Q78HG3-Q78HE22(QU=0.925)
   111.175      2.184      7.487     23650682 
   111.182      2.839      7.490      8118456 
   111.182      7.483      6.864    442564992 Q42NE2-Q42HE21-Q42HE22/Q78NE2-Q78HE21-Q78HE22(QU=0.970)
   111.182      7.483      6.864    442564992 Q42NE2-Q42HE21-Q42HE22/Q78NE2-Q78HE21-Q78HE22(QU=0.970)
   111.183      2.842      6.866     10285629 
   111.185      2.184      6.868     15619417 
   111.189      4.471      7.490      7359350 
   111.221      4.466      6.866      7068302 
   111.739      7.127      8.201      5466402 
   111.797      9.070      8.206      9853230 
   111.805      0.897      8.206     20378110 
   111.813      2.457      8.207     28630778 
   111.819      2.644      8.207     38385868 
   111.819      3.745      8.207     42802436 
   111.821      4.174      8.207     25850362 
   111.823      4.363      8.208     34025852 
   111.827      1.929      8.209     13000506 
   111.871      2.673      7.364     28713482 
   111.887      2.896      7.364     13686820 
   111.889      2.676      6.710     12562174 
   111.903      6.706      7.364    206958320 
   111.909      7.358      6.709    218502448 
   111.912      2.894      6.710      9222294 
   112.099      7.521      8.085     14732549 
   112.101      3.825      8.086    109510728 
   112.104      4.250      8.086     85109328 
   112.105      4.047      8.085     30802006 
   112.105      1.495      8.085      8580527 
   112.106      7.883      8.085     63121748 
   112.114      1.129      8.086     20562994 
   112.115      1.706      8.086      6740161 
   112.125      4.490      8.086     16436065 
   112.138      0.900      8.085      3885502 G52N-I49QG2-G52H/G52N-I49QD1-G52H/G52N-V92QG1-G52H(QU=0.877)
   112.150      0.653      7.182     44774828 S85N-I16QG2-S85H/S85N-I16QD1-S85H(QU=0.954)
   112.150      3.730      7.183     23599998 
   112.151      0.902      7.182    133961968 
   112.151      3.786      7.183     23158316 
   112.158      2.894      7.183      8472044 
   112.160      4.381      7.182     21969662 N75ND2-N75HA-N75HD22/S85N-A83HA-S85H(QU=0.995)
   112.160      8.061      7.182     55374584 
   112.160      4.690      7.179     63865376 
   112.164      8.303      7.186      5100750 
   112.166      1.599      7.183     16835748 
   112.177      2.673      7.178     16712664 N75ND2-N75HB2-N75HD22/N75ND2-N75HB3-N75HD22/S85N-N84HB2-S85H(QU=0.386)
   112.286      2.724      7.615     36844808 N75ND2-N75HB2-N75HD21/N75ND2-N75HB3-N75HD21(QU=0.911)
   112.293      1.405      7.617      8598279 
   112.305      2.716      7.165     26422190 N75ND2-N75HB2-N75HD22/N75ND2-N75HB3-N75HD22(QU=0.992)
   112.317      1.394      7.165      8763543 
   112.337      7.615      7.160    186341456 
   112.338      7.158      7.615    194049232 
   112.747      1.748      8.060     26199230 
   112.748      1.620      8.059     40732964 
   112.748      1.346      8.060    124256192 
   112.748      4.469      8.061     60863612 
   112.748      8.210      8.060    109543968 
   112.750      2.415      8.060     69843096 
   112.750      8.653      8.060      8143291 
   112.752      3.715      8.060     34803224 
   112.752      4.099      8.059     19279416 
   112.755      2.841      8.060     47021688 
   112.759      4.278      8.061      9483898 
   112.760      7.172      8.060    128249336 
   112.763      2.020      8.059     13938495 
   112.773      0.879      8.058     10323240 
   112.773      0.879      8.058     10323240 
   112.792      7.738      8.430     16071130 
   112.793      1.404      8.430     13115687 T39N-A41QB-T39H/T39N-L43HB2-T39H(QU=0.746)
   112.794      2.442      8.430    111566368 T39N-Q42HB3-T39H/T39N-Q42HG2-T39H(QU=0.410)
   112.795      1.256      8.430    128955648 
   112.796      4.282      8.431    185200656 
   112.796      1.949      8.430     39381008 
   112.796      5.012      8.430     35355356 
   112.796      9.205      8.430     12258615 
   112.797      4.071      8.432      8109442 
   112.798      4.685      8.429     17257306 
   112.799      1.636      8.430     36593468 
   112.799      0.988      8.430     27418680 
   112.799      0.867      8.430     40583168 
   112.868      7.170      8.429      8809793 
   112.871      3.172      7.410      5847108 
   112.888      2.974      7.393      4441821 
   112.961      2.425      7.787     22569852 N19ND2-N19HB2-N19HD21/N19ND2-N19HB3-N19HD21(QU=0.982)
   113.031      7.121      7.787    144058864 
   113.033      7.785      7.122    180191152 
   113.041      2.420      7.123     19361408 N19ND2-N19HB2-N19HD22/N19ND2-N19HB3-N19HD22(QU=0.980)
   113.363      1.034      7.638     11791917 
   113.380      3.880      7.639     13722612 
   113.382      3.401      7.639     23959494 
   113.385      4.546      7.639     46663448 
   113.385      5.188      7.638      7402440 
   113.385      8.696      7.639     41743880 
   113.385      9.094      7.639    107509216 
   113.387      0.817      7.639    101096832 
   113.387      2.091      7.639    108252696 
   113.391      4.005      7.639     16512222 
   113.392      0.619      7.639     17661326 
   113.393      4.153      7.638     27140076 
   113.407      8.232      7.640      6697587 
   113.945      4.230      7.439     83971392 
   113.946      1.986      7.440     35347924 
   113.947      1.279      7.439     54220420 
   113.949      8.745      7.439     45124836 
   113.949      3.924      7.440     65554904 
   113.950      1.913      7.440     30712208 
   113.960      1.586      7.438      8747552 T45N-K44HD2-T45H/T45N-K46HG3-T45H(QU=0.851)
   113.964      4.062      7.439     39556336 T45N-Q42HA-T45H/Y82N-L79HA-Y82H(QU=0.936)
   113.964      9.207      7.441      6494046 
   113.979      3.882      7.442     56808116 
   113.983      2.754      7.437     28962160 
   113.990      9.005      7.438      7183464 
   114.012      1.735      7.438     19156994 
   114.025      6.107      7.438      8996704 
   114.032      0.985      7.438     18554790 
   114.034      3.040      7.437     44898480 
   114.037      4.331      7.435     33845688 
   114.039      7.897      7.437     66918336 
   114.039      7.149      7.437     44569320 
   114.040      2.644      7.437     59289924 
   114.041      8.434      7.437    129876080 
   114.302      3.060      7.673     13325619 
   114.315      2.927      7.673     24201326 
   114.341      7.344      7.359    103064000 
   114.368      2.922      7.140      7743621 
   114.382      3.063      7.145      4116878 
   114.384      7.143      7.673     95068368 
   114.385      7.670      7.141     63662024 
   114.393      3.077      7.163      3456884 
   114.498      1.132      7.271      6631040 
   114.503      2.453      7.272      9796803 
   114.515      1.272      7.358      9744375 
   114.533      0.996      8.220     22879420 
   114.536      4.552      8.219    125786880 T71N-S70HA-T71H/T71N-T71HA-T71H(QU=0.799)
   114.536      3.879      8.219     99285448 T71N-S70HB2-T71H/T71N-T71HB-T71H(QU=0.774)
   114.548      4.006      8.219     28673408 
   114.592      2.453      7.358      5126649 
   114.597      7.636      8.222      5413980 
   114.600      7.290      7.363     71808616 
   114.600      7.357      7.271     62392436 
   115.117      4.388      8.063     27280804 
   115.119      2.756      8.062    104291808 
   115.121      8.880      8.062     35846628 
   115.121      8.064      8.062   1335267456 
   115.122      2.550      8.062    133661280 
   115.125      4.760      8.062     98604792 
   115.126      1.427      8.062     17157816 
   115.126      7.146      8.062    109741296 
   115.782      3.051      8.124     13644727 
   115.791      8.330      8.126     15908380 
   115.813      2.713      8.125     15995171 D26N-D26HB2-D26H/D26N-D26HB3-D26H(QU=0.995)
   115.819      2.931      8.123      9150282 
   115.852      4.671      8.128     16078173 D26N-N25HA-D26H/D26N-D26HA-D26H(QU=0.974)
   115.904      8.121      8.126     68275496 
   116.085      4.922      9.807      5393058 
   116.094      9.815      9.805     20159850 
   116.431      4.374      7.485     18673986 
   116.431      4.906      7.487     32876818 
   116.433      2.679      7.484     54129452 N74N-D73HB3-N74H/N74N-N74HB2-N74H(QU=0.955)
   116.434      3.194      7.484     53802848 
   116.440      7.833      7.484     32605866 
   116.443      2.990      7.484     12771192 
   116.451      7.049      7.485     18762074 
   116.468      5.010      8.088      7949830 
   116.469      9.376      8.089      8769816 
   116.470      3.031      8.087     15338526 
   116.474      7.146      8.086     12262075 
   116.482      2.749      8.087     12532185 
   116.482      4.736      8.088     38359784 
   116.484      2.452      8.086    114035696 
   116.486      1.816      8.086     86901368 
   116.488      4.159      8.086    171884128 
   116.489      1.434      8.086    114812792 
   116.492      2.186      8.087     29523790 
   116.516      4.484      8.087      6511498 
   116.577      1.137      7.502     16979442 N74N-V40QG2-N74H/L50N-T51QG2-L50H(QU=0.532)
   116.667      8.543      9.158      9104793 
   116.695      0.667      9.159     60105960 
   116.696      4.101      9.158     15393038 
   116.697      1.588      9.158     21536014 
   116.698      4.705      9.157     34837044 
   116.698      6.987      9.158     13277251 
   116.699      1.339      9.159     40215464 
   116.699      8.228      9.159     11464181 
   116.700      2.788      9.159     69128960 
   116.701      0.980      9.159     61226196 
   116.701      5.287      9.159    129658920 
   116.726      4.971      9.158     11313978 
   116.729      8.114      9.159      7875024 
   116.742      1.247      7.520      9148925 
   116.770      0.832      7.520     42218660 L50N-L50QD1-L50H/L50N-L50QD2-L50H(QU=0.328)
   116.771      1.486      7.521     62190032 
   116.773      4.038      7.520     40953424 
   116.775      3.778      7.521     18087450 
   116.776      1.694      7.520    126508008 
   116.777      4.161      7.520     65624392 
   116.778      7.179      7.521     65307396 
   116.779      1.991      7.520     74679832 
   116.780      8.151      7.520     68524056 
   116.785      8.465      7.518      8081880 
   117.249      1.026      8.053     27720694 
   117.265      2.675      8.055     33834352 
   117.267      0.646      8.053     10774668 
   117.270      4.379      8.056    133656768 
   117.272      0.903      8.054     62703128 
   117.273      4.795      8.053    318523520 
   117.275      7.185      8.055     45514488 
   117.281      2.896      8.053     27648804 
   117.290      8.449      8.057      7486308 
   117.420      1.852      8.019      8683799 
   117.442      1.045      8.024     44707996 
   117.449      4.313      8.020     56748336 
   117.459      2.636      8.028     14819647 T67N-D66HB2-T67H/N84N-N84HB2-N84H(QU=0.379)
   117.462      4.705      8.031     29020938 
   117.463      2.806      8.019     13690832 
   117.466      6.766      8.020     16383731 
   117.466      6.766      8.020     16383731 
   117.467      4.119      8.019    142491664 
   117.474      1.564      8.902     19276086 
   117.477      8.738      8.020     38399832 T67N-K64H-T67H/T67N-D66H-T67H(QU=0.756)
   117.485      3.678      8.021      8440135 
   117.486      3.536      8.905      9261512 
   117.491      9.090      8.902     50831456 
   117.492      1.321      8.902     17575542 V18N-I16HG13-V18H/V18N-K17HG3-V18H(QU=0.850)
   117.493      0.636      8.903    141682176 
   117.493      1.903      8.903     23618428 
   117.494      0.980      7.738      8954736 
   117.495      8.434      7.738     23000118 
   117.496      8.913      8.904    681065728 
   117.497      0.781      8.903     54285992 V18N-V18QG1-V18H/V18N-V32QG1-V18H(QU=0.275)
   117.497      4.979      8.904     63517476 
   117.498      3.950      7.738     23818112 
   117.499      8.927      8.024      8281375 
   117.502      8.516      7.737     56086940 
   117.503      8.526      8.908      6285561 
   117.504      4.679      7.736     16983096 
   117.505      0.863      7.737     17672394 Q42N-L38QD2-Q42H/Q42N-V40QG1-Q42H(QU=0.287)
   117.505      1.405      7.737    107859392 
   117.506      4.069      7.737     57244132 
   117.506      2.443      7.737    219959792 Q42N-Q42HB3-Q42H/Q42N-Q42HG3-Q42H(QU=0.456)
   117.507      1.941      7.737     52539476 
   117.508      1.126      8.902     15456591 
   117.510      8.745      7.737     17894184 Q42N-V40H-Q42H/Q42N-K44H-Q42H(QU=0.867)
   117.511      9.206      7.737     83950176 
   117.514      3.531      7.735      9213117 
   117.517      2.225      8.904     13946617 
   117.517      1.257      7.738     20470520 
   117.528      5.708      7.739     11945257 
   117.569      5.012      7.741      7735792 
   117.615      8.907      7.835     10223014 
   117.620      1.914      7.834     10864039 
   117.636      2.427      7.835     39954448 N19N-N19HB2-N19H/N19N-N19HB3-N19H(QU=0.984)
   117.643      9.237      7.835     11735127 
   117.664      5.298      7.838     40944648 
   117.666      0.637      7.838     23637400 
   117.668      2.223      7.837     78191448 
   117.669      4.982      7.838    103479072 
   117.670      7.836      7.838    450958720 
   117.670      0.784      7.838     28385270 
   117.672      1.664      7.836      7726988 N19N-R89HB2-N19H/N19N-L90HG-N19H(QU=0.652)
   117.675      5.789      7.837     18564162 
   117.936      3.868      9.010     20173616 
   117.940      4.045      9.011     37620192 
   117.943      1.562      9.009     13799397 
   117.945      2.175      9.012      7263604 
   117.947      2.027      9.011     41795812 
   117.949      9.010      9.011    518063072 
   117.951      1.877      9.011    129495584 L47N-L47HB3-L47H/L47N-L47HG-L47H(QU=0.975)
   117.951      0.713      9.012     55010188 L47N-L47QD1-L47H/L47N-L47QD2-L47H(QU=0.916)
   117.952      1.162      9.010     33531118 
   117.953      1.487      9.013     18758358 
   117.953      7.499      9.011     64251132 
   117.955      0.844      9.012     21952182 
   117.961      8.462      9.012     49069780 
   117.964      4.108      9.013     17017680 
   118.493      2.458      8.113     23693702 
   118.497      2.788      8.114    101317856 
   118.497      2.582      8.114     31777446 
   118.499      4.666      8.113    155322992 
   118.503      6.989      8.113     46988700 
   118.504      5.288      8.114     54017208 
   118.505      4.446      8.112     13538126 
   118.505      3.702      8.114     21651446 F15N-S13HB2-F15H/F15N-S13HB3-F15H(QU=0.800)
   118.506      9.152      8.115     16335500 
   118.518      4.107      8.114      8513747 
   118.519      1.304      8.112     10539742 
   118.535      1.603      8.113      8298200 
   118.755      3.685      9.159      5303178 
   118.779      4.671      9.160     19674664 
   118.846      7.207      8.675      7437999 
   118.849      5.789      8.676     29027154 
   118.852      3.019      8.677     26521964 
   118.857      4.873      8.676    125796960 
   118.859      2.857      8.676     18522992 
   118.860      3.535      8.676     98017280 
   118.860      9.101      8.675     39821812 
   118.862      2.054      8.676     35279516 E31N-E31HB3-E31H/E31N-E31HG2-E31H(QU=0.972)
   118.862      0.766      8.675     14436009 
   119.059      8.908      8.314      4526770 
   119.084      2.549      8.317     57796680 
   119.086      4.673      8.317    121021936 
   119.086      3.800      8.317     49027500 
   119.086      8.317      8.317    294328000 
   119.094      2.775      8.316     27058204 
   119.102      3.713      8.323     26791376 
   119.119      7.189      8.317      4141882 
   119.155      2.785      8.234     11634258 K36N-F15HB2-K36H/K36N-F15HB3-K36H(QU=0.890)
   119.162      0.903      8.228      9904586 
   119.169      0.668      8.233     10686230 
   119.172      2.728      8.232     12458152 K36N-K36HE2-K36H/K36N-K36HE3-K36H(QU=0.793)
   119.248      3.252      8.419      9557906 
   119.251      1.763      8.231     40952052 
   119.253      1.617      8.232     86248720 
   119.253      5.287      8.231     65019704 
   119.254      4.101      8.231    157761136 
   119.257      1.313      8.231    110864792 K36N-A35QB-K36H/K36N-K36HG3-K36H(QU=0.641)
   119.257      3.715      8.231     56582516 
   119.259      8.067      8.231     60379492 
   119.260      9.146      8.230     15440956 
   119.264      2.929      8.421      6634472 
   119.267      8.426      8.421    340260416 
   119.274      8.653      8.231     13411242 
   119.277      9.081      8.420     17950320 
   119.278      3.083      8.422     12205821 N25N-H24HB2-N25H/N25N-N25HB3-N25H(QU=0.710)
   119.278      4.713      8.421     26609582 
   119.278      4.792      8.418     67596488 
   119.284      7.345      8.421      6473210 
   119.332      3.867      8.742     40763304 
   119.335      1.982      8.742     58791620 
   119.336      1.740      8.742     48190424 
   119.337      9.208      8.741     43024252 
   119.338      1.912      8.742     54381804 
   119.338      0.852      8.741     22645742 K44N-V40QG1-K44H/K44N-L43QD1-K44H(QU=0.975)
   119.338      0.708      8.742     12050179 
   119.341      2.500      8.742     45224824 
   119.341      7.436      8.742     40700444 
   119.343      1.123      8.741     33923532 
   119.343      0.948      8.741     16791766 
   119.345      3.944      8.742     33512352 K44N-A41HA-K44H/K44N-L43HA-K44H(QU=0.995)
   119.345      3.526      8.742     13538677 
   119.346      1.427      8.742     35587000 
   119.355      7.738      8.748      5083519 
   119.363      2.670      8.743      7827303 K44N-K44HE2-K44H/K44N-K44HE3-K44H(QU=0.760)
   119.669      2.571      7.178      7717250 
   119.692      4.078      7.177     32395314 I49N-K46HA-I49H/I49N-L47HA-I49H/I49N-E48HA-I49H(QU=0.756)
   119.693      0.899      7.178     75854472 
   119.695      3.777      7.177     54980368 
   119.696      1.716      7.178     99019512 
   119.697      1.252      7.177     51641776 
   119.697      1.994      7.177    146243072 
   119.698      2.176      7.177     63005452 I49N-E48HB2-I49H/I49N-E48HB3-I49H(QU=0.930)
   119.699      8.462      7.177     50739196 
   119.701      7.521      7.178     85162128 
   119.705      3.939      7.176      7117711 
   120.116      7.887      8.686     11931499 C54N-G53H-C54H/C54N-M58H-C54H(QU=0.403)
   120.135      0.907      8.685      5692553 
   120.156      1.499      8.687     22780154 
   120.159     10.104      8.686     10126739 
   120.163      4.037      8.686     66795080 
   120.163      3.222      8.686     58690892 
   120.165      4.432      8.686     34670640 
   120.165      2.984      8.686     69850072 
   120.166      2.854      8.686     60540340 
   120.167      2.106      8.688      9500696 
   120.266      4.155      7.895     20090454 
   120.293      9.119      7.896     29794696 
   120.295      0.897      8.289     28813044 
   120.297      1.878      8.290     56180172 
   120.298      1.595      8.289     83291264 
   120.300      7.433      7.895     97831744 
   120.300      3.850      8.289     20393040 
   120.300      0.786      8.289     56907528 L88N-V18QG1-L88H/L88N-L88QD2-L88H(QU=0.447)
   120.300      0.642      8.291      9263720 L88N-I16QD1-L88H/L88N-V18QG2-L88H(QU=0.784)
   120.300      9.374      7.898      5526264 
   120.301      6.106      7.896     17620868 
   120.301      4.008      7.896     42376868 
   120.301      3.030      7.896     87758520 
   120.301      8.288      8.289    806843712 
   120.302      4.116      8.289     15659524 
   120.303      1.309      8.289     36372016 
   120.305      8.916      8.289     47775304 
   120.305      4.938      8.288     23199550 
   120.306      2.451      7.896     17803802 
   120.327      2.745      7.896     94745624 
   120.331      8.432      7.896     19002064 
   120.339      7.147      7.895     11393401 
   120.340      4.772      8.289     65660720 
   120.379      3.765      7.887     18051280 
   120.494      2.717      7.905     85721848 M58N-M58HG3-M58H/Y81N-Y81HB2-Y81H(QU=0.494)
   120.518      4.857      9.145      4250056 
   120.538      8.464      9.148     10105643 
   120.540      5.484      9.142      9983770 
   120.544      0.193      9.146     11220257 
   120.547      5.788      9.146     46579724 
   120.547      0.755      9.146     30809886 V20N-V20QG2-V20H/V20N-V32QG1-V20H(QU=0.424)
   120.554      1.230      9.147     14650421 
   120.554      1.849      9.147     21558532 
   120.560      4.384      7.906     11337026 
   120.563      2.431      9.145     13855566 V20N-N19HB2-V20H/V20N-N19HB3-V20H(QU=0.988)
   120.606      1.821      7.907     37066648 
   120.629      4.165      7.851     55791804 
   120.633      3.792      7.853     40815588 S95N-S95HB2-S95H/S95N-S95HB3-S95H(QU=0.849)
   120.634      2.361      7.852     11423152 
   120.636      0.894      7.853     39415844 
   120.637      4.847      7.853     86502240 
   120.638      2.536      7.852     16770318 
   120.648      8.285      7.853     29805000 
   120.684      1.041      7.911     13490475 
   120.690      1.498      7.909     11860615 
   120.699      8.786      7.909      8390361 
   120.706      2.104      7.910     39521380 
   120.707      7.300      7.910    110076856 
   120.710      4.532      7.909     54779948 M58N-T57HA-M58H/M58N-M58HA-M58H(QU=0.994)
   120.714      3.891      7.910     17842884 M58N-A55HA-M58H/M58N-G56HA2-M58H(QU=0.513)
   121.174      5.298      8.886     24986634 
   121.176     10.012      8.887     26283722 
   121.177      4.749      8.886    128155192 
   121.177      8.891      8.886    470359392 
   121.178      0.785      8.886     50861048 R89N-V62QG1-R89H/R89N-L88QD2-R89H(QU=0.954)
   121.178      1.305      8.886     67090396 
   121.180      1.676      8.886     26237486 
   121.180      1.901      8.886     55366320 R89N-L88HB3-R89H/R89N-R89HB3-R89H(QU=0.855)
   121.188      2.812      8.886     11406416 
   121.195      4.644      8.882     23750372 R89N-V62HA-R89H/R89N-K64HA-R89H(QU=0.514)
   121.196      8.286      8.889      6151408 
   121.203      9.235      8.887      9759312 
   121.382      3.528      8.517     15288250 
   121.382      3.953      8.518     52190764 
   121.382      5.009      8.518      9436080 
   121.384      1.404      8.518    165045824 
   121.384      8.521      8.518    911259456 
   121.385      4.388      8.517     36864324 
   121.385      0.849      8.518     31277778 
   121.386      2.444      8.518     66467304 
   121.387      7.736      8.519     37951648 
   121.388      4.676      8.518     51202832 
   121.389      1.258      8.519     19814766 
   121.389      1.137      8.517     18293524 
   121.389      2.711      8.518     22308512 A41N-N75HB2-A41H/A41N-N75HB3-A41H(QU=0.537)
   121.394      9.205      8.519      9849364 
   121.647      2.358      8.691      9613632 
   121.656      2.489      8.693      8691284 
   121.662      4.790      8.692     97563976 
   121.663      7.643      8.692     22075624 
   121.664      2.083      8.692     76611496 V62N-Q61HB2-V62H/V62N-V62HB-V62H(QU=0.967)
   121.665      9.098      8.693      7916705 
   121.666     10.014      8.688      6131044 
   121.670      0.621      8.692     61226012 
   121.671      0.810      8.692     30842242 
   121.679      1.720      7.497      8892471 
   121.684      1.734      8.689      6471694 
   121.684      9.245      8.692      6229147 
   121.695      0.992      8.693     10468197 
   121.695      4.650      8.694     33531880 
   121.705      0.857      7.498     17265242 
   121.706      8.467      7.499      9945377 
   121.706      1.270      7.497     25366216 
   121.708      3.935      7.498     42672996 K46N-L43HA-K46H/K46N-T45HA-K46H(QU=0.998)
   121.708      1.572      7.498     68870184 
   121.713      4.100      7.498     52251220 
   121.713      2.028      7.498     92678288 
   121.713      1.865      7.498     64919244 K46N-K46HB2-K46H/K46N-L47HG-K46H(QU=0.563)
   121.714      4.231      7.497     46145308 
   121.720      0.713      7.497     10530104 K46N-L47QD1-K46H/K46N-L47QD2-K46H(QU=0.721)
   121.730      9.011      7.498     72497264 
   121.771      0.846      8.260      9704184 
   121.781      0.730      8.259     13869535 
   121.782      7.835      8.260      7094267 
   121.790      1.754      8.261     65801700 
   121.791      0.635      8.260     18147902 
   121.792      4.578      8.260    147034256 
   121.793      0.997      8.260     90765336 
   121.793      2.991      8.259     39499980 
   121.794      1.863      8.260     73555408 
   121.798      1.252      8.260     54044212 
   121.816      3.881      8.260     18140532 
   121.837      8.740      8.261     19061916 
   122.053      3.717      7.174     19434330 
   122.060      4.468      7.175     34168552 
   122.060      2.024      7.176    110087960 
   122.061      4.283      7.176     67862688 
   122.061      1.348      7.175     75832288 
   122.062      0.986      7.176     49964480 
   122.062      1.696      7.176    161135280 
   122.063      4.093      7.176      8589879 
   122.063      0.872      7.175     60179688 
   122.063      2.843      7.176     11997523 
   122.063      0.872      7.175     60179688 
   122.065      9.375      7.176     11437000 
   122.067      8.063      7.174    139141104 
   122.071      2.435      7.175     22730354 
   122.077      8.434      7.175     13310706 
   122.078      1.474      7.175     22285998 
   122.084      0.995      8.741     21102884 
   122.085      0.763      8.643     13831273 
   122.086      7.209      8.639     19829160 
   122.091      0.673      8.741     76736984 
   122.091      4.690      8.740     30443966 
   122.091      1.231      8.640     44695544 
   122.091      4.863      8.641     21170730 
   122.092      3.016      8.640     27891886 
   122.093      2.854      8.641     62368008 
   122.099      9.244      8.740     10931557 
   122.101      4.586      8.640    154157328 
   122.104      1.265      8.742     19129466 
   122.109      1.810      8.742     66728244 
   122.111      2.699      8.743      9123908 V60N-K44HE2-V60H/V60N-K44HE3-V60H(QU=0.615)
   122.120      1.405      8.743     17174160 
   122.136      1.635      8.744     39230288 
   122.305      8.333      9.106     16639242 
   122.312      4.128      8.779      6697282 
   122.316      5.788      9.102     17946512 
   122.320      3.770      9.104     53777676 
   122.322      8.900      9.104     54968332 
   122.323      0.767      9.104    192330624 
   122.323      1.904      9.104    150045120 
   122.324      3.535      9.104     93309048 
   122.324      8.675      9.104     56375532 
   122.326      1.274      8.768     11896360 
   122.328      5.219      9.105     14851326 
   122.328      0.654      9.111     56572640 V32N-V18QG2-V32H/V32N-V32QG2-V32H(QU=0.591)
   122.362      2.456      8.440      5979503 
   122.366      4.853      8.781     12392521 
   122.375      1.409      8.780     15057511 
   122.380      7.909      8.784      2280606 
   122.384      1.785      8.779     28829686 
   122.390      1.633      8.780     52304116 K59N-K59HB2-K59H/K59N-K59HB3-K59H(QU=0.862)
   122.400      0.898      8.783     16255260 K59N-V92QG1-K59H/K59N-V93QG1-K59H(QU=0.285)
   122.407      4.449      8.431     12738811 
   122.408      4.551      8.783     89173984 
   122.414      8.926      8.782     36499288 
   122.547      8.066      7.143    187469696 
   122.553      2.451      7.143     32627462 
   122.557      4.387      7.142     20373368 
   122.560      4.875      7.141      8948629 
   122.561      8.747      7.143     16329446 
   122.562      2.739      7.143     25855426 
   122.564      4.745      7.143     45552784 
   122.566      4.159      7.144     81300176 
   122.568      1.433      7.143    227505424 
   122.568      1.136      7.144     34652716 
   122.569      2.538      7.143     29338510 
   122.572      3.195      7.144     22063778 
   122.851      3.757      8.430     17244168 
   122.851      4.047      8.432     11951170 
   122.857      0.790      8.429      9605547 
   122.859      2.645      8.430     49594632 
   122.859      4.366      8.430     57119304 A83N-Y82HA-A83H/A83N-A83HA-A83H(QU=0.963)
   122.860      4.158      8.431     34407760 
   122.861      1.723      8.431     22829130 A83N-M72QE-A83H/A83N-L79HG-A83H(QU=0.794)
   122.861      7.432      8.430    182741328 
   122.862      8.434      8.430   1211342976 
   122.863      1.002      8.430    153388816 
   122.863      7.901      8.433     10086764 
   122.864      3.044      8.430     29576270 
   122.882      0.635      8.430     13518533 A83N-I16QD1-A83H/A83N-V62QG2-A83H(QU=0.961)
   122.899      7.154      8.430      8466663 
   123.038      1.422      9.213     84845928 
   123.039      7.736      9.213     65896144 
   123.040      2.486      9.213    112483720 
   123.040      9.207      9.213    595042944 
   123.041      3.530      9.212     36458356 
   123.043      3.942      9.213     53351112 
   123.044      4.068      9.213     17828916 
   123.046      0.953      9.213     29913086 L43N-L38QD1-L43H/L43N-L43QD2-L43H(QU=0.988)
   123.048      8.745      9.213     56080104 
   123.049      0.858      9.213     39009064 L43N-L38QD2-L43H/L43N-L43QD1-L43H(QU=0.924)
   123.049      1.947      9.212     27432376 
   123.053      7.451      9.211      6966422 
   123.054      1.625      9.213     19897212 
   123.118      2.543      8.532      7911434 
   123.135      0.662      8.532     37366980 
   123.138      0.798      8.531     13670025 
   123.138      2.775      8.531     10279565 
   123.140      1.326      8.531     40482944 
   123.140      4.702      8.531    172996928 
   123.140      4.928      8.531     39439368 
   123.141      1.576      8.531    122396352 K17N-I16HB-K17H/K17N-K17HB3-K17H(QU=0.780)
   123.141      9.145      8.532     13211269 
   123.142      8.912      8.532     22299086 K17N-V18H-K17H/K17N-G87H-K17H(QU=0.743)
   123.143      1.452      8.531     41076856 
   123.148      5.221      8.532     36142316 
   123.162      0.977      8.532     16940578 
   123.167      1.125      8.532     12103316 
   123.568      4.390      8.741     16994014 
   123.573      8.516      8.744     30402412 
   123.574      2.724      8.874     57795552 N75N-N74HB2-N75H/N75N-N75HB2-N75H/N75N-N75HB3-N75H(QU=0.869)
   123.574      3.202      8.865      4372934 
   123.576      3.529      8.743     38245692 
   123.577      1.136      8.742    107611800 
   123.577      2.444      8.742     91590320 
   123.577      5.012      8.743     94225320 
   123.580      4.389      8.874     20532278 
   123.583      8.065      8.874     27306762 
   123.592      1.417      8.874      5784858 N75N-A41QB-N75H/N75N-A77QB-N75H(QU=0.949)
   123.598      9.376      8.738      9834389 
   123.604      0.855      8.874      5281659 
   123.616      4.898      8.884     84342384 
   123.759      1.251      9.375      9012946 
   123.767      1.137      9.376     15128490 
   123.772      5.011      9.377     36242232 
   123.774      1.807      9.377     25289456 
   123.775      1.975      9.377     77054360 
   123.777      2.451      9.376     61422568 
   123.778      4.730      9.376    125446288 
   123.779      9.134      9.376     44820020 
   123.780      1.469      9.376     81164264 
   123.781      2.185      9.376     16102062 
   123.781      3.720      9.377     10930288 
   123.782      0.903      9.376     31417716 L79N-L79QD1-L79H/L79N-L79QD2-L79H(QU=0.872)
   123.784      1.707      9.376     36070412 L79N-L38HB3-L79H/L79N-L79HG-L79H(QU=0.992)
   123.785      4.058      9.377     53388920 
   123.785      7.166      9.376     14629098 
   123.796      7.890      9.379      6764559 
   123.819      8.086      9.380     10042508 
   123.836      1.384      8.721     38552980 
   123.836      6.762      8.717      8751707 
   123.843      4.121      8.718     13110560 
   123.847      0.820      8.720     55852604 
   123.853      2.811      8.716     11669397 
   123.856      9.090      8.718     17382862 
   123.871      2.899      8.718     24610888 
   123.873      1.853      8.718     51786876 
   123.876      5.181      8.717     86992448 
   123.876      4.677      8.724     21057164 V40N-T39HB-V40H/K64N-K64HA-K64H(QU=0.715)
   123.878      3.402      8.717     11503717 
   123.879      8.022      8.718      9345408 
   124.501      4.351      8.323     10257457 
   124.512      0.750      8.322     19803648 A27N-V28QG2-A27H/V28N-V28QG2-V28H(QU=0.956)
   124.525      1.586      8.321     21703728 
   124.530      4.214      8.324    104449064 A27N-A27HA-A27H/V28N-A27HA-V28H(QU=0.783)
   124.545      3.048      8.327     14098312 
   124.546      2.931      8.330      9678876 
   124.547      1.275      8.327    216150048 
   124.547      7.345      8.329     11105045 
   124.548      8.111      8.326     41132948 
   124.549      4.662      8.327     32847124 
   124.550      2.714      8.328     16332480 A27N-D26HB2-A27H/A27N-D26HB3-A27H(QU=0.874)
   124.811      8.298      9.603      5490480 
   124.836      6.763      9.603      6399709 
   124.838      9.253      9.605     24590242 
   124.841      2.383      9.604     22342104 
   124.842      1.899      9.602      9818165 
   124.843      1.124      9.604     19530144 
   124.846      5.269      9.604    135939888 H91N-L90HA-H91H/H91N-H91HA-H91H(QU=0.972)
   124.848      4.664      9.604     15122723 H91N-V60HA-H91H/H91N-V62HA-H91H(QU=0.377)
   124.849      3.219      9.604     29347838 
   124.852      0.729      9.604     45997700 H91N-V60QG1-H91H/H91N-L90QD2-H91H(QU=0.874)
   125.053      2.990      7.832     94476456 
   125.053      4.374      7.833     33228432 
   125.055      2.621      7.832     56254344 D73N-D73HB2-D73H/D73N-D73HB3-D73H(QU=0.435)
   125.057      1.229      7.831     11857127 
   125.059      7.050      7.832     15168738 
   125.061      0.997      7.832     11658368 
   125.061      7.484      7.832     34020744 
   125.065      4.584      7.833      9358856 
   125.071      8.245      7.834      9993365 
   125.504      9.246      9.249    471587168 
   125.504      1.139      9.249     41379660 L90N-R89HG2-L90H/L90N-L90HB2-L90H(QU=0.929)
   125.505      2.225      9.250     17881148 
   125.506      1.898      9.250     48589092 
   125.506      5.296      9.249    142138032 L90N-R89HA-L90H/L90N-L90HA-L90H(QU=0.838)
   125.506      0.743      9.249     54430592 L90N-V20QG2-L90H/L90N-L90QD1-L90H/L90N-L90QD2-L90H(QU=0.879)
   125.507      1.659      9.250     43950256 
   125.511      1.268      9.250     18341062 
   125.512      5.479      9.249     45148868 
   125.513      7.839      9.250     16982866 
   125.608      0.742      9.701     16134995 
   125.614      0.875      9.703     32924496 
   125.620      9.705      9.703    289704672 
   125.623      3.509      9.704      6448626 
   125.623      5.276      9.704     20186610 
   125.627      4.927      9.703      8506264 
   125.637      9.251      9.706      4395983 
   125.641      8.304      9.704      3453260 
   125.643      1.884      9.706      5411855 S21N-V20HB-S21H/S21N-L90HB3-S21H(QU=0.919)
   126.318      4.047      8.768      4477324 
   126.318      4.704      8.762     15363646 
   126.352      1.310      8.454     15328189 
   126.362      0.712      8.455     15327691 E48N-L47QD1-E48H/E48N-L47QD2-E48H(QU=0.956)
   126.365      1.894      8.454     39289664 
   126.367      1.164      8.455     16886224 
   126.367      2.570      8.455     24197736 
   126.368      1.499      8.454     40929332 
   126.368      4.045      8.454     66150540 E48N-L47HA-E48H/E48N-E48HA-E48H(QU=0.982)
   126.369      2.176      8.454    154994624 
   126.369      2.039      8.454     39176296 
   126.369      3.905      8.454     26118766 
   126.370      9.011      8.454     62980892 
   126.370      3.220      9.251     11252453 
   126.371      7.175      8.454     50564156 
   126.372      7.509      8.454     15099935 E48N-K46H-E48H/E48N-L50H-E48H(QU=0.570)
   126.377      4.112      9.252      8609978 
   126.385      2.489      9.252     27509756 
   126.387      2.044      9.251     14143803 
   126.388      2.208      9.252     18345662 
   126.392      9.248      9.252    369773024 
   126.393      4.698      9.252    114985320 
   126.394      8.723      9.251      8830011 Q61N-V60H-Q61H/Q61N-V62H-Q61H(QU=0.714)
   126.395      0.739      9.251     47629280 
   126.395      9.601      9.252     17674394 
   126.397      2.361      9.252     17532114 Q61N-Q61HG3-Q61H/Q61N-H91HB2-Q61H(QU=0.600)
   126.400      0.982      9.250      9708800 
   126.548      1.592      8.654     12933564 A35N-L38HB2-A35H/A35N-K46HD2-A35H(QU=0.754)
   126.553      0.870      8.655     26443808 
   126.553      6.992      8.654      9727152 
   126.555      1.186      8.655     39216368 
   126.556      4.102      8.655     43528596 
   126.557      0.989      8.655     58705352 
   126.559      1.349      8.655    219995344 
   126.560      0.691      8.654     52364960 
   126.561      2.025      8.655     17039404 
   126.586      7.320      8.656      6753448 A35N-F15QE-A35H/A35N-F15HZ-A35H(QU=0.240)
   126.665      0.819      9.145      9057264 
   126.671      4.753      9.144     37747108 
   126.672      0.673      9.144     37834756 L34N-V32QG2-L34H/L34N-L34QD2-L34H(QU=0.810)
   126.673      8.924      9.143     16138403 
   126.674      1.433      9.144     75666712 L34N-L34HB3-L34H/L34N-L34HG-L34H(QU=0.847)
   126.674      2.792      9.144     17607670 
   126.678      5.227      9.143     23521030 
   126.678      4.976      9.144    184855568 
   126.679      1.191      9.144     36003184 L34N-K33HG2-L34H/L34N-L34HB2-L34H(QU=0.988)
   126.684      0.967      9.143     21928334 
   126.691      6.985      9.143      8437514 
   126.695      8.329      9.144     11180877 
   127.099      2.360      8.286     29661120 
   127.107      4.171      8.285    123552664 
   127.108      0.891      8.286     53233024 
   127.108      2.536      8.285     28070858 
   127.108      8.285      8.286    578662144 
   127.109      8.956      8.286      8508001 
   127.110      3.752      8.284     12731032 
   127.112      2.005      8.285     19609894 
   127.116      7.853      8.285     23277182 
   127.134      9.604     10.016      4819930 
   127.136      8.704     10.016      8983820 F63N-V62H-F63H/F63N-K64H-F63H(QU=0.991)
   127.142      2.090     10.014      6183665 
   127.142      1.306     10.014      6920646 
   127.144      1.914     10.016      9604827 
   127.144      5.204     10.016     16796238 
   127.147      2.811     10.016     37670860 
   127.147      6.767     10.016     16042135 
   127.147      2.908     10.015     20905586 
   127.148      4.651     10.016    112507744 
   127.148      8.890     10.016     16897398 
   127.148     10.013     10.016    438842400 
   127.150      0.809     10.016     57908864 
   127.151      1.676     10.013      5023026 
   127.153      0.630     10.015     12693117 
   127.165      5.279     10.016     11402726 
   127.512      2.091      9.098     47987924 V69N-V62HB-V69H/V69N-V69HB-V69H(QU=0.969)
   127.514      8.707      9.097     20556980 
   127.517      3.401      9.097    157396288 
   127.518      0.819      9.097    157044336 
   127.518      9.094      9.097    491031488 
   127.518      4.155      9.098     39986432 
   127.519      5.181      9.097     46620360 
   127.525      7.644      9.097    104862664 
   127.532      1.045      9.097     12220699 
   127.801      8.791      8.945     29490274 
   127.802      4.571      8.946      8214878 V93N-M58HA-V93H/V93N-K59HA-V93H(QU=0.578)
   127.807      4.191      8.945     23577090 
   127.808      4.113      8.945    170618016 
   127.808      8.949      8.945    491234176 
   127.809      2.005      8.945     57914564 
   127.810      0.865      8.945     71951976 
   127.813      1.635      8.945     17125624 V93N-K59HB2-V93H/V93N-K59HB3-V93H(QU=0.937)
   127.814      4.699      8.945     22167872 
   127.837      9.243      8.946      9987749 
   127.845      8.293      8.948     13101198 V93N-V92H-V93H/V93N-D94H-V93H(QU=0.965)
   128.237      4.977      8.329     36664280 
   128.245      1.506      8.330    131014328 K33N-K33HB2-K33H/K33N-K33HB3-K33H(QU=0.802)
   128.246      3.771      8.330    191276464 
   128.247      9.115      8.328     16288468 K33N-V32H-K33H/K33N-L34H-K33H(QU=0.836)
   128.256      0.695      8.328     69637784 
   128.258      1.221      8.330     30235464 K33N-K33HG2-K33H/K33N-K33HD2-K33H/K33N-K33HD3-K33H(QU=0.643)
   128.321      8.930      8.321      9720503 
   128.361      3.214      8.302      4551156 
   128.365      4.113      8.304     23925126 
   128.365      1.924      8.306     63565880 K33N-V32HB-K33H/V92N-V92HB-V92H(QU=0.965)
   128.365      0.983      8.305     77596384 
   128.371      5.264      8.303    162485344 V92N-N22HA-V92H/V92N-H91HA-V92H(QU=0.844)
   128.372      1.138      8.306     15796764 
   128.376      2.439      8.303      8545252 
   128.381      9.705      8.304      7044236 
   128.385      2.643      8.306      5248778 
   129.460      8.943      8.941    104192648 
   129.465      4.298      8.941     65381564 
   129.469      9.087      8.943      5100484 
   129.473      1.049      8.941     33728800 
   129.475      2.390      8.941     28365054 
   129.476      7.213      8.935      5428246 
   129.478      1.973      8.942     19277212 
   129.486      4.127      8.940     13906386 
   129.490      8.020      8.948      4393218 
   129.499      3.401      8.943     14357084 
   133.872      8.692     10.108      5446908 
   133.875      2.176     10.104     45342012 A55N-E48HB2-A55H/A55N-E48HB3-A55H(QU=0.473)
   133.877      3.889     10.104     27914088 
   133.879      8.382     10.104     10243851 
   133.881     10.105     10.104    403873984 
   133.881      4.432     10.104     99781008 
   133.881      2.045     10.104     12221174 
   133.881      1.336     10.104     83370640 
   133.883      2.854     10.104      9326539 
   133.892      2.984     10.103      6372025 
   133.892      2.571     10.105     10328366 
   133.896      1.494     10.104     12952761 