#phipsi_gfactor
#Residue\Model	average
2	-0.25
3	-0.10
4	0.53
5	1.22
6	1.27
7	0.60
8	0.94
9	1.04
10	1.02
11	1.22
12	1.11
13	1.22
14	1.13
15	1.15
16	1.08
17	0.59
18	0.01
19	0.81
20	-0.86
21	-0.10
22	0.19
23	1.10
24	0.90
25	1.08
26	1.35
27	0.91
28	1.18
29	1.00
30	1.18
31	1.19
32	1.31
33	0.63
34	-1.20
35	-2.15
36	-0.61
37	0.11
38	0.30
39	-0.66
40	0.80
41	-0.51
42	-0.22
43	0.12
44	0.71
45	0.70
46	-0.67
47	-0.50
48	-0.54
49	0.62
50	0.99
51	1.08
52	0.75
53	1.23
54	0.77
55	0.80
56	1.01
57	1.05
58	0.45
59	-2.83
60	-1.99
61	-1.66
62	-0.54
63	1.08
64	1.32
65	1.24
66	1.13
67	1.11
68	0.94
69	0.84
70	1.03
71	1.32
72	1.08
73	0.66
74	1.14
75	1.16
76	1.01
77	1.11
78	1.01
79	0.88
80	0.99
81	1.01
82	0.61
83	0.47
84	-1.77
85	-0.44
86	-0.91
87	-0.22
88	0.24
89	-0.07
90	0.45
91	-0.11
92	1.21
93	-0.55
94	-0.28
95	-0.45
96	-0.13
97	0.62
98	0.42
99	-2.89
100	-0.71
101	-1.36
102	-1.31
103	-0.68
104	-1.25
#Reported_Model_Average	0.330
#Overall_Average_Reported	0.330
