#alldih_gfactor
#Residue\Model	average
2	-0.93
3	0.02
4	0.65
5	1.22
6	0.16
7	0.77
8	0.94
9	0.84
10	1.04
11	0.92
12	0.98
13	1.18
14	0.48
15	0.61
16	0.92
17	0.59
18	-0.38
19	0.81
20	-0.81
21	-0.16
22	0.34
23	0.44
24	0.54
25	0.70
26	1.10
27	0.43
28	0.45
29	1.04
30	0.46
31	0.30
32	0.94
33	0.69
34	-1.05
35	-0.41
36	-0.05
37	-0.10
38	0.30
39	-0.06
40	-1.41
41	0.18
42	0.44
43	-0.05
44	0.70
45	0.37
46	0.30
47	0.17
48	0.16
49	0.62
50	0.99
51	-0.15
52	0.62
53	0.70
54	0.10
55	0.84
56	0.30
57	0.97
58	0.77
59	-1.03
60	-0.44
61	-0.39
62	-0.54
63	0.90
64	0.60
65	0.33
66	1.01
67	1.11
68	0.94
69	0.83
70	0.52
71	0.74
72	0.62
73	0.66
74	0.50
75	0.98
76	0.94
77	0.57
78	0.90
79	0.72
80	0.99
81	0.94
82	0.88
83	0.09
84	-0.52
85	-0.44
86	-0.77
87	-0.74
88	-0.48
89	-0.01
90	0.45
91	-0.11
92	0.10
93	0.14
94	0.19
95	0.34
96	-0.13
97	0.62
98	0.72
99	-1.73
100	-0.71
101	-1.32
102	-0.49
103	-1.69
104	-1.39
#Reported_Model_Average	0.271
#Overall_Average_Reported	0.271
