#verify3d
#Residue\Model	1	2	3	4	5
2	0.51	0.51	0.51	0.51	0.51
3	0.17	0.17	0.17	0.17	0.17
4	-0.22	-0.22	-0.22	-0.22	-0.22
5	0.63	0.63	0.63	0.63	0.63
6	0.29	0.29	0.29	0.29	0.29
7	0.86	0.86	0.86	0.86	0.86
8	-0.02	-0.02	-0.02	-0.02	-0.02
9	0.62	0.62	0.62	0.62	0.62
10	0.66	0.56	0.66	0.66	0.56
11	-0.22	-0.22	-0.22	-0.22	-0.22
12	0.16	0.16	0.16	0.16	0.16
13	0.66	0.66	0.07	0.66	0.66
14	0.16	0.16	0.16	0.16	-0.38
15	0.56	0.56	0.56	0.56	0.56
16	0.62	0.62	0.62	0.62	0.62
17	0.44	0.44	0.44	0.44	0.44
18	0.23	0.23	0.23	0.23	0.23
19	1.10	1.10	1.10	1.10	1.10
20	-0.74	-0.74	-0.74	-0.74	-0.40
21	0.34	0.34	0.17	0.34	0.34
22	-1.25	-1.25	-1.25	-1.25	-1.25
23	0.16	0.16	0.16	0.16	0.16
24	0.62	0.62	0.62	0.16	0.62
25	0.16	0.16	0.16	0.16	0.16
26	-0.02	-0.02	-0.02	-0.02	-0.02
27	-0.38	-0.38	-0.38	-0.38	-0.38
28	0.50	0.50	0.50	0.50	0.50
29	0.66	0.66	0.66	0.66	0.66
30	-0.02	0.32	0.32	-0.02	-0.02
31	0.50	0.50	0.50	0.50	0.50
32	-0.70	-0.70	-0.70	-0.70	-0.70
33	-0.20	-0.20	-0.20	-0.20	-0.20
34	-0.02	-0.02	-0.02	-0.02	-0.02
35	1.04	1.04	1.04	1.04	1.04
36	0.29	0.29	0.29	0.29	0.29
37	0.17	0.17	0.17	0.34	0.17
38	0.44	0.44	0.44	0.44	0.44
39	0.29	0.29	0.29	0.29	0.29
40	1.25	1.25	1.25	1.25	1.25
41	-1.30	-1.30	-1.30	-1.30	-1.30
42	0.47	0.47	0.47	0.47	0.47
43	0.17	0.17	0.17	0.17	0.17
44	0.29	0.29	0.29	0.29	0.29
45	0.17	0.17	0.17	0.34	0.17
46	0.28	0.28	0.28	0.28	0.28
47	-0.54	-0.54	-0.54	-0.54	-0.54
48	-0.68	-0.68	-0.68	-0.68	-0.68
49	-0.25	-0.25	-0.25	-0.25	-0.25
50	0.44	0.44	0.44	0.44	0.44
51	0.29	0.29	0.29	0.29	0.29
52	-0.02	-0.02	-0.02	-0.02	-0.02
53	0.16	0.62	0.62	0.16	0.62
54	-0.38	-0.38	-0.38	0.16	0.16
55	-0.02	-0.02	-0.02	-0.02	-0.02
56	-0.02	-0.02	-0.02	-0.02	-0.02
57	-0.02	-0.02	-0.02	-0.02	-0.02
58	0.62	0.62	0.62	0.60	0.62
59	0.08	0.08	0.08	0.08	0.08
60	-0.10	-0.10	-0.10	-0.10	-0.10
61	-0.68	-0.68	-0.68	-0.68	-0.68
62	-0.25	-0.25	-0.25	-0.25	-0.25
63	0.66	0.66	0.66	0.56	0.66
64	0.32	-0.02	-0.02	-0.02	-0.02
65	-0.13	-0.13	-0.13	-0.13	-0.13
66	0.16	0.16	0.16	0.16	0.16
67	0.66	0.66	0.66	0.66	0.66
68	0.44	-0.02	-0.02	-0.02	-0.02
69	-0.02	-0.02	-0.02	-0.02	-0.02
70	1.10	1.10	1.10	1.10	1.10
71	-0.02	0.32	0.32	-0.02	-0.02
72	-0.13	-0.13	-0.13	-0.13	-0.13
73	-0.02	-0.02	-0.02	-0.02	-0.02
74	-0.38	-0.38	-0.38	-0.38	-0.38
75	0.62	0.62	0.16	0.62	0.62
76	-0.02	-0.02	-0.02	-0.02	-0.02
77	-0.22	-0.22	-0.22	-0.22	-0.22
78	0.56	0.56	0.56	0.56	0.56
79	0.16	0.16	0.16	0.16	0.16
80	-0.02	-0.02	-0.02	-0.02	-0.02
81	-0.59	-0.59	-0.59	-0.59	-0.59
82	0.62	0.62	0.62	0.62	0.62
83	0.51	0.51	0.51	0.51	0.51
84	0.24	-0.41	-0.41	-0.41	-0.41
85	-0.25	-0.25	-0.25	-0.25	-0.25
86	-0.54	-0.54	-0.54	-0.54	-0.54
87	0.23	0.23	0.23	0.23	0.23
88	-0.84	-0.84	-0.84	-0.84	-0.84
89	0.51	0.51	0.51	0.51	0.51
90	-0.11	-0.11	-0.11	-0.11	-0.11
91	-0.25	-0.25	-0.25	-0.25	-0.25
92	0.23	0.51	0.51	0.23	0.51
93	-0.43	-0.43	-0.43	-0.43	-1.04
94	-0.40	-0.40	-0.40	-0.40	-0.40
95	-0.41	-0.41	-0.41	-0.41	-0.41
96	-0.54	-0.54	-0.54	-0.54	-0.54
97	0.44	0.44	0.44	0.44	0.44
98	-0.10	-0.10	-0.10	-0.10	-0.10
99	-1.63	-1.63	-1.63	-1.63	-1.63
100	-0.25	-0.25	-0.25	-0.25	-0.25
101	-0.68	-1.14	-1.14	-1.14	-1.14
102	0.04	0.04	0.04	0.04	0.04
103	0.20	0.20	-0.41	0.20	0.20
104	-0.41	-0.41	-0.41	-0.41	-0.41
#Reported_Model_Average	0.081	0.075	0.058	0.065	0.066
#Overall_Average_Reported	0.069
