#mage_clash
#Residue\Model	1	2	3	4	5	6	7	8	9	10	11	12	13	14	15	16	17	18	19	20
65.000	0	2	0	0	0	1	1	0	0	0	1	0	0	2	2	0	0	0	0	1
66.000	0	0	1	0	1	1	1	0	1	0	0	0	0	0	1	0	0	0	0	1
67.000	0	0	0	0	0	0	1	0	0	0	1	2	0	0	0	0	0	0	0	0
68.000	0	0	0	0	0	0	0	0	0	0	0	0	0	0	0	0	0	0	0	0
69.000	0	0	0	0	0	0	0	0	0	0	0	0	0	0	0	0	0	0	0	0
70.000	0	0	0	0	0	0	0	0	0	1	0	0	0	0	0	0	0	2	0	0
71.000	0	0	0	0	0	0	2	0	0	0	0	0	0	0	1	0	0	0	0	1
72.000	0	2	0	2	0	1	2	3	2	0	0	1	0	1	0	1	0	2	1	1
73.000	0	0	0	0	1	0	0	1	2	2	0	1	0	0	1	0	2	0	0	0
74.000	0	0	0	0	0	0	0	0	0	0	0	0	0	0	0	0	0	0	0	0
75.000	0	0	0	0	0	0	2	0	0	0	1	0	0	0	0	0	0	0	0	0
76.000	3	0	0	0	0	2	0	0	0	0	0	0	2	0	0	1	0	0	0	0
77.000	0	0	0	0	0	0	0	0	0	0	1	0	0	0	0	1	0	1	0	0
81.000	0	1	1	0	0	0	1	0	0	1	0	1	0	1	2	0	1	1	0	0
82.000	1	0	1	0	0	0	1	0	0	0	1	0	0	1	0	0	0	0	0	1
83.000	1	0	1	0	0	0	0	2	0	0	1	0	0	1	0	0	0	1	2	1
84.000	0	0	0	0	0	0	0	0	0	0	0	0	0	0	0	0	0	0	0	0
85.000	0	0	0	0	0	0	0	0	0	0	0	0	0	0	1	0	0	0	0	0
86.000	0	0	0	0	0	0	0	0	0	0	0	0	0	0	0	1	0	0	0	0
87.000	0	0	0	1	0	0	0	0	0	0	0	0	0	0	0	0	2	0	0	0
88.000	0	1	1	1	0	1	0	2	3	1	1	1	0	1	3	2	1	1	4	1
89.000	0	0	0	0	0	0	0	0	1	0	0	0	0	0	0	0	0	0	0	0
90.000	0	0	0	0	0	0	0	0	0	0	0	0	0	0	0	0	0	0	0	0
91.000	0	0	0	0	0	0	0	0	0	0	0	0	0	0	0	0	0	0	0	0
92.000	0	0	0	0	0	0	0	0	3	0	0	0	0	0	0	0	1	0	0	0
93.000	0	0	0	0	1	0	0	0	0	0	1	0	0	0	1	0	1	0	0	0
94.000	0	0	0	0	0	0	1	0	0	0	0	0	0	0	0	0	0	0	0	0
95.000	0	0	0	0	2	0	1	1	3	2	1	1	0	0	0	1	1	0	1	0
96.000	0	0	0	0	0	0	0	0	0	2	2	0	0	0	0	0	0	0	0	0
97.000	0	1	0	0	0	1	2	0	0	1	0	1	0	0	0	0	0	0	0	0
98.000	0	1	0	1	0	0	0	0	0	0	0	0	0	0	0	1	0	0	0	0
99.000	0	1	0	0	1	0	0	0	0	0	0	0	0	0	0	0	0	0	0	0
100.000	0	1	0	0	0	0	0	1	1	1	0	1	1	0	1	1	0	1	1	1
101.000	0	1	0	0	0	0	0	0	0	0	0	0	0	1	0	0	0	0	0	1
102.000	0	0	0	0	0	0	0	0	0	0	0	0	0	1	0	0	1	0	0	1
103.000	0	0	0	0	0	0	0	0	0	0	0	0	0	0	0	0	0	0	0	0
104.000	0	0	0	0	1	0	0	0	0	0	0	0	0	0	0	0	0	1	0	0
105.000	2	0	0	0	0	0	2	0	2	0	0	1	0	1	0	0	0	1	0	0
106.000	0	1	1	1	1	0	1	0	1	1	0	1	0	0	1	1	0	4	0	1
107.000	0	0	0	0	0	0	0	0	0	0	0	0	0	0	0	0	0	0	3	1
108.000	0	2	0	0	0	0	0	0	0	0	1	1	0	0	0	1	0	1	1	1
109.000	0	0	0	0	0	0	0	2	0	1	2	0	0	0	0	1	1	1	0	0
110.000	0	0	0	0	0	0	0	0	0	0	0	0	0	0	0	0	0	0	0	0
111.000	2	0	0	0	0	1	0	1	0	0	0	0	0	0	0	0	1	0	0	1
112.000	0	0	1	1	0	0	0	0	0	0	0	0	1	0	0	0	2	0	0	0
113.000	0	1	1	0	0	1	0	0	0	0	0	0	0	1	0	0	1	0	0	0
114.000	0	0	0	0	0	0	0	0	0	0	0	0	0	0	0	0	0	0	0	0
115.000	2	1	1	0	1	0	1	1	1	0	1	0	0	1	0	1	1	0	1	0
116.000	0	0	0	0	0	0	0	0	0	0	0	0	0	0	0	0	0	0	0	0
117.000	0	1	1	0	0	0	1	0	0	0	0	0	0	2	0	0	0	0	0	0
118.000	0	1	0	0	0	1	0	0	0	0	1	0	1	0	0	0	0	0	0	0
119.000	0	0	0	0	0	0	0	0	0	0	0	0	0	1	0	0	0	0	0	0
120.000	0	0	0	0	0	0	0	0	0	0	0	0	0	0	0	0	0	0	0	0
121.000	0	0	0	0	0	0	0	0	0	0	0	0	0	0	0	0	0	0	0	0
122.000	1	0	0	0	0	0	0	0	0	0	0	0	0	0	0	0	0	0	0	0
123.000	1	1	0	0	1	1	1	1	1	0	1	1	1	1	1	1	0	0	1	0
124.000	1	1	0	1	1	1	1	1	1	0	1	0	1	1	1	1	1	1	1	0
125.000	0	0	0	0	0	0	0	0	0	0	0	0	0	0	0	0	0	0	0	0
126.000	0	0	1	1	0	0	0	0	0	1	0	0	0	0	0	0	0	0	1	1
127.000	0	0	0	0	0	0	0	0	0	0	0	0	0	0	0	0	0	0	0	1
128.000	0	0	0	0	0	1	0	1	1	1	0	1	0	0	0	0	0	1	0	0
129.000	0	0	2	1	1	1	0	1	0	0	1	1	0	0	0	0	0	1	1	1
130.000	0	0	0	0	1	0	0	0	1	0	0	0	0	0	0	0	2	0	0	1
131.000	0	0	1	0	0	0	0	0	2	0	0	0	0	0	0	0	0	0	0	0
132.000	0	0	0	0	0	0	0	0	0	0	0	0	0	0	0	0	0	0	0	0
133.000	0	0	0	0	0	0	2	0	0	0	0	0	0	0	0	0	0	0	0	0
134.000	0	0	0	0	0	1	0	0	0	2	0	0	0	0	0	1	1	0	0	0
135.000	0	0	1	0	0	0	1	0	0	3	0	0	2	0	0	0	0	0	0	1
136.000	0	1	0	0	0	0	2	0	0	0	0	1	1	0	0	0	0	0	1	1
137.000	0	1	0	0	0	0	0	2	0	0	0	0	0	0	0	0	0	0	0	0
138.000	0	0	0	0	0	0	0	0	1	0	0	0	0	0	0	0	0	0	0	0
139.000	0	1	0	0	0	0	0	0	0	0	0	0	0	0	0	1	2	0	0	0
140.000	0	1	0	2	0	0	0	0	0	0	0	0	0	0	0	0	0	0	0	0
141.000	0	0	0	0	0	0	0	0	0	0	0	0	0	0	0	0	0	0	0	0
142.000	0	0	0	0	0	0	0	0	0	0	0	0	0	0	0	0	0	0	0	0
143.000	0	0	0	0	0	0	0	0	0	1	1	1	0	1	0	3	1	0	1	0
144.000	0	0	0	1	0	1	0	1	1	1	1	1	1	1	1	0	1	0	0	0
145.000	0	0	1	2	0	4	0	1	1	1	0	1	0	2	1	0	2	0	0	0
146.000	0	0	0	1	0	0	0	0	0	0	0	0	0	0	0	0	0	1	0	0
147.000	0	2	0	2	0	1	0	0	2	0	0	0	0	3	0	0	1	0	0	0
148.000	0	0	0	0	0	1	0	0	0	0	0	0	0	0	0	0	0	0	0	1
#Reported_Model_Average	0.173	0.321	0.198	0.222	0.160	0.272	0.333	0.272	0.383	0.284	0.259	0.235	0.136	0.296	0.222	0.247	0.333	0.259	0.247	0.259
#Overall_Average_Reported	0.256
