#alldih_gfactor
#Residue\Model	average
65	0.29
66	0.81
67	0.70
68	0.85
69	0.90
70	0.83
71	0.90
72	0.73
73	0.29
74	0.82
75	0.85
76	0.14
77	-0.93
81	0.11
82	0.42
83	0.51
84	0.67
85	0.85
86	0.74
87	0.78
88	0.74
89	0.77
90	0.90
91	0.72
92	-0.12
93	0.58
94	0.78
95	0.90
96	0.75
97	0.35
98	0.88
99	-0.49
100	0.40
101	-0.12
102	-0.39
103	-0.24
104	-0.01
105	0.10
106	-0.33
107	0.09
108	-0.94
109	0.73
110	0.96
111	0.92
112	0.80
113	0.38
114	0.84
115	0.76
116	0.80
117	0.79
118	0.81
119	-0.20
120	0.77
121	-0.47
122	-0.03
123	0.33
124	-0.21
125	0.76
126	0.75
127	-0.11
128	0.77
129	0.67
130	0.45
131	0.96
132	0.76
133	0.79
134	0.44
135	0.42
136	0.99
137	0.72
138	0.96
139	0.24
140	0.96
141	0.93
142	0.98
143	0.94
144	0.90
145	-1.01
146	-0.49
147	0.03
148	-0.21
#Reported_Model_Average	0.459
#Overall_Average_Reported	0.459
