#phipsi_gfactor
#Residue\Model	average
65	1.18
66	1.10
67	1.12
68	0.97
69	0.90
70	1.28
71	1.18
72	1.21
73	1.10
74	1.11
75	1.02
76	-0.22
77	-0.93
81	-0.45
82	0.94
83	0.99
84	1.12
85	1.01
86	1.00
87	0.78
88	1.05
89	0.85
90	1.15
91	0.72
92	-0.27
93	0.73
94	1.34
95	0.90
96	1.01
97	0.75
98	1.10
99	-0.82
100	1.30
101	-0.15
102	-0.60
103	-0.24
104	0.16
105	-0.13
106	-0.27
107	-0.27
108	-1.87
109	1.17
110	1.38
111	1.31
112	1.19
113	1.20
114	1.12
115	1.18
116	0.92
117	1.21
118	1.09
119	-0.44
120	1.13
121	-0.47
122	-1.10
123	0.16
124	0.01
125	1.03
126	1.25
127	0.38
128	1.00
129	0.96
130	1.17
131	1.01
132	0.95
133	0.79
134	0.74
135	1.12
136	1.39
137	1.10
138	1.01
139	1.02
140	1.21
141	1.18
142	0.98
143	1.21
144	1.23
145	-1.83
146	-1.67
147	0.22
148	-0.50
#Reported_Model_Average	0.628
#Overall_Average_Reported	0.628
