#prosaII
#Residue\Model	1	2	3	4	5	6	7	8	9	10	11	12	13	14	15	16	17	18	19	20
67	1.962	1.322	2.825	2.423	1.875	2.861	1.444	2.730	1.506	2.204	2.608	2.647	1.471	2.682	2.249	2.406	2.698	1.745	2.514	2.307
68	2.543	1.880	3.072	2.812	2.456	3.193	2.006	3.021	2.209	2.531	2.869	2.989	2.008	3.150	2.509	2.721	2.910	2.077	2.808	2.684
69	2.394	2.791	3.203	2.827	2.388	3.235	2.032	2.921	2.259	2.282	2.790	2.960	1.852	3.126	2.251	2.685	3.008	2.040	2.756	2.803
70	2.442	2.765	3.035	2.818	2.293	3.148	2.026	2.861	2.276	2.129	2.711	2.970	1.844	3.151	2.017	2.713	2.915	2.074	2.732	2.772
71	2.761	3.015	3.310	3.114	2.533	3.341	2.409	3.079	2.607	2.460	2.972	3.188	2.182	3.276	2.333	3.014	3.243	2.379	2.845	3.031
72	3.783	3.356	3.509	3.657	3.362	3.597	3.397	3.458	3.590	3.172	3.230	3.485	3.336	3.542	3.253	3.386	3.487	3.311	3.306	3.247
73	2.994	3.286	2.942	3.559	2.486	3.451	2.633	2.726	3.453	2.531	2.983	2.691	2.649	3.334	2.333	3.245	3.307	2.664	2.612	3.172
74	2.813	3.093	2.757	3.385	2.435	3.285	2.497	2.575	3.398	2.445	2.872	2.430	2.579	3.104	2.337	3.209	3.170	2.637	2.366	3.156
75	2.674	3.046	2.641	3.320	2.350	3.063	2.443	2.469	3.140	2.459	2.807	2.434	2.534	2.862	2.335	3.194	3.154	2.560	2.290	2.953
76	2.900	3.208	2.749	3.513	2.372	3.100	2.681	2.584	3.290	2.666	2.921	2.527	2.757	2.951	2.512	3.266	3.348	2.569	2.510	3.135
77	2.057	2.459	2.083	2.757	1.571	2.306	1.779	2.002	2.532	1.487	2.084	1.608	1.443	1.527	1.853	2.546	2.025	1.880	1.206	2.413
81	0.601	0.191	0.314	0.424	0.129	0.139	0.183	0.212	0.229	-0.475	0.069	0.253	-0.070	-0.430	0.372	0.390	-0.239	0.413	-0.140	0.320
82	0.219	-0.144	-0.027	0.175	-0.252	-0.090	-0.184	-0.185	-0.133	-0.801	-0.394	-0.235	-0.379	-0.837	-0.056	0.040	-0.621	0.123	-0.437	0.074
83	-0.164	-0.297	-0.225	-0.060	-0.106	-0.125	-0.393	-0.344	-0.207	-0.656	-0.494	-0.323	-0.319	-0.852	-0.124	-0.065	-0.901	0.063	-0.564	-0.097
84	0.475	0.408	0.432	0.576	0.590	0.567	0.371	0.180	0.445	0.525	0.245	0.344	0.754	0.413	0.519	0.448	0.239	0.524	0.543	0.451
85	0.582	0.594	0.541	0.736	0.868	0.729	0.553	0.365	0.544	0.813	0.543	0.617	0.464	0.677	0.712	0.504	0.294	0.759	0.660	0.492
86	1.665	2.235	2.152	1.894	1.914	2.344	1.612	1.390	2.171	1.876	1.516	2.229	1.467	1.729	1.746	2.066	1.954	1.637	2.250	2.046
87	2.042	2.725	2.539	2.296	2.359	2.693	2.020	1.664	2.637	2.284	1.847	2.645	1.778	2.139	2.083	2.478	2.400	2.024	2.741	2.468
88	2.530	3.174	2.938	2.881	2.757	3.267	2.610	2.161	3.303	2.960	2.278	3.119	2.296	2.588	2.589	2.997	2.874	2.545	3.125	2.981
89	3.439	4.221	4.016	3.981	3.669	4.387	3.566	3.305	4.410	3.817	3.272	4.195	3.452	3.738	3.539	3.996	3.891	3.626	3.931	3.951
90	3.916	4.732	4.609	4.478	3.896	4.877	3.905	3.349	4.772	3.636	3.709	4.649	3.808	4.184	3.506	4.419	4.397	4.074	4.361	4.480
91	3.604	4.601	4.441	4.293	3.752	4.668	3.656	3.079	4.501	3.543	3.571	4.617	3.744	4.104	3.259	4.317	4.341	4.068	4.348	4.378
92	3.754	4.670	4.438	4.209	3.732	4.704	3.909	3.038	4.688	3.678	3.577	4.445	4.164	4.009	3.310	4.320	4.419	3.984	4.425	4.283
93	3.819	4.196	3.404	3.711	3.886	4.300	4.027	3.215	4.329	3.753	3.766	3.833	4.221	3.921	3.391	3.841	3.777	3.964	3.934	3.295
94	4.045	4.303	3.407	3.758	3.900	4.392	4.164	3.473	4.277	3.927	3.942	4.022	4.394	4.011	3.543	3.944	3.852	4.095	3.985	3.332
95	4.001	4.370	3.436	3.721	3.961	4.223	4.093	3.467	4.166	3.681	4.005	3.994	4.272	3.786	3.516	3.908	3.892	3.983	3.964	3.239
96	2.848	3.740	2.734	2.988	3.420	2.762	2.833	2.005	2.794	3.203	3.552	3.360	3.554	2.367	3.023	3.337	3.290	3.167	3.588	2.564
97	2.326	3.101	2.140	2.403	2.730	2.141	2.414	1.753	2.381	3.022	2.900	2.704	2.884	1.823	2.840	2.686	2.650	2.592	2.956	1.940
98	2.563	3.044	2.137	2.452	2.790	2.171	2.523	1.889	2.454	3.015	2.962	2.642	2.916	1.803	2.942	2.683	2.624	2.524	2.859	1.920
99	2.369	3.117	2.186	2.543	2.803	2.115	2.293	2.011	2.326	2.808	2.966	2.692	2.944	1.938	2.958	2.759	2.691	2.500	2.745	2.078
100	2.740	3.410	3.192	3.500	3.036	2.458	2.713	2.386	2.767	3.232	3.376	3.002	3.579	2.487	3.481	3.063	3.021	2.940	3.032	2.893
101	2.147	2.937	2.838	3.067	2.704	1.916	2.212	1.721	2.339	2.848	2.991	2.671	3.266	1.866	3.086	2.894	2.523	2.558	2.719	2.398
102	1.504	2.512	2.504	2.563	2.163	1.519	1.637	1.236	1.859	2.397	2.512	2.261	2.759	1.516	2.551	2.427	2.089	2.084	2.190	1.928
103	1.706	1.979	2.361	2.092	1.874	1.765	1.870	1.595	2.087	2.037	2.146	1.851	2.150	1.795	1.957	1.906	1.681	1.879	1.551	1.570
104	1.736	2.161	2.321	2.179	2.082	1.887	2.011	1.918	2.138	2.180	2.432	1.966	2.336	1.924	2.174	2.094	1.752	1.951	1.681	1.586
105	1.888	2.199	2.529	2.384	2.211	2.012	2.096	2.087	2.153	2.325	2.578	2.152	2.406	1.879	2.283	2.253	1.960	2.161	1.792	1.797
106	1.768	2.010	2.519	2.263	2.082	1.849	2.014	1.912	2.100	2.159	2.412	1.925	2.153	1.686	2.037	2.092	1.779	2.008	1.773	1.605
107	0.966	1.152	1.508	1.391	1.303	1.013	0.938	1.006	0.916	1.272	1.486	1.215	1.085	0.722	0.966	1.418	1.102	1.218	0.923	0.858
108	1.018	0.976	1.344	1.423	1.361	1.108	0.914	1.274	0.819	1.220	1.382	0.929	0.854	0.786	0.809	1.134	1.037	1.094	0.708	0.897
109	0.679	0.948	1.253	1.474	1.500	1.106	1.014	1.377	0.770	1.261	1.422	0.912	0.992	0.971	0.819	1.154	0.927	1.131	0.796	1.048
110	1.132	1.508	1.549	1.997	1.696	1.644	1.595	1.835	1.380	1.582	1.759	1.393	1.566	1.414	1.444	1.697	1.466	1.500	1.306	1.545
111	1.270	1.477	1.674	2.044	1.901	1.762	1.585	1.840	1.394	1.424	1.716	1.542	1.621	1.377	1.476	1.802	1.580	1.642	1.410	1.699
112	1.150	1.386	1.481	1.869	1.766	1.743	1.660	1.813	1.449	1.327	1.593	1.485	1.670	1.540	1.407	1.703	1.408	1.529	1.360	1.585
113	0.977	1.145	1.190	1.699	1.553	1.692	1.451	1.573	1.258	1.204	1.409	1.571	1.517	1.374	1.222	1.565	1.229	1.577	1.235	1.471
114	1.557	1.998	2.124	2.303	2.141	2.262	2.180	2.219	2.032	1.994	2.007	2.448	2.083	2.021	1.865	2.183	2.035	2.375	2.136	2.332
115	1.479	2.085	2.157	2.126	1.968	2.215	2.138	2.093	1.975	1.910	1.910	2.443	2.019	1.961	1.907	2.009	1.975	2.318	2.095	2.338
116	2.390	2.324	2.489	2.394	2.328	2.604	2.549	2.400	2.304	2.346	2.287	2.789	2.216	2.284	2.248	2.394	2.331	2.707	2.290	2.569
117	2.266	1.915	2.076	1.960	2.093	2.159	2.170	2.074	1.871	2.068	1.939	2.401	1.865	1.920	1.843	2.078	1.953	2.316	1.989	2.230
118	2.036	1.614	1.756	1.566	1.715	1.920	1.893	1.724	1.503	2.055	1.611	2.046	1.529	1.598	1.565	1.729	1.622	1.895	1.654	1.932
119	2.146	1.811	2.033	1.719	1.905	2.035	1.858	1.781	1.592	2.175	1.730	2.138	1.575	1.644	1.620	1.856	1.891	2.000	1.884	2.150
120	2.016	1.730	2.022	1.574	1.776	1.816	1.707	1.682	1.476	2.004	1.584	1.911	1.965	1.538	1.583	1.723	1.855	1.696	1.694	2.085
121	2.042	1.597	1.833	1.608	1.884	1.898	1.789	1.760	1.522	1.947	1.658	1.757	2.094	1.582	1.598	1.723	1.721	1.607	1.603	1.983
122	2.028	1.541	1.704	1.575	1.744	1.835	1.792	1.648	1.613	1.861	1.667	1.722	2.078	1.781	1.519	1.840	1.715	1.620	1.490	1.805
123	1.695	1.415	1.620	1.548	1.515	1.562	1.478	1.404	1.454	1.498	1.434	1.491	1.904	1.572	1.381	1.571	1.615	1.328	1.567	1.756
124	1.061	1.032	1.284	1.201	1.107	1.301	1.067	1.054	1.142	1.020	1.040	1.183	1.514	1.204	0.968	1.105	1.298	0.973	1.298	1.408
125	0.731	0.785	1.069	1.580	1.407	1.044	0.863	0.863	1.055	0.837	0.904	1.055	1.291	0.946	0.705	0.834	1.135	0.956	1.673	1.181
126	0.582	0.587	0.705	1.279	1.094	0.876	0.761	0.843	0.990	0.698	0.693	0.858	1.053	0.797	0.798	0.710	1.014	1.077	1.375	0.980
127	0.276	0.310	0.725	1.319	0.827	0.892	0.416	0.908	1.029	0.407	0.375	0.510	0.205	0.831	0.791	0.679	1.098	1.099	1.490	1.027
128	0.339	0.250	0.746	1.265	1.047	0.817	0.493	0.807	0.987	0.328	0.328	0.506	0.111	0.719	0.763	0.509	0.981	1.470	1.403	0.905
129	0.016	-0.048	0.589	1.061	0.699	0.524	0.164	0.561	0.620	0.106	-0.011	0.160	-0.124	0.336	0.454	0.220	0.671	1.195	1.192	0.700
130	0.016	-0.099	0.427	0.948	0.646	0.472	0.193	0.479	0.548	0.150	-0.159	0.135	-0.162	0.211	0.390	0.212	0.603	1.195	1.014	0.524
131	0.121	-0.033	0.546	1.076	0.710	0.446	0.179	0.564	0.548	0.204	-0.075	0.214	-0.021	0.350	0.441	0.301	0.625	1.236	1.095	0.564
132	0.055	-0.084	0.467	0.457	-0.031	0.232	0.104	0.405	0.480	0.054	-0.207	0.144	-0.130	0.381	0.286	0.293	0.498	1.114	0.465	0.504
133	-0.266	-0.339	0.101	0.101	-0.219	0.073	-0.211	-0.108	0.074	-0.246	-0.490	-0.180	-0.487	0.060	0.061	-0.098	0.056	0.461	0.231	0.037
134	-0.046	0.145	-0.046	0.312	0.424	0.037	0.082	-0.233	-0.058	-0.030	-0.281	0.023	-0.309	-0.083	-0.022	-0.189	-0.127	0.301	-0.114	-0.094
135	0.144	0.574	0.081	0.698	0.468	0.279	0.186	0.076	0.248	0.265	-0.011	0.160	-0.045	0.417	0.341	0.200	0.310	0.076	0.172	0.198
136	0.416	0.902	0.363	1.145	0.979	0.573	0.537	0.329	0.702	0.612	0.349	0.606	0.278	0.651	0.648	0.504	0.730	0.305	0.538	0.432
137	0.756	1.286	0.650	1.414	1.299	0.948	0.875	0.763	1.135	0.991	0.777	0.966	0.730	1.081	0.987	0.881	1.084	0.737	0.861	0.842
138	0.567	1.244	0.384	1.713	1.186	0.892	0.832	0.528	0.954	0.880	0.574	0.712	0.407	0.871	0.860	0.723	0.913	0.616	0.569	0.663
139	1.178	1.929	1.072	2.435	1.979	1.564	1.406	1.292	1.478	1.494	1.181	1.270	0.829	1.572	1.543	1.359	1.629	1.095	1.065	1.167
140	1.021	1.883	1.186	2.365	1.863	1.146	1.317	1.245	1.492	1.328	1.045	1.211	0.797	1.528	1.230	1.233	1.440	1.032	0.864	1.147
141	1.498	1.953	1.457	2.392	1.827	1.463	1.715	1.640	1.842	1.765	1.473	1.615	1.282	1.883	1.629	1.617	1.796	1.538	1.276	1.525
142	0.729	1.275	0.764	1.517	1.262	0.966	0.954	0.837	1.086	0.925	0.744	0.903	0.570	1.076	0.900	0.903	1.192	0.922	0.531	0.934
143	0.269	0.857	0.355	0.868	0.746	0.566	0.453	0.437	0.675	0.373	0.235	0.341	0.062	0.700	0.484	0.378	0.690	0.461	0.102	0.563
144	-0.595	0.131	-0.380	0.099	-0.037	-0.185	-0.520	-0.385	-0.142	-0.586	-0.650	-0.619	-0.875	-0.013	-0.395	-0.418	0.009	-0.553	-0.695	-0.272
145	-0.509	0.597	-0.271	-0.433	0.006	0.069	-0.593	-0.359	-0.210	-0.641	-0.498	-0.480	-0.810	0.011	-0.439	-0.374	0.107	-0.715	-0.489	-0.315
146	-0.446	0.580	-0.314	-0.380	0.060	0.118	-0.523	-0.363	0.008	-0.661	-0.322	-0.429	-0.493	-0.059	-0.248	-0.235	0.190	-0.484	-0.274	-0.033
147	-0.651	0.353	-0.381	-0.458	-0.130	0.103	-0.830	-0.652	-0.426	-0.880	-0.457	-0.632	-0.716	-0.538	-0.527	-0.458	0.043	-0.640	-0.461	-0.385
148	-1.433	-0.286	-0.990	-1.203	-1.007	-0.608	-1.525	-1.398	-1.135	-1.565	-1.268	-1.325	-1.438	-1.225	-1.190	-1.154	-0.578	-1.430	-1.103	-1.281
#Reported_Model_Average	0.760	0.904	0.863	0.967	0.870	0.907	0.767	0.753	0.862	0.792	0.804	0.852	0.771	0.802	0.784	0.870	0.878	0.834	0.837	0.841
#Overall_Average_Reported	0.836
