#verify3d
#Residue\Model	1	2	3	4	5	6	7	8	9	10	11	12	13	14	15	16	17	18	19	20
65	-0.22	-0.22	-0.22	-0.22	-0.22	-0.22	-0.22	-0.22	-0.22	-0.22	-0.22	-0.22	-0.22	-0.22	-0.22	-0.22	-0.22	-0.22	-0.22	-0.22
66	0.66	0.66	0.66	0.66	0.66	0.66	0.66	0.66	0.66	0.66	0.66	0.66	0.66	0.66	0.66	0.66	0.66	0.66	0.66	0.66
67	0.29	0.29	0.29	0.29	0.29	0.29	0.29	0.62	0.29	0.29	0.29	0.62	0.29	0.29	0.29	0.29	0.29	0.62	0.29	0.29
68	-0.62	-0.62	-0.62	-0.62	-0.62	-0.29	-0.62	-0.62	-0.62	-0.62	-0.29	-0.62	-0.62	-0.29	-0.62	-0.29	-0.62	-0.62	-0.62	-0.29
69	-0.02	-0.02	-0.02	-0.02	-0.02	-0.02	-0.02	-0.02	-0.02	-0.02	-0.02	-0.02	-0.02	-0.02	-0.02	-0.02	-0.02	-0.02	-0.02	-0.02
70	0.29	0.29	0.44	0.29	0.29	0.29	0.29	0.44	0.29	0.29	0.29	0.29	0.29	0.44	0.29	0.29	0.44	0.29	0.44	0.29
71	0.44	0.29	0.29	0.29	0.29	0.29	0.29	0.29	0.29	0.44	0.29	0.29	0.29	0.29	0.44	0.29	0.29	0.29	0.29	0.29
72	0.86	0.86	0.86	0.86	0.86	0.86	0.86	0.86	0.86	0.86	0.86	0.86	0.86	0.86	0.86	0.86	0.86	0.86	0.86	0.86
73	0.16	0.16	0.16	0.16	0.16	0.16	0.16	0.16	0.16	0.16	0.16	-0.46	0.16	0.16	0.16	0.16	0.16	0.16	0.16	0.16
74	0.66	0.66	0.66	0.66	0.66	0.07	0.66	0.07	0.66	0.66	0.07	0.66	0.07	0.07	0.07	0.07	0.07	0.07	0.07	0.07
75	0.29	0.62	0.62	0.29	0.62	0.29	0.62	0.29	0.29	0.29	0.62	0.62	0.29	0.29	0.29	0.62	0.29	0.29	0.62	0.62
76	-0.55	0.50	0.50	0.50	0.50	0.50	0.50	0.50	-0.55	-0.55	0.50	0.50	-0.55	0.50	0.50	0.50	0.50	0.50	0.50	0.50
77	-0.25	0.14	-0.25	-0.25	0.14	-0.25	-0.25	-0.25	0.14	-0.25	0.14	0.14	-0.25	-0.25	-0.25	-0.25	-0.25	-0.25	-0.25	-0.25
81	-0.10	-0.10	0.47	-0.10	-0.10	-0.10	0.47	0.47	-0.10	0.47	-0.10	0.47	-0.10	-0.10	-0.10	0.47	-0.10	-0.10	0.47	-0.10
82	-1.25	-1.25	-1.25	-1.25	-0.62	-1.25	-0.62	-1.25	-1.25	-1.25	-0.62	-1.25	-1.25	-1.25	-1.25	-1.25	-1.25	-1.25	-1.25	-1.25
83	0.16	0.16	0.16	0.16	0.16	0.16	0.16	0.16	0.16	0.16	0.16	0.16	0.16	0.16	0.16	0.16	0.16	0.16	0.16	0.16
84	-0.38	-0.38	-0.38	-0.38	-0.38	-0.38	-0.38	0.16	0.16	-0.38	-0.38	-0.38	-0.38	-0.38	-0.38	-0.38	-0.38	-0.38	-0.38	-0.38
85	-0.62	-0.62	-0.62	-0.62	-0.29	-0.62	-0.62	-0.62	-0.62	-0.29	-0.62	-0.29	-0.62	-0.29	-0.29	-0.62	-0.62	-0.62	-0.62	-0.29
86	-0.20	0.56	0.56	0.56	0.56	-0.20	0.56	-0.20	0.56	0.56	0.56	-0.20	-0.20	-0.20	0.56	0.56	0.56	0.56	0.56	0.56
87	-0.02	0.44	-0.02	0.44	0.44	-0.02	-0.02	-0.02	-0.02	-0.02	0.44	0.44	-0.02	0.44	-0.02	0.44	-0.02	0.44	0.44	0.44
88	1.10	1.10	1.10	1.10	1.10	1.10	1.10	1.10	1.10	1.10	1.10	1.10	1.10	1.10	1.10	1.10	1.10	1.10	1.10	1.10
89	0.62	0.62	0.62	0.62	0.62	0.62	0.62	0.62	0.62	0.62	0.62	0.62	0.62	0.62	0.62	0.62	0.62	0.09	0.62	0.62
90	0.07	0.66	0.66	0.66	0.66	0.66	0.66	0.66	0.66	0.66	0.66	0.66	0.66	0.66	0.66	0.66	0.66	0.66	0.07	0.66
91	-0.02	-0.02	-0.02	-0.02	-0.02	-0.02	-0.02	-0.02	-0.02	-0.02	-0.02	-0.02	-0.02	-0.02	-0.02	-0.02	-0.02	-0.02	-0.02	-0.02
92	-0.02	-0.02	-0.02	-0.02	-0.02	-0.02	-0.02	-0.02	-0.02	-0.02	-0.02	-0.02	-0.02	-0.02	-0.02	-0.02	-0.02	-0.02	-0.02	-0.02
93	0.62	0.62	0.62	0.62	0.62	0.62	0.62	0.62	0.62	0.62	0.62	0.62	0.62	0.62	0.62	0.62	0.62	0.62	0.62	0.62
94	0.17	0.17	0.17	0.17	0.17	0.17	0.17	0.17	0.17	0.17	0.17	0.17	0.17	0.17	0.17	0.17	0.17	0.17	0.17	0.17
95	-0.02	-0.02	-0.02	-0.02	-0.02	-0.02	-0.02	-0.02	-0.02	-0.02	-0.02	-0.02	-0.02	-0.02	-0.02	-0.02	-0.02	-0.02	-0.02	-0.02
96	-0.02	-0.02	-0.02	-0.02	-0.02	-0.02	-0.02	-0.02	-0.02	-0.02	-0.02	-0.02	-0.02	-0.59	-0.02	-0.02	-0.02	-0.02	-0.02	-0.02
97	0.62	0.60	0.62	0.60	0.60	0.62	0.62	0.60	0.62	0.62	0.62	0.60	0.62	0.62	0.60	0.60	0.62	0.60	0.62	0.62
98	1.10	1.10	1.10	1.10	1.10	0.56	0.56	1.10	0.56	0.56	0.56	1.10	1.10	1.10	0.56	1.10	1.10	0.56	1.10	1.10
99	0.71	0.71	0.71	0.71	0.71	0.71	0.71	0.71	0.71	0.71	0.71	0.71	0.71	0.71	0.71	0.71	0.71	0.71	0.71	0.71
100	0.41	0.51	0.51	0.51	0.51	0.51	0.51	0.51	0.51	0.51	0.51	0.51	0.51	0.51	0.51	0.51	0.41	0.51	0.51	0.51
101	0.08	0.08	0.08	0.08	0.08	0.08	0.08	0.08	0.08	0.08	0.08	0.08	0.08	0.08	0.08	0.08	0.08	0.08	0.08	0.08
102	0.47	0.47	0.47	0.47	0.47	0.47	0.47	0.47	0.08	0.47	0.47	0.47	0.47	0.47	0.47	0.47	0.47	0.47	0.47	0.47
103	0.44	0.44	0.44	0.44	0.44	0.44	0.44	0.44	0.44	0.44	0.44	0.44	0.44	0.44	0.44	0.44	0.44	0.44	0.44	0.25
104	-0.54	-0.54	-0.54	-0.54	-0.54	-0.54	-0.54	-0.54	-0.54	-0.54	-0.54	-0.54	-0.54	-0.54	-0.54	-0.54	-0.54	-0.54	-0.54	-0.54
105	0.25	0.25	-0.03	0.25	0.25	0.25	0.25	-0.03	-0.03	0.25	0.25	0.25	0.25	0.25	-0.03	0.25	0.25	0.25	-0.03	0.25
106	0.08	0.08	0.08	0.08	0.08	0.08	0.08	0.08	0.08	0.08	0.08	0.08	0.08	0.08	0.08	0.08	0.08	0.08	0.08	0.08
107	-0.54	-0.54	-0.54	-0.54	-0.54	-0.54	-0.54	-0.54	-0.54	-0.54	-0.54	-0.54	-0.54	-0.54	-0.54	-0.54	-0.54	-0.54	-0.54	-0.54
108	0.47	0.47	-0.10	-0.10	0.47	-0.10	0.47	-0.10	0.47	-0.10	0.47	-0.10	0.47	0.47	0.47	0.47	-0.10	0.47	0.47	0.47
109	0.66	0.66	0.66	0.66	0.66	0.66	0.66	0.66	0.66	0.56	0.66	0.66	0.66	0.66	0.66	0.66	0.66	0.66	0.66	0.66
110	0.17	0.17	0.17	0.17	0.17	-0.06	0.17	0.17	0.17	-0.06	0.17	-0.06	-0.06	0.17	0.17	-0.06	-0.06	0.17	-0.06	0.17
111	0.29	0.29	0.29	0.29	0.29	0.29	0.29	0.29	0.29	0.29	0.29	0.29	0.29	0.29	0.29	0.29	0.29	0.29	0.29	0.29
112	0.50	0.50	0.50	0.50	0.50	0.50	0.50	0.50	0.50	0.50	0.50	0.50	0.50	0.50	0.50	0.50	0.50	0.50	0.50	0.50
113	0.62	0.62	0.62	0.62	0.16	0.62	0.62	0.62	0.62	0.62	0.62	0.62	0.62	0.62	0.62	0.62	0.62	0.62	0.62	0.62
114	0.56	-0.20	0.56	0.56	0.56	-0.20	0.56	0.56	1.10	-0.20	0.56	0.56	0.56	0.56	0.56	0.56	0.56	0.56	0.56	0.56
115	-0.22	-0.22	-0.22	-0.22	-0.22	-0.22	-0.22	-0.22	-0.22	-0.22	-0.22	-0.22	-0.22	-0.22	-0.22	-0.22	-0.22	-0.22	-0.22	-0.22
116	-0.62	-0.62	-0.62	-0.62	-0.62	-0.62	-0.62	-0.62	-0.62	-0.62	-0.62	-0.29	-0.62	-0.62	-0.62	-0.62	-0.62	-0.62	-0.62	-0.62
117	0.44	0.44	0.44	0.29	0.44	0.44	0.44	0.44	0.29	0.29	0.29	0.44	0.44	0.29	0.44	0.44	0.44	0.44	0.29	0.44
118	0.29	0.29	0.29	0.29	0.29	0.29	0.29	0.29	0.29	0.29	0.29	0.29	0.29	0.29	0.29	0.29	0.29	0.29	0.29	0.29
119	-0.02	-0.02	-0.02	-0.02	-0.02	-0.02	-0.02	-0.02	-0.02	-0.02	-0.02	-0.02	-0.02	-0.02	-0.02	-0.02	-0.02	-0.02	-0.02	-0.02
120	-0.38	-0.38	-0.38	-0.38	-0.38	-0.38	-0.38	-0.38	-0.38	-0.38	-0.38	-0.38	-0.38	0.16	-0.38	-0.38	-0.38	-0.38	-0.38	-0.38
121	0.14	0.14	0.14	0.14	0.14	0.14	0.14	0.14	0.14	0.14	0.14	0.14	0.14	0.14	0.14	0.14	0.14	0.14	0.14	0.14
122	0.25	0.25	0.25	0.25	0.25	0.25	0.25	0.25	-0.03	0.25	0.25	0.25	0.25	0.25	0.25	0.25	0.25	0.25	0.25	0.25
123	1.25	1.25	1.25	1.25	1.25	1.25	1.25	1.25	1.25	1.25	1.25	1.25	1.25	1.25	1.25	1.25	1.25	1.25	1.25	1.25
124	0.34	0.34	0.34	0.34	0.34	0.34	0.34	0.34	0.34	0.34	0.34	0.34	0.34	0.34	0.34	0.34	0.34	0.34	0.34	0.34
125	0.07	0.07	0.07	0.66	0.07	0.07	0.07	0.07	0.66	0.07	0.07	0.07	0.07	0.07	0.07	0.66	0.07	0.07	0.07	0.07
126	0.32	0.32	0.32	0.32	0.32	0.32	0.32	0.32	0.32	0.32	0.32	0.32	0.32	0.32	0.32	0.32	0.32	0.32	0.32	0.32
127	-0.55	-0.55	0.50	0.50	-0.55	-0.55	0.50	-0.55	-0.55	0.50	-0.55	-0.55	-0.55	-0.55	-0.55	-0.55	0.50	-0.55	0.50	0.50
128	-0.62	-0.29	-0.29	-0.29	-0.62	-0.62	-0.62	-0.62	-0.62	-0.29	-0.62	-0.29	-0.29	-0.62	-0.62	-0.29	-0.29	-0.62	-0.29	-0.29
129	0.29	0.44	0.44	0.44	0.44	0.44	0.44	0.44	0.29	0.29	0.44	0.44	0.44	0.44	0.44	0.44	0.44	0.44	0.44	0.29
130	-0.38	-0.38	-0.38	-0.38	-0.38	-0.38	-0.38	-0.38	0.16	-0.38	-0.38	-0.38	-0.38	-0.38	-0.38	-0.38	-0.38	-0.38	-0.38	-0.38
131	-0.02	-0.02	-0.02	-0.02	-0.02	-0.02	-0.02	-0.02	-0.02	-0.02	-0.02	-0.02	-0.02	-0.02	-0.02	-0.02	-0.02	-0.02	-0.02	-0.02
132	-0.62	-0.62	-0.62	-0.62	-0.29	-0.62	-0.62	-0.62	-0.62	-0.62	-0.62	-0.62	-0.62	-0.62	-0.62	-0.62	-0.62	-0.62	-0.62	-0.62
133	0.44	0.44	0.44	0.44	0.44	0.44	0.44	0.44	0.44	0.44	0.44	0.44	0.44	0.44	0.44	0.44	0.44	0.44	0.44	0.44
134	-0.38	-0.38	-0.38	-0.38	-0.38	-0.38	-0.38	-0.38	-0.38	-0.38	-0.38	-0.38	-0.38	-0.38	-0.38	-0.38	-0.38	-0.38	-0.38	-0.38
135	-0.13	-0.13	-0.13	-0.13	-0.13	-0.13	-0.13	-0.13	-0.13	-0.13	-0.13	-0.13	-0.13	-0.13	-0.13	-0.13	-0.13	-0.13	-0.13	-0.13
136	-0.02	-0.02	-0.02	-0.02	-0.02	-0.02	-0.02	-0.02	-0.02	-0.02	-0.02	-0.02	-0.02	-0.02	-0.02	-0.02	-0.02	-0.02	-0.02	-0.02
137	-0.27	-0.27	-0.27	-0.27	-0.27	-0.27	-0.27	-0.27	-0.27	-0.27	-0.27	-0.27	-0.27	-0.27	-0.27	-0.27	-0.27	-0.27	-0.27	-0.27
138	-0.02	-0.02	-0.02	-0.02	-0.02	-0.02	-0.02	-0.02	-0.02	-0.02	-0.02	-0.02	-0.02	-0.02	-0.02	-0.02	-0.02	-0.02	-0.02	-0.02
139	-0.22	-0.22	-0.22	-0.22	-0.22	-0.22	-0.22	-0.22	-0.22	-0.22	-0.22	-0.22	-0.22	-0.22	-0.22	-0.22	-0.22	-0.22	-0.22	-0.22
140	0.66	0.66	0.66	0.66	0.66	0.66	0.66	0.66	0.66	0.66	0.66	0.66	0.66	0.66	0.66	0.66	0.56	0.66	0.66	0.66
141	-0.55	-0.55	-0.55	-0.55	-0.55	-0.55	-0.55	-0.55	-0.55	-0.55	-0.55	0.50	-0.55	-0.55	-0.55	-0.55	-0.55	-0.55	-0.55	-0.55
142	-0.02	-0.02	-0.02	-0.02	-0.02	-0.02	-0.02	-0.02	-0.02	-0.02	-0.02	-0.02	-0.02	-0.02	-0.02	-0.02	-0.02	-0.02	-0.02	-0.02
143	-0.55	-0.55	-0.55	-0.55	0.50	-0.55	-0.55	-0.55	0.50	-0.55	-0.55	-0.55	0.50	-0.55	-0.55	-0.55	-0.55	0.50	-0.55	0.50
144	0.44	0.29	0.29	0.44	0.29	0.44	0.29	0.44	0.44	0.44	0.44	0.29	0.44	0.29	0.44	0.44	0.44	0.29	0.29	0.44
145	0.08	0.08	0.08	0.08	0.08	0.08	0.08	0.08	0.08	0.08	0.08	0.08	0.08	0.08	0.08	0.08	0.08	0.08	0.08	0.08
146	-0.41	-0.41	-0.41	-0.41	-0.41	-0.41	-0.41	-0.41	0.24	-0.41	-0.41	-0.41	0.24	-0.41	-0.41	-0.41	-0.41	0.24	-0.41	0.24
147	-0.68	-0.68	-0.68	-0.68	-0.68	-0.68	-0.68	-0.68	-0.68	-0.68	-0.68	-0.68	-0.68	-0.68	-0.68	-0.68	-0.68	-0.68	-0.68	-0.68
148	-0.54	-0.54	-0.54	-0.54	-0.54	-0.54	-0.54	-0.54	-0.54	-0.54	-0.54	-0.54	-0.54	-0.54	-0.54	-0.54	-0.54	-0.54	-0.54	-0.54
#Reported_Model_Average	0.077	0.115	0.125	0.129	0.143	0.069	0.131	0.100	0.126	0.094	0.118	0.130	0.100	0.103	0.096	0.130	0.107	0.116	0.119	0.152
#Overall_Average_Reported	0.114
