#alldih_gfactor
#Residue\Model	average
2	-2.30
3	-1.90
4	-0.80
5	-1.79
6	-0.33
7	-0.89
8	0.62
9	-0.14
10	0.94
11	-0.69
12	0.68
13	0.24
14	0.47
15	0.39
16	0.88
17	0.94
18	1.09
19	0.26
20	-0.92
23	-0.21
24	0.21
25	0.29
26	0.50
27	-0.92
28	0.17
29	0.45
30	0.41
31	0.65
32	0.77
33	1.15
34	0.35
35	0.15
36	0.93
37	0.30
38	0.42
39	-0.65
40	-1.47
41	-0.24
42	0.32
43	-0.62
44	-0.76
45	0.30
46	0.06
47	0.59
48	-0.02
49	0.25
50	-0.26
51	-0.30
52	0.07
53	0.16
54	0.64
55	0.73
56	0.59
57	-0.15
58	0.68
59	0.45
60	0.16
61	-0.21
62	-0.56
63	0.35
64	0.24
65	-0.08
66	-0.16
67	0.00
68	-0.16
69	-0.13
70	-0.34
71	-0.86
72	-0.13
73	0.47
74	-0.15
75	-0.56
76	-0.08
77	0.40
78	-0.15
79	0.22
80	-0.02
81	-0.39
#Reported_Model_Average	0.008
#Overall_Average_Reported	0.008
