#phipsi_gfactor
#Residue\Model	average
2	-2.30
3	-3.09
4	-2.26
5	-3.23
6	-1.28
7	-2.01
8	0.62
9	0.77
10	1.15
11	1.13
12	0.85
13	1.11
14	0.32
15	1.14
16	0.88
17	1.01
18	0.91
19	0.26
20	-1.40
23	0.11
24	0.56
25	0.29
26	-0.28
27	-0.92
28	-0.56
29	0.57
30	1.19
31	0.65
32	0.88
33	1.15
34	1.00
35	0.77
36	0.96
37	0.30
38	-0.17
39	-0.80
40	-1.02
41	-0.24
42	0.72
43	-1.93
44	-0.50
45	0.30
46	0.56
47	0.73
48	-1.13
49	0.25
50	-0.53
51	-0.30
52	-0.94
53	-0.01
54	0.98
55	0.77
56	0.69
57	-0.23
58	0.47
59	-0.26
60	-0.55
61	0.75
62	-0.57
63	-0.18
64	0.20
65	0.53
66	-0.33
67	-1.18
68	-0.44
69	-0.87
70	-0.64
71	-0.86
72	0.18
73	-0.29
74	-0.34
75	-0.60
76	-0.42
77	-0.37
78	-0.34
79	-0.26
80	-0.71
81	-0.88
#Reported_Model_Average	-0.122
#Overall_Average_Reported	-0.122
