#verify3d
#Residue\Model	1	2	3	4	5
2	0.25	0.25	0.25	0.44	0.44
3	-0.41	-0.41	-0.41	-0.41	-0.41
4	0.47	0.47	0.47	-0.10	0.47
5	0.04	0.04	0.04	0.04	0.04
6	0.47	0.47	0.47	0.47	0.47
7	0.20	0.20	-0.41	0.20	-0.41
8	0.05	0.05	0.05	0.05	0.05
9	0.16	-0.46	0.16	-0.46	-0.46
10	0.62	0.16	0.62	0.62	0.62
11	0.29	0.29	0.29	0.29	0.44
12	0.87	0.87	0.87	0.87	0.87
13	-0.22	-0.22	-0.22	-0.22	-0.22
14	-0.13	-0.13	-0.13	-0.13	-0.13
15	0.16	0.16	0.16	-0.38	0.16
16	-0.02	-0.02	-0.02	-0.02	-0.02
17	-0.02	-0.02	-0.02	-0.02	-0.02
18	0.62	0.62	0.62	0.62	0.62
19	-0.02	-0.02	0.44	-0.02	-0.02
20	-0.62	-0.62	-0.29	-0.62	-0.62
23	0.23	0.23	0.23	0.23	0.23
24	0.34	0.34	0.34	0.34	0.34
25	1.10	1.10	1.10	1.10	1.10
26	1.12	1.12	1.12	1.12	1.12
27	-0.52	-0.52	-0.52	-0.52	-0.52
28	0.41	0.41	0.41	0.41	0.41
29	0.16	0.16	0.16	0.16	0.16
30	0.16	0.16	0.16	0.16	0.16
31	0.44	0.44	-0.02	0.44	-0.02
32	-0.29	-0.29	-0.29	-0.29	-0.29
33	0.63	0.63	0.63	0.63	0.63
34	0.16	0.16	0.16	0.16	0.16
35	0.50	0.50	0.50	0.50	0.50
36	0.16	0.16	0.16	0.16	0.16
37	0.44	0.44	0.44	0.44	0.44
38	0.66	0.66	0.07	0.07	0.07
39	-0.02	-0.02	-0.02	-0.02	-0.02
40	0.51	0.51	0.51	0.51	0.51
41	0.25	0.25	0.44	0.25	0.25
42	0.34	0.34	0.34	0.34	0.34
43	0.71	0.71	0.71	0.71	0.71
44	0.51	0.51	0.51	0.51	0.51
45	0.44	0.44	0.44	0.44	0.44
46	-0.41	-0.41	-0.41	-0.41	-0.41
47	0.41	0.41	0.41	0.41	0.41
48	-0.42	-0.42	-0.42	-0.42	1.12
49	1.10	1.10	1.10	1.10	1.10
50	1.04	1.04	1.04	1.04	0.20
51	1.10	1.10	1.10	1.10	1.10
52	-0.41	-0.41	-0.41	-0.41	-0.41
53	0.16	0.16	0.16	0.16	0.16
54	-0.38	-0.38	-0.38	-0.38	-0.38
55	0.62	0.62	0.62	0.62	0.62
56	0.87	0.87	0.87	0.87	0.87
57	-0.29	-0.29	-0.29	-0.29	-0.29
58	0.47	0.08	0.47	0.08	0.47
59	0.47	0.47	0.47	0.47	0.47
60	0.29	0.29	0.29	0.29	0.29
61	0.23	0.23	0.23	0.23	0.23
62	0.71	0.71	0.71	0.71	0.71
63	0.14	0.14	0.14	0.14	0.14
64	0.79	0.79	0.79	0.79	0.79
65	0.16	0.16	0.16	0.16	0.16
66	0.10	0.10	0.10	0.10	0.10
67	0.41	0.41	0.41	0.41	0.41
68	0.65	0.49	0.65	0.49	0.49
69	-1.12	0.19	0.19	0.19	-1.12
70	0.01	0.01	0.01	0.01	0.01
71	1.10	1.10	1.10	1.10	1.10
72	0.34	0.34	0.34	0.34	0.34
73	-1.54	-1.54	-1.54	0.55	-1.54
74	-1.33	-1.33	-1.33	-1.60	-1.33
75	-0.49	0.80	-0.49	0.80	-0.49
76	0.49	0.49	0.49	0.49	0.49
77	-0.42	0.41	0.41	0.41	-0.42
78	0.26	0.26	0.26	0.26	0.26
79	0.19	0.84	0.19	0.19	0.19
80	0.14	0.14	0.14	0.14	0.14
81	0.24	0.24	0.24	0.24	0.24
#Reported_Model_Average	0.216	0.248	0.235	0.249	0.198
#Overall_Average_Reported	0.229
