Y15CQE-QE-QE	118.287	6.783	6.787	2896971264
Y15CQD-L10HB2-Y15QD	133.207	1.16	6.919	3876448
Y15CQD-HB3-QD	133.142	3.372	6.943	5548399
Y15CQD-HB2-QD	132.947	2.91	6.932	7960976
Y15CQD-HA-QD	132.99	4.173	6.93	6683832
W58CZ2-K60HA-W58HZ2	113.974	3.72	7.415	6977544
W58CZ2-K29QE-W58HZ2	114.253	2.136	7.414	6660842
W58CZ2-HH2-HZ2	114.069	7.162	7.413	66423740
W58CZ2-HE1-HZ2	114.09	10.131	7.414	15240919
W58CH2-K60HB2-W58HH2	124.404	1.64	7.155	5990136
W58CH2-K60HA-W58HH2	124.173	3.714	7.152	4448050
W58CH2-HZ2-HH2	124.312	7.412	7.161	38987440
W58CE3-S20HA-W58HE3	120.643	5.185	7.29	8392096
W58CE3-QB-HE3	120.669	2.776	7.288	23687276
W58CE3-K29HD3-W58HE3	120.679	0.739	7.286	6401322
W58CE3-HZ3-HE3	120.506	7.077	7.282	37919192
W58CE3-HA-HE3	120.615	4.65	7.286	9260120
W58CD1-V22QG1-W58HD1	126.645	0.97	7.062	16313685
W58CD1-V22HB-W58HD1	126.667	1.665	7.06	10134890
W58CD1-QB-HD1	126.694	2.778	7.061	28284268
W58CD1-K29HD2-W58HD1	126.641	0.623	7.062	11071759
W58CD1-HE1-HD1	126.709	10.134	7.062	32870286
W58CD1-HA-HD1	126.637	4.653	7.064	7827744
H38CE1-F46QD-H38HE1	138.446	6.262	7.807	7037341
H38CE1-F46HA-H38HE1	138.525	3.919	7.806	8330792
H38CD2-L39QD2-H38HD2	117.99	0.657	6.376	16283731
H38CD2-I35QD1-H38HD2	117.933	0.072	6.375	23985688
H38CD2-HB2-HD2	117.973	3.198	6.377	13324389
H28CE1-C48HB3-H28HE1	138.126	3.596	7.905	19330278
H28CE1-C48HB2-H28HE1	138.186	2.845	7.907	65019736
H28CE1-C48HA-H28HE1	137.928	5.092	7.901	5781486
H28CD2-HB2-HD2	118.932	3.235	7.065	5803980
H28CD2-HA-HD2	118.768	4.363	7.067	22933676
H17CD2-HB3-HD2	121.953	3.409	7.736	6691617
H17CD2-HB2-HD2	121.877	3.143	7.736	7996250
H17CD2-HA-HD2	121.932	5.212	7.738	4469988
H17CD2-A16QB-H17HD2	121.942	1.227	7.738	10130456
F47CZ-QE-HZ	130.157	7.469	7.147	23696162
F47CZ-P12HG2-F47HZ	130.055	1.983	7.148	8973879
F47CZ-P12HD3-F47HZ	130.069	3.889	7.146	6598004
F47CZ-P12HB2-F47HZ	130.116	2.102	7.147	10630227
F47CZ-I13QD1-F47HZ	130.081	-0.056	7.141	9045241
F47CQE-I13QD1-F47QE	131.449	-0.052	7.464	6505384
F47CQE-I13HG13-F47QE	131.425	0.682	7.463	4702769
F47CQD-HB3-QD	132.336	2.858	7.296	14582805
F47CQD-HB2-QD	132.355	2.228	7.297	17903232
F47CQD-HA-QD	132.32	4.496	7.295	13048478
F47CQD-H28HB3-F47QD	132.32	3.586	7.298	9672610
F47CQD-H28HB2-F47QD	132.321	3.233	7.297	19352132
F47CQD-H-QD	132.437	9.686	7.3	8981062
F46CZ-QD-HZ	129.5	6.251	7.107	8976972
F46CZ-I35QD1-F46HZ	129.489	0.069	7.106	3985179
F46CZ-I35HB-F46HZ	129.65	2.131	7.108	4924804
F46CZ-I35HA-F46HZ	129.408	4.455	7.106	7015000
F46CZ-I13QG2-F46HZ	129.54	0.49	7.099	4851251
F46CZ-H38HB3-F46HZ	129.577	3.26	7.111	4262661
F46CZ-C34HB2-F46HZ	129.489	2.766	7.101	4091446
F46CQE-QE-QE	131.441	7.078	7.078	646604544
F46CQE-QD-QE	131.441	6.259	7.08	58108180
F46CQE-I35QD1-F46QE	131.377	0.055	7.082	6053682
F46CQE-I13QD1-F46QE	131.4	-0.024	7.088	3936006
F46CQD-QE-QD	131.544	7.071	6.257	107672632
F46CQD-QD-QD	131.218	6.256	6.253	639776320
F46CQD-I13QD1-F46QD	131.371	-0.032	6.253	3713104
F46CQD-HB3-QD	131.227	2.099	6.253	15594851
F46CQD-HB2-QD	131.227	2.003	6.254	12731353
F46CQD-HA-QD	131.304	3.925	6.255	7691244
F23CZ-S30HB2-F23HZ	129.135	4.209	7.244	15610887
F23CZ-I35QD1-F23HZ	129.166	0.067	7.239	9001034
F23CZ-I35HB-F23HZ	129.197	2.15	7.242	8303456
F23CQE-S30HB3-F23QE	130.6	4.837	7.381	3651144
F23CQE-I35QG2-F23QE	130.519	1.084	7.371	19269468
F23CQE-I35QD1-F23QE	130.435	0.075	7.378	7435698
F23CQE-I35HG12-F23QE	130.512	0.821	7.374	12452936
F23CQE-I35HB-F23QE	130.512	2.146	7.375	15021907
F23CQE-H28HB3-F23QE	130.487	3.595	7.372	8154308
F23CQE-F46QD-F23QE	130.376	6.249	7.377	4439840
F23CQE-F46H-F23QE	130.483	6.06	7.383	5664309
F23CQE-A21QB-F23QE	130.522	1.341	7.371	13673209
F23CQD-V55QG2-F23QD	131.868	0.871	7.225	23243554
F23CQD-V55QG1-F23QD	131.867	1.046	7.226	27881702
F23CQD-I52QD1-F23QD	131.813	0.264	7.225	13706702
F23CQD-HB3-QD	131.864	3.484	7.225	42587336
F23CQD-HB2-QD	131.853	3.443	7.224	35608192
F23CQD-HA-QD	131.879	5.402	7.225	29733490
F23CQD-H28HB3-F23QD	131.864	3.603	7.223	21135216
F23CQD-H28HB2-F23QD	131.864	3.229	7.227	9080322
F23CQD-H-QD	131.929	8.683	7.232	7890437
A1H-H-H	113.923	0.631	7.404	4604985
A1H-H-H	120.662	0.638	7.286	13379184
A1H-H-H	130.012	0.653	7.141	11732087
A1H-H-H	130.519	7.229	7.375	116666528
A1H-H-H	131.47	2.124	7.466	7453345
A1H-H-H	131.86	4.779	7.223	9558206
A1H-H-H	131.9	0.818	7.226	20870874
A1H-H-H	131.401	1.978	7.467	5303093
A1H-H-H	126.673	0.758	7.06	10446252
?-?-?	120.679	0.967	7.289	11023687
?-?-?	136.729	1.202	8.395	12562965
?-?-?	120.666	1.657	7.287	6102971
?-?-?	131.864	3.147	7.224	7753304
?-?-?	136.664	1.498	8.394	5644552