?-?-?	20.201	7.283	0.964	34683836
?-?-?	24.797	1.785	0.739	25187174
?-?-?	31.818	3.738	3.472	22762936
?-?-?	41.954	1.039	3.049	22147614
?-?-?	42.098	2.263	2.989	20377690
?-?-?	42.182	1.683	2.928	37510944
?-?-?	52.542	7.622	4.64	25835354
?-?-?	58.742	1.743	4.68	16013714
?-?-?	24.795	2.305	0.739	30530570
?-?-?	55.384	1.661	4.675	21108256
?-?-?	21.126	6.664	0.756	14323190
?-?-?	21.304	7.286	0.75	17864590
?-?-?	18.102	7.733	1.491	10130494
A16CA-H-HA	52.536	8.827	4.639	30534128
A16CA-H17H-A16HA	52.575	7.285	4.641	22032192
A16CA-QB-HA	52.509	1.22	4.64	188642624
A16CB-C14HB2-A16QB	21.079	2.71	1.225	19311888
A16CB-C14HB3-A16QB	21.089	3.103	1.225	38640388
A16CB-H-QB	21.03	8.825	1.218	75988640
A16CB-H17H-A16QB	21.045	7.286	1.218	33267682
A16CB-H17HD2-A16QB	20.978	7.735	1.217	21871270
A16CB-HA-QB	21.048	4.641	1.217	182081792
A1H-H-H	10.098	1.986	-0.05	22218170
A1H-H-H	10.165	7.073	-0.051	17007560
A1H-H-H	13.149	7.235	0.066	30638418
A1H-H-H	13.151	7.1	0.069	18315466
A1H-H-H	13.152	0.809	0.067	118060264
A1H-H-H	13.152	1.735	0.068	39015484
A1H-H-H	13.155	7.377	0.068	32564734
A1H-H-H	13.185	7.079	0.068	16287310
A1H-H-H	13.351	0.722	0.591	239196848
A1H-H-H	14.313	8.337	0.268	33160578
A1H-H-H	19.234	7.223	1.096	15171984
A1H-H-H	19.293	7.392	1.096	191740080
A1H-H-H	19.332	4.171	0.629	12003820
A1H-H-H	21.252	1.656	0.756	131228040
A1H-H-H	21.532	4.114	0.982	123069704
A1H-H-H	21.956	0.815	0.888	368423968
A1H-H-H	21.978	1.584	0.657	52716984
A1H-H-H	21.979	1.731	0.657	92555920
A1H-H-H	22.847	7.22	1.336	21515876
A1H-H-H	24.438	0.75	0.896	151036544
A1H-H-H	24.448	0.632	1.061	24269930
A1H-H-H	24.455	0.76	1.062	43262492
A1H-H-H	24.458	2.986	1.356	51515652
A1H-H-H	24.461	1.68	1.354	159690528
A1H-H-H	24.475	3.713	1.357	22809718
A1H-H-H	24.494	1.605	1.359	145429552
A1H-H-H	24.5	1.67	0.896	39954852
A1H-H-H	24.542	0.633	0.898	44753844
A1H-H-H	26.386	1.738	0.715	148668432
A1H-H-H	26.783	7.116	0.687	9009911
A1H-H-H	27.342	4.806	2.025	10370725
A1H-H-H	27.348	3.688	2.001	31810428
A1H-H-H	27.371	3.782	2.006	25626752
A1H-H-H	27.499	3.921	1.963	19102344
A1H-H-H	28.653	1.376	1.601	72997656
A1H-H-H	28.661	0.741	0.627	301170304
A1H-H-H	28.704	1.679	0.74	24393296
A1H-H-H	28.708	0.631	0.744	343305024
A1H-H-H	28.801	1.186	0.735	25882232
A1H-H-H	28.842	0.592	1.497	119007472
A1H-H-H	28.842	1.583	0.718	23293004
A1H-H-H	28.862	1.681	0.628	16693436
A1H-H-H	28.873	8.338	1.665	70888112
A1H-H-H	28.894	8.341	1.021	31506964
A1H-H-H	28.932	7.101	2.769	18372550
A1H-H-H	28.969	7.107	2.916	11686245
A1H-H-H	29.004	3.164	1.016	12742730
A1H-H-H	29.029	1.73	1.015	23625294
A1H-H-H	29.063	2.972	1.682	48202192
A1H-H-H	29.134	0.068	1.013	54587392
A1H-H-H	29.155	0.811	1.014	254878928
A1H-H-H	29.191	7.374	0.81	13469403
A1H-H-H	29.263	7.221	0.808	9250869
A1H-H-H	29.267	1.365	1.694	55913452
A1H-H-H	30	2.271	2.076	68999752
A1H-H-H	30.018	2.286	1.968	105000416
A1H-H-H	30.052	4.255	1.96	47579484
A1H-H-H	30.173	8.392	1.958	33172650
A1H-H-H	31.325	3.919	2.132	13474285
A1H-H-H	31.422	0.754	2.776	23222958
A1H-H-H	31.437	0.631	2.785	21041942
A1H-H-H	31.442	1.66	2.778	32697122
A1H-H-H	31.865	8.329	3.148	111065568
A1H-H-H	31.904	1.025	3.159	10687392
A1H-H-H	31.989	7.288	3.556	33295434
A1H-H-H	32.071	4.177	3.548	37898776
A1H-H-H	32.08	2.066	2.909	69191392
A1H-H-H	32.084	2.067	2.646	44445152
A1H-H-H	32.414	3.786	1.971	19483316
A1H-H-H	32.427	4.836	1.97	68467432
A1H-H-H	32.445	4.115	2.002	29063428
A1H-H-H	32.457	2.154	1.973	152619008
A1H-H-H	32.467	0.965	1.993	175096160
A1H-H-H	32.848	7.868	1.616	34715012
A1H-H-H	32.89	7.865	1.694	35132576
A1H-H-H	33.777	2.186	2.462	63670640
A1H-H-H	33.782	2.065	2.471	16232294
A1H-H-H	33.812	2.107	2.466	21357124
A1H-H-H	36.242	1.973	2.286	244224336
A1H-H-H	36.285	2.074	2.277	204524224
A1H-H-H	36.322	4.255	2.286	52685752
A1H-H-H	36.322	8.39	2.291	27917950
A1H-H-H	36.391	7.241	2.145	17186688
A1H-H-H	36.395	7.389	2.146	55347968
A1H-H-H	36.41	1.018	2.146	18753150
A1H-H-H	36.527	7.11	2.146	6704049
A1H-H-H	37.549	0.629	1.683	120518776
A1H-H-H	37.55	4.125	2.694	25148164
A1H-H-H	37.567	0.743	1.185	29355604
A1H-H-H	37.567	0.743	1.684	32639896
A1H-H-H	37.57	0.631	1.186	47207268
A1H-H-H	37.607	0.592	1.187	23691940
A1H-H-H	38.166	0.63	1.584	143507856
A1H-H-H	38.166	0.722	1.585	26789186
A1H-H-H	38.175	0.59	1.584	78743792
A1H-H-H	41.285	7.73	2.821	12374353
A1H-H-H	41.475	0.751	2.139	108941176
A1H-H-H	42.089	1.707	2.989	39497948
A1H-H-H	42.096	1.355	2.985	68323320
A1H-H-H	42.096	1.355	2.985	68323320
A1H-H-H	42.163	1.659	2.98	56918612
A1H-H-H	44.206	4.246	1.633	34645380
A1H-H-H	50.38	2.375	3.516	26761016
A1H-H-H	50.69	1.974	3.689	28492104
A1H-H-H	50.711	2.04	3.687	59506088
A1H-H-H	50.717	2.049	3.783	39277084
A1H-H-H	50.77	1.98	3.784	42226616
A1H-H-H	50.836	0.713	3.865	16669670
A1H-H-H	51.711	1.67	4.873	6461366
A1H-H-H	51.817	8.335	4.868	169068608
A1H-H-H	55.027	1.677	4.486	63488496
A1H-H-H	55.243	0.622	4.77	11988611
A1H-H-H	55.367	1.74	4.673	29954142
A1H-H-H	56.083	3.148	4.713	65739308
A1H-H-H	56.674	1.695	3.709	45622500
A1H-H-H	56.679	7.866	3.71	40931260
A1H-H-H	57.118	1.961	4.258	80470704
A1H-H-H	57.14	2.284	4.256	57407528
A1H-H-H	57.183	8.392	4.254	98991472
A1H-H-H	57.222	0.625	4.177	29198986
A1H-H-H	57.507	0.968	4.655	21293498
A1H-H-H	57.543	7.924	4.654	71180880
A1H-H-H	57.583	3.851	4.655	101805728
A1H-H-H	57.583	3.886	4.656	142057312
A1H-H-H	58.57	2.183	4.115	63850264
A1H-H-H	58.724	1.661	4.681	42257256
A1H-H-H	58.734	0.656	4.674	46216516
A1H-H-H	58.777	3.887	4.93	22311108
A1H-H-H	58.812	0.621	4.931	20478058
A1H-H-H	58.877	4.194	4.927	67154480
A1H-H-H	60.185	7.102	4.453	24132846
A1H-H-H	60.203	7.079	4.451	19813726
A1H-H-H	61.891	8.285	4.406	73512176
A1H-H-H	63.216	1.968	4.507	38982496
A1H-H-H	63.858	0.975	4.11	149558448
A1H-H-H	63.947	0.591	3.265	32624520
A1H-H-H	64.205	2.375	4.899	72577608
A1H-H-H	64.211	8.614	3.952	11494395
A1H-H-H	65.194	8.436	3.885	46561556
A1H-H-H	65.2	0.956	3.885	18178078
A1H-H-H	65.215	4.655	3.885	80948952
A1H-H-H	65.216	8.435	3.855	35772396
A1H-H-H	65.223	4.654	3.851	82460632
A1H-H-H	65.261	7.928	3.852	13058271
A1H-H-H	65.284	7.929	3.885	12450557
A1H-H-H	68.758	4.373	4.064	41856064
A1H-H-H	57.358	0.74	4.246	25895852
A1H-H-H	52.901	1.037	5.395	20612106
A1H-H-H	32.3	7.111	3.183	10557246
A1H-H-H	32.206	7.071	3.248	11883118
A1H-H-H	32.246	7.111	3.253	9891817
A1H-H-H	29.223	1.013	0.81	212692224
A1H-H-H	14.228	7.22	0.266	25296352
A1H-H-H	32.873	3.711	1.696	40663192
A1H-H-H	32.831	1.693	1.617	966748800
A1H-H-H	21.96	0.813	0.657	61279204
A1H-H-H	67.448	7.241	4.204	38340524
A1H-H-H	31.424	5.536	2.775	19911910
A1H-H-H	23.147	4.187	0.597	13733893
A21CA-D57HA-A21HA	51.28	4.848	5.536	51145256
A21CA-H-HA	51.277	8.619	5.538	39922644
A21CA-QB-HA	51.291	1.338	5.535	205083920
A21CA-V22H-A21HA	51.286	9.042	5.536	202193648
A21CA-W58H-A21HA	51.301	7.916	5.536	54007356
A21CA-W58QB-A21HA	51.299	2.772	5.535	27655928
A21CB-F23HZ-A21QB	22.818	7.278	1.333	16672140
A21CB-F23QE-A21QB	22.89	7.37	1.337	35722332
A21CB-H-QB	22.862	8.619	1.336	60523660
A21CB-HA-QB	22.85	5.54	1.337	145754560
A21CB-I35QG2-A21QB	22.833	1.095	1.337	89481688
A21CB-K32HA-A21QB	22.869	3.891	1.338	64695860
A21CB-K32QB-A21QB	22.822	1.825	1.337	32430710
A21CB-S30H-A21QB	22.922	8.153	1.339	18733096
A21CB-V22H-A21QB	22.848	9.042	1.337	46277212
A21CB-V55QG1-A21QB	22.837	1.038	1.338	154013360
A33CA-C34H-A33HA	55.804	9.174	4.126	13984040
A33CA-H-HA	55.822	8.179	4.126	87569400
A33CA-K32QE-A33HA	55.7	3.077	4.126	13550360
A33CA-N36H-A33HA	55.761	8.406	4.125	14051336
A33CA-N36HB2-A33HA	55.796	2.706	4.126	28697794
A33CA-N36HB3-A33HA	55.819	2.905	4.126	51775564
A33CA-N36HD21-A33HA	55.791	7.443	4.123	17191196
A33CA-QB-HA	55.819	1.489	4.125	263087120
A33CB-C34H-A33QB	18.116	9.172	1.488	45044056
A33CB-H-QB	18.119	8.179	1.489	220172160
A33CB-HA-QB	18.106	4.128	1.488	239010464
A33CB-N36H-A33QB	18.243	8.395	1.479	11301810
C11CA-H-HA	57.269	8.669	4.176	39195432
C11CA-HB2-HA	57.276	2.808	4.177	43898480
C11CA-I19HG12-C11HA	57.289	0.72	4.175	33347854
C11CA-I19HG13-C11HA	57.305	1.497	4.176	34760012
C11CA-I19QD1-C11HA	57.26	0.59	4.175	35578812
C11CA-P12HD2-C11HA	57.268	3.925	4.177	100734704
C11CA-P12HD3-C11HA	57.281	3.869	4.176	76542280
C11CA-S30HA-C11HA	57.446	4.925	4.18	22032416
C11CB-A16H-C11HB3	32.073	8.824	3.549	17334614
C11CB-C14H-C11HB3	32.061	7.736	3.547	18198434
C11CB-C31H-C11HB2	32.051	10.216	2.805	32610244
C11CB-C31H-C11HB3	32.097	10.214	3.554	13862609
C11CB-C31HB2-C11HB3	31.991	2.971	3.552	16211831
C11CB-C31HB3-C11HB2	31.99	3.482	2.806	26873608
C11CB-H-HB2	32.036	8.669	2.807	89658584
C11CB-H-HB3	32.05	8.669	3.55	92981016
C11CB-HA-HB2	32.018	4.177	2.804	47252884
C11CB-HB2-HB3	32.049	2.806	3.549	301403168
C11CB-HB3-HB2	32.038	3.552	2.807	268057024
C11CB-Y15H-C11HB3	32.043	8.279	3.549	30350358
C14CA-H-HA	58.011	7.745	4.696	38445488
C14CA-HB2-HA	58.028	2.723	4.698	61436720
C14CA-HB3-HA	58.016	3.101	4.698	73173376
C14CB-A16H-C14HB3	32.75	8.815	3.092	9431223
C14CB-A16QB-C14HB2	32.697	1.22	2.723	20721198
C14CB-A16QB-C14HB3	32.719	1.219	3.101	70639944
C14CB-H-HB2	32.711	7.741	2.723	20933150
C14CB-H-HB3	32.767	7.736	3.101	18317564
C14CB-HA-HB2	32.685	4.697	2.723	73238976
C14CB-HA-HB3	32.736	4.697	3.102	93319856
C14CB-HB2-HB3	32.732	2.724	3.102	481902176
C14CB-HB3-HB2	32.698	3.1	2.723	399833472
C14CB-I13QG2-C14HB2	32.698	0.476	2.724	16921280
C14CB-I13QG2-C14HB3	32.751	0.479	3.1	12109896
C26CA-G27H-C26HA	61.947	8.736	4.409	14901700
C26CA-HB2-HA	61.875	2.802	4.408	131545984
C26CA-HB3-HA	61.883	3.04	4.408	170058880
C26CA-T50QG2-C26HA	61.842	1.406	4.407	25291666
C26CB-H-HB2	31.441	8.286	2.801	47173652
C26CB-H-HB3	31.38	8.287	3.043	22396052
C26CB-HA-HB2	31.449	4.408	2.799	90248512
C26CB-HA-HB3	31.422	4.408	3.041	128511664
C26CB-HB2-HB3	31.416	2.803	3.041	416830176
C26CB-HB3-HB2	31.454	3.04	2.799	359784032
C26CB-T50HB-C26HB2	31.43	4.062	2.8	38286692
C26CB-T50HB-C26HB3	31.418	4.064	3.041	17536106
C26CB-T50QG2-C26HB2	31.438	1.407	2.8	63318312
C26CB-T50QG2-C26HB3	31.399	1.409	3.039	21870950
C31CA-A21H-C31HA	59.081	8.62	5.411	26250602
C31CA-H-HA	59.049	10.212	5.411	20210398
C31CA-HB2-HA	59.075	2.968	5.409	67888080
C31CA-HB3-HA	59.081	3.481	5.408	94633112
C31CA-I19HA-C31HA	59.071	3.266	5.408	71621344
C31CA-K32H-C31HA	59.076	7.953	5.409	117248112
C31CA-S20H-C31HA	59.07	8.102	5.409	180535456
C31CB-A33H-C31HB3	31.882	8.179	3.48	25615084
C31CB-C11HB2-C31HB2	31.854	2.807	2.966	68482592
C31CB-C11HB2-C31HB3	31.934	2.807	3.486	27404536
C31CB-C11HB3-C31HB2	32	3.558	2.964	34059500
C31CB-H-HB2	31.872	10.215	2.967	36773456
C31CB-H-HB3	31.866	10.215	3.483	17149662
C31CB-H17HB2-C31HB2	31.882	3.149	2.965	46320568
C31CB-H17HB3-C31HB2	31.833	3.401	2.967	24738754
C31CB-HA-HB2	31.877	5.409	2.966	72075824
C31CB-HA-HB3	31.855	5.41	3.479	90427416
C31CB-HB2-HB3	31.859	2.967	3.48	271630464
C31CB-HB3-HB2	31.862	3.481	2.966	328191168
C31CB-K32H-C31HB2	31.87	7.954	2.968	20611830
C31CB-K32H-C31HB3	31.865	7.953	3.478	57870944
C34CA-H-HA	66.229	9.171	3.971	48459908
C34CA-HB2-HA	66.223	2.767	3.971	69057088
C34CA-HB3-HA	66.212	2.917	3.971	40262172
C34CA-I35H-C34HA	66.231	7.399	3.971	15165331
C34CA-Q37H-C34HA	66.227	7.836	3.969	18956984
C34CA-Q37HB2-C34HA	66.215	2.176	3.969	31230128
C34CA-Q37HB3-C34HA	66.185	2.231	3.97	22633774
C34CB-C31H-C34HB3	28.98	10.217	2.916	18318390
C34CB-H-HB2	28.945	9.17	2.764	31278142
C34CB-H-HB3	28.96	9.17	2.916	76847512
C34CB-HA-HB2	28.937	3.972	2.766	64297540
C34CB-HA-HB3	28.951	3.974	2.916	38401596
C34CB-HB2-HB3	28.958	2.768	2.917	442670720
C34CB-HB3-HB2	28.955	2.917	2.765	406419136
C34CB-I13QD1-C34HB2	28.952	-0.053	2.767	36452612
C34CB-I13QD1-C34HB3	28.869	-0.056	2.916	17178600
C34CB-I13QG2-C34HB2	28.936	0.479	2.766	50944908
C34CB-I13QG2-C34HB3	28.962	0.479	2.918	22443828
C34CB-I35H-C34HB2	28.939	7.393	2.766	24434662
C34CB-I35H-C34HB3	28.958	7.393	2.916	45293128
C34CB-S30HG-C34HB2	29.011	4.648	2.766	12035631
C34CB-S30HG-C34HB3	29.005	4.656	2.92	20297414
C45CA-F46H-C45HA	60.576	6.057	3.628	158538768
C45CA-H-HA	60.567	8.331	3.629	45988964
C45CA-HB2-HA	60.554	3.147	3.629	64458276
C45CA-HB3-HA	60.596	3.317	3.628	33079764
C45CA-I52HG13-C45HA	60.584	1.668	3.63	10261147
C45CA-I52QD1-C45HA	60.577	0.267	3.628	129066968
C45CB-C48H-C45HB3	31.87	8.383	3.31	28716398
C45CB-F23QD-C45HB2	31.842	7.224	3.146	21994850
C45CB-H-HB3	31.852	8.33	3.31	85515376
C45CB-HA-HB2	31.88	3.626	3.146	71261752
C45CB-HA-HB3	31.844	3.625	3.312	31493240
C45CB-HB2-HB3	31.836	3.146	3.312	244057808
C45CB-HB3-HB2	31.851	3.311	3.146	298752512
C45CB-I52HG13-C45HB2	31.845	1.664	3.148	20449232
C45CB-I52HG13-C45HB3	31.884	1.671	3.323	7366884
C45CB-I52QD1-C45HB2	31.859	0.264	3.144	33094116
C45CB-K49H-C45HB3	31.874	8.017	3.308	37599212
C45CB-K49HA-C45HB2	31.949	4.14	3.157	12997901
C45CB-K49HA-C45HB3	31.895	4.141	3.31	16090321
C45CB-T50H-C45HB2	31.901	8.083	3.147	26904950
C45CB-T50H-C45HB3	31.866	8.081	3.309	57798892
C45CB-T50HB-C45HB2	31.854	4.055	3.149	15408542
C45CB-T50HB-C45HB3	31.859	4.055	3.309	11204759
C48CA-H-HA	58.125	8.383	5.086	31199924
C48CA-HB2-HA	58.13	2.841	5.086	91970912
C48CA-HB3-HA	58.125	3.588	5.087	106388152
C48CA-K49H-C48HA	58.114	8.021	5.086	28637924
C48CB-H-HB2	32.668	8.382	2.837	22287548
C48CB-H-HB3	32.839	8.382	3.589	12783253
C48CB-H28HE1-C48HB2	32.724	7.903	2.839	86203952
C48CB-H28HE1-C48HB3	32.702	7.902	3.586	40154120
C48CB-HA-HB2	32.714	5.088	2.84	69240728
C48CB-HA-HB3	32.719	5.087	3.586	92065760
C48CB-HB2-HB3	32.72	2.84	3.586	319254016
C48CB-HB3-HB2	32.719	3.588	2.839	284539712
CPRO25CA-C26H-CPRO25HA	64.233	8.303	4.908	41134636
CPRO25CA-HB2-HA	64.251	2.241	4.905	72000520
CPRO25CA-Q24HA-CPRO25HA	64.342	5.054	4.906	177204384
CPRO25CA-Q24QB-CPRO25HA	64.347	2.049	4.905	73681600
CPRO25CB-HA-HB2	35.296	4.902	2.243	75392024
CPRO25CB-HA-HB3	35.328	4.903	2.372	86544888
CPRO25CB-HB2-HB3	35.298	2.245	2.372	390217600
CPRO25CB-HB3-HB2	35.292	2.372	2.243	426152992
CPRO25CB-HD2-HB2	35.319	3.528	2.242	16633646
CPRO25CB-HD2-HB3	35.331	3.522	2.372	26249416
CPRO25CB-HG2-HB2	35.334	1.832	2.244	55966916
CPRO25CB-HG2-HB3	35.282	1.837	2.372	28529088
CPRO25CB-HG3-HB2	35.381	2.092	2.243	84467456
CPRO25CB-HG3-HB3	35.32	2.094	2.372	69859096
CPRO25CD-C26H-CPRO25HD3	50.406	8.283	4.136	23252388
CPRO25CD-HD2-HD3	50.46	3.519	4.136	347701760
CPRO25CD-HD3-HD2	50.455	4.137	3.517	337646272
CPRO25CD-HG2-HD2	50.432	1.839	3.52	27896036
CPRO25CD-HG2-HD3	50.466	1.84	4.135	40456864
CPRO25CD-HG3-HD2	50.438	2.09	3.518	61077584
CPRO25CD-HG3-HD3	50.45	2.094	4.136	37252748
CPRO25CD-T50QG2-CPRO25HD2	50.477	1.41	3.527	12254851
CPRO25CD-T50QG2-CPRO25HD3	50.471	1.408	4.136	43498068
CPRO25CD-V53H-CPRO25HD2	50.422	9.425	3.516	38400760
CPRO25CD-V53H-CPRO25HD3	50.49	9.427	4.137	26892720
CPRO25CD-V53HB-CPRO25HD2	50.475	2.002	3.518	33274618
CPRO25CD-V53HB-CPRO25HD3	50.464	2	4.136	16002699
CPRO25CD-V53QG2-CPRO25HD2	50.442	0.981	3.516	127618888
CPRO25CD-V53QG2-CPRO25HD3	50.467	0.981	4.138	50214132
CPRO25CG-HB2-HG2	24.969	2.243	1.834	26658370
CPRO25CG-HB2-HG3	24.929	2.245	2.093	41659696
CPRO25CG-HB3-HG2	24.901	2.366	1.834	16408015
CPRO25CG-HB3-HG3	24.928	2.369	2.093	39216432
CPRO25CG-HD2-HG2	24.951	3.521	1.835	20218090
CPRO25CG-HD2-HG3	24.935	3.52	2.093	46905388
CPRO25CG-HD3-HG2	24.941	4.137	1.837	30053498
CPRO25CG-HD3-HG3	24.887	4.137	2.095	23073432
CPRO25CG-HG2-HG3	24.88	1.833	2.094	168814272
CPRO25CG-HG3-HG2	24.906	2.091	1.836	162416112
CPRO25CG-T50QG2-CPRO25HG2	24.958	1.409	1.836	44908160
CPRO25CG-T50QG2-CPRO25HG3	24.906	1.41	2.095	21327508
D44CA-HB2-HA	51.668	2.282	4.871	11112086
D44CA-HB3-HA	51.649	2.354	4.873	-1738672
D44CA-T51HA-D44HA	51.667	4.092	4.872	74613112
D44CA-T51QG2-D44HA	51.7	1.144	4.871	-78373344
D44CB-C45H-D44HB2	42.865	8.331	2.278	38837764
D44CB-C45H-D44HB3	42.863	8.331	2.362	36626392
D44CB-H-HB2	42.86	8.182	2.279	19279710
D44CB-H-HB3	42.885	8.183	2.362	21513266
D44CB-HA-HB2	42.886	4.864	2.278	45576428
D44CB-HA-HB3	42.91	4.863	2.362	52597360
D44CB-HB2-HB3	42.91	2.279	2.362	618993088
D44CB-HB3-HB2	42.888	2.36	2.279	666525120
D44CB-K49HA-D44HB2	42.845	4.138	2.279	36805676
D44CB-K49HA-D44HB3	42.899	4.138	2.361	38865132
D44CB-T51HA-D44HB2	42.926	4.084	2.281	15080369
D44CB-T51HA-D44HB3	42.987	4.083	2.368	14529810
D57CA-A21HA-D57HA	55.291	5.536	4.848	20022556
D57CA-A21QB-D57HA	55.265	1.347	4.849	-49905476
D57CA-H-HA	55.187	8.721	4.845	126551456
D57CA-HB2-HA	55.29	2.602	4.849	75128784
D57CA-HB3-HA	55.267	2.753	4.849	75078096
D57CA-W58H-D57HA	55.362	7.925	4.854	119995824
D57CB-H-HB2	41.227	8.724	2.604	98569696
D57CB-H-HB3	41.252	8.726	2.757	40652620
D57CB-HA-HB2	41.251	4.85	2.6	37425144
D57CB-HA-HB3	41.232	4.848	2.755	67486816
D57CB-HB3-HB2	41.241	2.752	2.601	429155232
D57CB-W58H-D57HB2	41.181	7.924	2.603	16886674
D57CB-W58H-D57HB3	41.224	7.915	2.753	27786244
D9CA-H-HA	54.169	8.328	4.692	33188784
D9CA-HB2-HA	54.129	2.656	4.694	36571264
D9CA-HB3-HA	54.143	2.847	4.695	49684584
D9CA-I19QD1-D9HA	54.112	0.588	4.696	19450062
D9CA-L10H-D9HA	54.167	7.75	4.695	63801100
D9CB-H-HB2	41.363	8.322	2.649	33310146
D9CB-H-HB3	41.231	8.324	2.843	16913276
D9CB-HA-HB2	41.237	4.689	2.646	32805528
D9CB-HA-HB3	41.269	4.695	2.846	55109212
D9CB-HB3-HB2	41.336	2.841	2.644	318062944
D9CB-I19QD1-D9HB2	41.244	0.591	2.649	18447074
D9CB-I19QD1-D9HB3	41.279	0.595	2.847	20654944
E56CA-D57H-E56HA	53.736	8.724	4.848	177790160
E56CA-H-HA	53.728	9.321	4.846	86773040
E56CA-HB2-HA	53.723	1.975	4.843	55791500
E56CA-HB3-HA	53.733	2.201	4.843	7712148
E56CA-QG-HA	53.8	2.3	4.846	78207728
E56CB-D57H-E56HB3	32.433	8.726	2.193	43246292
E56CB-H-HB2	32.413	9.316	1.97	35246724
E56CB-H-HB3	32.362	9.316	2.195	17624176
E56CB-HA-HB3	32.448	4.842	2.194	59725932
E56CB-HB2-HB3	32.417	1.97	2.194	317204320
E56CB-HB3-HB2	32.445	2.19	1.97	274087104
E56CB-V22QG1-E56HB3	32.26	0.963	2.195	35974732
E56CG-H-QG	35.936	9.315	2.292	20975414
E56CG-HA-QG	35.878	4.841	2.283	28458962
E56CG-Q24HE22-E56QG	36.278	6.679	2.287	16677968
E56CG-V22QG1-E56QG	36.194	0.963	2.283	36023700
E59CA-H-HA	54.862	7.619	4.108	28206300
E59CA-HB2-HA	54.883	1.681	4.109	30409318
E59CA-HB3-HA	54.934	1.818	4.11	45763884
E59CA-K60H-E59HA	54.902	7.866	4.108	128296528
E59CA-QG-HA	54.856	1.998	4.106	28725766
E59CB-H-HB2	31.582	7.619	1.674	24122076
E59CB-H-HB3	31.532	7.618	1.818	11195145
E59CB-HA-HB2	31.553	4.111	1.678	31419210
E59CB-HA-HB3	31.621	4.111	1.818	38785720
E59CB-HB2-HB3	31.596	1.685	1.822	373728224
E59CB-HB3-HB2	31.549	1.817	1.678	458449920
E59CB-K60H-E59HB2	31.476	7.863	1.679	13005269
E59CB-K60H-E59HB3	31.705	7.865	1.82	14775156
E59CB-QG-HB2	31.571	1.994	1.678	160029216
E59CB-QG-HB3	31.587	1.994	1.819	316162016
E59CG-H-QG	35.58	7.614	1.999	13809480
E59CG-HA-QG	35.538	4.112	2.001	20340460
E59CG-HB2-QG	35.648	1.683	1.999	78358984
E59CG-HB3-QG	35.611	1.825	2.003	413772928
E7CA-H-HA	57.321	8.608	4.249	27423962
E7CA-HB3-HA	57.354	2.111	4.248	57354728
E7CB-H-HB2	29.917	8.611	1.974	20294820
E7CB-HA-HB3	29.926	4.252	2.116	40512040
E7CB-QG-HB3	29.953	2.293	2.111	266024672
E7CG-HB3-QG	36.305	2.119	2.299	548630720
E8CA-D9H-E8HA	57.086	8.322	4.259	100732824
E8CA-HB3-HA	57.073	2.055	4.26	85240336
E8CA-L10HG-E8HA	57.411	1.557	4.248	13998211
E8CB-H-HB3	30.251	8.391	2.06	20419652
E8CB-HA-HB3	30.253	4.259	2.058	48524012
F23CA-E56H-F23HA	52.841	9.312	5.392	12845800
F23CA-H-HA	52.891	8.661	5.393	27751452
F23CA-HB2-HA	52.868	3.432	5.394	52476532
F23CA-HB3-HA	52.875	3.48	5.394	26958672
F23CA-I52QG2-F23HA	52.838	0.813	5.393	27436606
F23CA-Q24H-F23HA	52.885	9.239	5.394	119847656
F23CA-QD-HA	52.889	7.223	5.394	64470228
F23CA-V55HA-F23HA	52.888	4.791	5.394	57016580
F23CA-V55QG2-F23HA	52.872	0.888	5.392	34761392
F23CB-H-HB2	38.64	8.663	3.432	25399282
F23CB-H-HB3	38.637	8.66	3.483	24726804
F23CB-H28H-F23HB3	38.65	8.19	3.484	12235084
F23CB-HA-HB2	38.627	5.395	3.433	39494096
F23CB-HA-HB3	38.632	5.395	3.484	35919700
F23CB-HB2-HB2	38.639	3.434	3.433	427773056
F23CB-HB2-HB3	38.66	3.435	3.484	384713184
F23CB-I52HG12-F23HB2	38.631	1.024	3.436	25866156
F23CB-I52HG12-F23HB3	38.643	1.023	3.482	23190262
F23CB-I52QD1-F23HB2	38.619	0.267	3.431	24541818
F23CB-I52QD1-F23HB3	38.624	0.263	3.485	23459768
F23CB-I52QG2-F23HB2	38.61	0.813	3.435	39946784
F23CB-I52QG2-F23HB3	38.629	0.811	3.485	33575324
F23CB-Q24H-F23HB2	38.643	9.243	3.439	15066865
F23CB-Q24H-F23HB3	38.667	9.239	3.488	14906877
F23CB-QD-HB2	38.635	7.22	3.436	50379460
F23CB-QD-HB3	38.661	7.221	3.484	54991908
F46CA-F47H-F46HA	58.505	9.683	3.911	12075559
F46CA-H-HA	58.458	6.057	3.913	35725960
F46CA-H38HE1-F46HA	58.437	7.806	3.913	12600693
F46CA-HB2-HA	58.469	1.989	3.912	49731652
F46CA-HB3-HA	58.478	2.105	3.912	59457856
F46CA-QD-HA	58.477	6.249	3.911	26529466
F46CB-F47H-F46HB2	39.293	9.693	1.99	7050564
F46CB-F47H-F46HB3	39.429	9.69	2.106	7322369
F46CB-H-HB2	39.381	6.055	1.991	22645488
F46CB-H-HB3	39.434	6.055	2.105	28698144
F46CB-HA-HB2	39.374	3.914	1.992	28733000
F46CB-HA-HB3	39.42	3.915	2.105	33490234
F46CB-HB2-HB3	39.389	1.991	2.107	342837888
F46CB-HB3-HB2	39.369	2.103	1.988	289831616
F46CB-I13QD1-F46HB2	39.31	-0.049	1.993	12239348
F46CB-I13QD1-F46HB3	39.444	-0.054	2.107	17303834
F46CB-QD-HB2	39.361	6.249	1.993	28799758
F46CB-QD-HB3	39.438	6.25	2.106	36729912
F47CA-F46HB2-F47HA	59.585	1.954	4.483	14453980
F47CA-H-HA	59.434	9.693	4.494	23152884
F47CA-HB2-HA	59.417	2.222	4.493	27944654
F47CA-HB3-HA	59.424	2.859	4.493	71812000
F47CA-QD-HA	59.387	7.291	4.491	53227488
F47CB-C48H-F47HB2	39.232	8.384	2.221	49527972
F47CB-C48H-F47HB3	39.184	8.385	2.856	28811034
F47CB-H-HB2	39.247	9.689	2.22	39997992
F47CB-H-HB3	39.232	9.689	2.859	16118996
F47CB-HA-HB2	39.232	4.495	2.22	25783624
F47CB-HA-HB3	39.239	4.492	2.856	56879788
F47CB-HB2-HB3	39.231	2.221	2.856	268546880
F47CB-HB3-HB2	39.235	2.858	2.221	264765440
F47CB-QD-HB2	39.24	7.29	2.221	49650160
F47CB-QD-HB3	39.22	7.291	2.855	51178892
G27CA-H-HA2	46.114	8.728	3.649	102397016
G27CA-H-HA3	46.112	8.73	3.923	34642136
G27CA-H28H-G27HA2	46.093	8.191	3.649	16425962
G27CA-H28H-G27HA3	46.094	8.191	3.922	10629940
G27CA-HA2-HA3	46.082	3.656	3.922	285060256
G27CA-HA3-HA2	46.084	3.917	3.648	309727328
G27CA-V22QG1-G27HA2	46.246	0.964	3.653	26744326
G27CA-V22QG2-G27HA2	46.154	0.755	3.65	66810156
G27CA-V22QG2-G27HA3	46.035	0.756	3.92	18245194
G61CA-H-QA	45.974	7.903	3.689	79431528
H17CA-A16QB-H17HA	52.734	1.217	5.215	17013888
H17CA-H-HA	52.682	7.285	5.213	41007052
H17CA-HB2-HA	52.675	3.151	5.215	41552892
H17CA-HB3-HA	52.674	3.398	5.214	83070864
H17CA-HD2-HA	52.648	7.735	5.21	16625634
H17CA-P18HD2-H17HA	52.669	3.788	5.214	106520960
H17CA-P18HD3-H17HA	52.676	3.989	5.214	206578672
H17CB-C31HB2-H17HB2	31.907	2.964	3.148	31940482
H17CB-C31HB2-H17HB3	31.929	2.968	3.401	19737528
H17CB-H-HB2	31.952	7.287	3.149	35906440
H17CB-HA-HB2	32.041	5.218	3.148	26886006
H17CB-HA-HB3	31.994	5.215	3.397	55995324
H17CB-HB2-HB3	31.954	3.149	3.399	245930624
H17CB-HB3-HB2	31.974	3.397	3.148	292885088
H17CB-HD2-HB2	31.939	7.734	3.148	19943648
H17CB-HD2-HB3	31.935	7.735	3.398	11480394
H17CB-P18HD2-H17HB2	31.996	3.791	3.146	15220343
H17CB-P18HD2-H17HB3	31.991	3.788	3.397	59858548
H17CB-P18HD3-H17HB3	31.974	3.989	3.397	17318854
H28CA-H-HA	60.13	8.188	4.357	39952172
H28CA-HB3-HA	60.12	3.586	4.357	29539586
H28CA-HD2-HA	60.18	7.061	4.357	65008744
H28CA-K29H-H28HA	60.17	7.356	4.357	129877336
H28CA-K29HG3-H28HA	60.148	1.053	4.354	22567106
H28CA-V22QG2-H28HA	60.208	0.75	4.36	14494357
H28CB-F23QD-H28HB2	31.509	7.224	3.229	23676032
H28CB-F23QD-H28HB3	31.526	7.223	3.584	45347648
H28CB-F47QD-H28HB2	31.524	7.29	3.232	55079276
H28CB-F47QD-H28HB3	31.598	7.292	3.585	24815068
H28CB-F47QE-H28HB2	31.595	7.458	3.23	18108482
H28CB-H-HB2	31.52	8.19	3.229	20817784
H28CB-H-HB3	31.548	8.189	3.584	48258760
H28CB-HA-HB2	31.598	4.359	3.233	34304688
H28CB-HA-HB3	31.499	4.354	3.585	22242188
H28CB-HB2-HB3	31.539	3.229	3.585	218000944
H28CB-HB3-HB2	31.531	3.585	3.229	208788672
H28CB-K29H-H28HB2	31.563	7.358	3.23	71382112
H28CB-K29H-H28HB3	31.541	7.361	3.585	39996536
H2CA-HB2-HA	56.077	3.102	4.712	69140520
H2CA-M3H-H2HA	56.059	8.421	4.715	16670638
H2CB-HA-HB2	30.376	4.712	3.11	41562192
H2CB-HA-HB3	30.411	4.697	3.159	27589204
H38CA-H-HA	60.263	8.025	4.393	56648088
H38CA-HB2-HA	60.266	3.187	4.393	39105924
H38CA-HB3-HA	60.273	3.251	4.391	89710192
H38CB-H-HB2	32.142	8.024	3.18	57656084
H38CB-H-HB3	32.223	8.024	3.251	67789888
H38CB-HA-HB2	32.123	4.392	3.184	36764712
H38CB-HA-HB3	32.158	4.393	3.251	48384132
H38CB-HB2-HB3	32.152	3.186	3.249	299954848
H38CB-HB3-HB2	32.128	3.25	3.183	321982016
H38CB-HD2-HB2	32.067	6.37	3.187	12721356
H38CB-HD2-HB3	32.272	6.377	3.25	12841648
H38CB-I35HA-H38HB2	32.205	4.455	3.18	31241130
H38CB-I35HA-H38HB3	32.238	4.456	3.251	33283584
H38CB-I35QD1-H38HB2	32.112	0.065	3.179	27768126
H38CB-I35QD1-H38HB3	32.214	0.066	3.251	24181672
H38CB-L39H-H38HB3	32.154	8.329	3.255	24083936
I13CA-C14H-I13HA	62.244	7.735	3.929	11426933
I13CA-H-HA	62.235	8.744	3.931	26570294
I13CA-HB-HA	62.237	2.323	3.932	23973230
I13CA-HG13-HA	62.198	0.691	3.934	25895958
I13CA-QD1-HA	62.196	-0.052	3.932	78886440
I13CA-QG2-HA	62.213	0.48	3.932	107972352
I13CB-C14H-I13HB	35.512	7.74	2.322	64155752
I13CB-H-HB	35.535	8.745	2.321	44488612
I13CB-HA-HB	35.384	3.937	2.32	19052438
I13CB-HG12-HB	35.531	0.624	2.322	41376436
I13CB-HG13-HB	35.474	0.694	2.323	35017052
I13CB-QD1-HB	35.483	-0.052	2.322	30543244
I13CB-QG2-HB	35.5	0.48	2.322	119577648
I13CD1-C34HB2-I13QD1	10.156	2.767	-0.051	25419548
I13CD1-F46HB3-I13QD1	10.166	2.107	-0.055	26254674
I13CD1-F46QD-I13QD1	10.141	6.249	-0.055	23662944
I13CD1-F47HZ-I13QD1	10.212	7.15	-0.051	11079959
I13CD1-F47QE-I13QD1	10.154	7.459	-0.049	17637530
I13CD1-H-QD1	10.196	8.745	-0.054	12765601
I13CD1-HA-QD1	10.14	3.93	-0.051	56877544
I13CD1-HB-QD1	10.126	2.323	-0.047	23205806
I13CD1-HG12-QD1	10.138	0.618	-0.053	62307656
I13CD1-HG13-QD1	10.133	0.689	-0.051	82189080
I13CD1-QG2-QD1	10.136	0.479	-0.05	121631120
I13CD1-S30HB3-I13QD1	10.128	4.838	-0.049	19685720
I13CG1-F47HZ-I13HG12	26.659	7.14	0.628	9878942
I13CG1-H-HG12	26.66	8.74	0.621	15522787
I13CG1-H-HG13	26.669	8.744	0.688	20869596
I13CG1-HA-HG12	26.689	3.93	0.614	10705359
I13CG1-HA-HG13	26.705	3.927	0.688	19883102
I13CG1-HB-HG12	26.653	2.318	0.625	28226992
I13CG1-HB-HG13	26.734	2.32	0.69	29951470
I13CG1-HG12-HG13	26.698	0.624	0.691	287696000
I13CG1-HG13-HG12	26.674	0.693	0.622	261678080
I13CG1-QD1-HG12	26.679	-0.05	0.623	64897988
I13CG1-QD1-HG13	26.719	-0.05	0.69	75331336
I13CG1-QG2-HG12	26.669	0.479	0.624	40877368
I13CG1-QG2-HG13	26.705	0.479	0.689	37997316
I13CG2-C14H-I13QG2	17.267	7.739	0.48	24211536
I13CG2-C34HB2-I13QG2	17.279	2.768	0.48	51391080
I13CG2-F46QE-I13QG2	17.302	7.08	0.482	12136539
I13CG2-HA-QG2	17.274	3.933	0.48	94183728
I13CG2-HB-QG2	17.271	2.318	0.479	132660488
I13CG2-HG13-QG2	17.245	0.663	0.481	34004440
I13CG2-HG13-QG2	17.277	0.689	0.48	54556892
I13CG2-QD1-QG2	17.269	-0.051	0.48	168519904
I19CA-A21H-I19HA	63.966	8.621	3.266	31335744
I19CA-C31H-I19HA	63.962	10.198	3.263	13266926
I19CA-C31HA-I19HA	63.971	5.41	3.266	61982456
I19CA-H-HA	63.966	8.497	3.265	57873840
I19CA-HB-HA	63.95	1.588	3.265	36676560
I19CA-HG12-HA	63.961	0.722	3.265	43601676
I19CA-HG13-HA	63.963	1.499	3.264	35737700
I19CA-QG2-HA	63.953	0.63	3.266	82448304
I19CA-S20H-I19HA	63.961	8.102	3.266	190029408
I19CB-H-HB	38.168	8.498	1.583	107333376
I19CB-HA-HB	38.181	3.266	1.583	32465546
I19CB-HG13-HB	38.167	1.503	1.583	51346080
I19CB-W58HZ3-I19HB	38.126	7.058	1.58	10179276
I19CD1-C11HA-I19QD1	13.344	4.179	0.594	26625038
I19CD1-D9HA-I19QD1	13.363	4.687	0.589	26037790
I19CD1-D9HB3-I19QD1	13.291	2.855	0.592	14760775
I19CD1-H-QD1	13.386	8.499	0.591	21425576
I19CD1-HA-QD1	13.344	3.262	0.588	20433728
I19CD1-HB-QD1	13.336	1.588	0.592	47291056
I19CD1-HG13-QD1	13.354	1.496	0.59	87954312
I19CD1-K29HB2-I19QD1	13.315	1.201	0.594	15505068
I19CD1-K29HB3-I19QD1	13.354	1.68	0.59	28155108
I19CD1-K29QE-I19QD1	13.31	2.148	0.589	25839474
I19CD1-P12HD2-I19QD1	13.358	3.923	0.59	44110832
I19CD1-S30HA-I19QD1	13.374	4.927	0.591	19375554
I19CG1-C11HA-I19HG12	28.867	4.182	0.72	25703148
I19CG1-C11HA-I19HG13	28.83	4.178	1.498	33315388
I19CG1-H-HG12	28.855	8.497	0.717	27010188
I19CG1-H-HG13	28.849	8.498	1.496	63543492
I19CG1-HA-HG12	28.847	3.266	0.717	27470598
I19CG1-HA-HG13	28.912	3.265	1.495	23321184
I19CG1-HB-HG13	28.847	1.578	1.498	66423564
I19CG1-HG12-HG13	28.845	0.721	1.497	238849584
I19CG1-HG13-HG12	28.834	1.499	0.719	207474608
I19CG1-L10HA-I19HG13	28.828	4.243	1.496	16016270
I19CG1-P12HD3-I19HG13	28.809	3.863	1.496	13379144
I19CG1-S30HA-I19HG12	28.821	4.924	0.729	12511333
I19CG1-S30HA-I19HG13	28.931	4.926	1.496	9582683
I19CG2-A21H-I19QG2	19.368	8.62	0.631	42586704
I19CG2-H-QG2	19.341	8.5	0.629	25110188
I19CG2-HA-QG2	19.349	3.268	0.629	62515936
I19CG2-HB-QG2	19.35	1.587	0.631	117845008
I19CG2-HG13-QG2	19.336	1.511	0.632	25741056
I19CG2-K29HB2-I19QG2	19.36	1.185	0.63	23387974
I19CG2-K29HB3-I19QG2	19.346	1.683	0.63	98048536
I19CG2-K29QE-I19QG2	19.345	2.13	0.638	15307102
I19CG2-S20H-I19QG2	19.351	8.101	0.63	38218208
I19CG2-S20HA-I19QG2	19.371	5.172	0.63	18208544
I19CG2-S30H-I19QG2	19.361	8.155	0.63	34451228
I19CG2-S30HA-I19QG2	19.406	4.919	0.627	17864258
I19CG2-W58HE3-I19QG2	19.373	7.281	0.63	30883686
I19CG2-W58HZ3-I19QG2	19.367	7.059	0.63	21728120
I19CG2-W58QB-I19QG2	19.347	2.771	0.632	12852037
I35CA-H-HA	60.209	7.393	4.455	50907380
I35CA-H38H-I35HA	60.154	8.025	4.453	25891710
I35CA-H38HB2-I35HA	60.184	3.182	4.453	58823248
I35CA-H38HB3-I35HA	60.163	3.251	4.454	35007576
I35CA-HB-HA	60.197	2.146	4.454	91056952
I35CA-HG12-HA	60.142	0.813	4.453	18259802
I35CA-HG13-HA	60.232	1.015	4.454	26883304
I35CA-N36H-I35HA	60.172	8.411	4.46	14842521
I35CA-QD1-HA	60.189	0.067	4.454	162268208
I35CA-QG2-HA	60.184	1.095	4.453	33145372
I35CB-HA-HB	36.38	4.456	2.146	54943796
I35CB-HG12-HB	36.427	0.812	2.145	38006272
I35CB-QD1-HB	36.406	0.066	2.147	46210276
I35CB-QG2-HB	36.4	1.095	2.146	104095848
I35CB-S30HG-I35HB	36.386	4.656	2.149	29828666
I35CD1-H38HB2-I35QD1	13.137	3.181	0.067	47035980
I35CD1-H38HB3-I35QD1	13.178	3.247	0.067	21953764
I35CD1-H38HD2-I35QD1	13.157	6.373	0.067	54317976
I35CD1-HA-QD1	13.155	4.455	0.067	142879968
I35CD1-HB-QD1	13.175	2.148	0.067	61068124
I35CD1-HG13-QD1	13.158	1.015	0.068	95407960
I35CD1-I52QD1-I35QD1	13.166	0.267	0.067	115465736
I35CD1-L39QD1-I35QD1	13.127	0.714	0.067	46536328
I35CD1-L39QD2-I35QD1	13.157	0.657	0.068	46868024
I35CD1-QG2-QD1	13.165	1.096	0.069	55641252
I35CD1-V55QG2-I35QD1	13.184	0.887	0.069	37462056
I35CG1-HA-HG13	29.154	4.457	1.014	13948961
I35CG1-HB-HG13	29.164	2.145	1.012	19436410
I35CG1-L39QD1-I35HG13	29.149	0.715	1.013	42956936
I35CG1-QD1-HG12	29.249	0.068	0.809	61476236
I35CG1-QG2-HG12	29.234	1.095	0.809	86910520
I35CG2-A21QB-I35QG2	19.294	1.338	1.095	205779424
I35CG2-HA-QG2	19.266	4.452	1.097	36776452
I35CG2-HB-QG2	19.292	2.145	1.095	136514960
I35CG2-HG12-QG2	19.298	0.809	1.094	84051752
I35CG2-HG13-QG2	19.291	1.033	1.095	256223616
I35CG2-K32HA-I35QG2	19.285	3.89	1.095	211518208
I35CG2-N36H-I35QG2	19.293	8.407	1.096	133246584
I35CG2-N36HA-I35QG2	19.237	4.396	1.1	13193564
I35CG2-QD1-QG2	19.308	0.064	1.095	33402576
I35CG2-S30HG-I35QG2	19.304	4.658	1.096	43297120
I35CG2-V55QG2-I35QG2	19.282	0.886	1.095	50344192
I52CA-F23HB3-I52HA	61.607	3.517	4.23	15635588
I52CA-H-HA	61.642	8.343	4.234	44047232
I52CA-HB-HA	61.691	1.54	4.233	27603064
I52CA-HG12-HA	61.672	1.02	4.233	54029432
I52CA-HG13-HA	61.645	1.664	4.233	37185844
I52CA-QD1-HA	61.599	0.264	4.234	22050562
I52CA-QG2-HA	61.653	0.812	4.233	106119808
I52CA-S54H-I52HA	61.644	7.924	4.233	21068578
I52CA-V53H-I52HA	61.656	9.425	4.233	192962464
I52CB-H-HB	38.918	8.342	1.537	104206664
I52CB-HA-HB	38.852	4.238	1.536	20150646
I52CB-HG12-HB	38.881	1.022	1.537	21440238
I52CB-HG13-HB	38.932	1.664	1.538	59767888
I52CB-L39QD2-I52HB	38.961	0.658	1.538	31006148
I52CB-QD1-HB	38.879	0.267	1.538	70725576
I52CB-QG2-HB	38.906	0.813	1.537	152692400
I52CD1-C45HA-I52QD1	14.293	3.63	0.265	84056192
I52CD1-C45HB2-I52QD1	14.29	3.143	0.267	27149716
I52CD1-F23HB2-I52QD1	14.277	3.432	0.265	25333262
I52CD1-F23HB3-I52QD1	14.297	3.481	0.266	16827724
I52CD1-F23QE-I52QD1	14.337	7.37	0.266	12927383
I52CD1-F46H-I52QD1	14.331	6.068	0.267	15639096
I52CD1-HA-QD1	14.352	4.23	0.264	21944760
I52CD1-HB-QD1	14.305	1.54	0.266	71373896
I52CD1-HG12-QD1	14.281	1.02	0.267	81028416
I52CD1-HG13-QD1	14.276	1.665	0.266	78409312
I52CD1-I35QD1-I52QD1	14.295	0.065	0.266	99076488
I52CD1-L39QD1-I52QD1	14.293	0.714	0.267	42160936
I52CD1-L39QD2-I52QD1	14.297	0.656	0.266	89305680
I52CD1-QG2-QD1	14.287	0.812	0.266	194992336
I52CD1-V55QG2-I52QD1	14.265	0.887	0.266	39878404
I52CG1-C45HB2-I52HG13	28.789	3.141	1.654	16646523
I52CG1-C45HB3-I52HG13	28.681	3.295	1.651	14988051
I52CG1-D44HA-I52HG13	28.819	4.859	1.664	14921065
I52CG1-F23HB2-I52HG12	28.899	3.432	1.024	27133358
I52CG1-F23HB3-I52HG12	28.887	3.482	1.023	14407477
I52CG1-HA-HG12	28.902	4.234	1.021	33266440
I52CG1-HA-HG13	28.843	4.238	1.665	31090184
I52CG1-HB-HG12	28.862	1.533	1.024	20308134
I52CG1-HG12-HG13	28.847	1.022	1.664	239589888
I52CG1-HG13-HG12	28.878	1.666	1.021	208659616
I52CG1-QD1-HG12	28.897	0.269	1.02	72732192
I52CG1-QD1-HG13	28.879	0.267	1.665	85378856
I52CG1-QG2-HG13	28.853	0.812	1.665	24746594
I52CG2-E56H-I52QG2	17.804	9.327	0.811	12813902
I52CG2-F23HA-I52QG2	17.81	5.394	0.811	22895694
I52CG2-F23HB2-I52QG2	17.803	3.434	0.813	40833904
I52CG2-F23HB3-I52QG2	17.819	3.486	0.813	23176612
I52CG2-F23QD-I52QG2	17.828	7.225	0.806	13593856
I52CG2-H-QG2	17.817	8.346	0.813	26301734
I52CG2-HA-QG2	17.809	4.235	0.811	65979736
I52CG2-HB-QG2	17.807	1.538	0.812	147055104
I52CG2-HG12-QG2	17.794	1.022	0.811	93722544
I52CG2-HG13-QG2	17.796	1.674	0.814	35249456
I52CG2-Q24H-I52QG2	17.823	9.235	0.812	34488024
I52CG2-QD1-QG2	17.807	0.267	0.812	158722368
I52CG2-S54H-I52QG2	17.799	7.925	0.812	100806432
I52CG2-S54HA-I52QG2	17.813	4.655	0.812	21651556
I52CG2-V53H-I52QG2	17.811	9.424	0.811	55689196
I52CG2-V55H-I52QG2	17.773	8.438	0.811	9394684
I52CG2-V55HA-I52QG2	17.733	4.79	0.804	18501952
K29CA-HB2-HA	55.204	1.187	4.771	18212660
K29CA-HB3-HA	55.165	1.673	4.769	96420352
K29CA-HB3-HA	55.227	1.683	4.771	96420352
K29CA-HG2-HA	55.216	0.892	4.771	13808825
K29CA-HG3-HA	55.217	1.055	4.772	43496028
K29CA-V22QG2-K29HA	55.229	0.752	4.771	69133952
K29CB-H-HB2	37.571	7.354	1.186	36404348
K29CB-H-HB3	37.547	7.354	1.685	17919846
K29CB-HA-HB2	37.589	4.764	1.186	24813396
K29CB-HA-HB3	37.57	4.763	1.683	60785472
K29CB-HB2-HB3	37.542	1.187	1.683	274798176
K29CB-HB3-HB2	37.57	1.684	1.186	201726208
K29CB-HG2-HB2	37.579	0.905	1.185	29979908
K29CB-HG2-HB3	37.556	0.902	1.683	41805596
K29CB-HG3-HB2	37.585	1.058	1.186	56064436
K29CB-HG3-HB3	37.533	1.062	1.685	28525146
K29CB-QE-HB2	37.589	2.136	1.187	12122727
K29CB-S30H-K29HB2	37.552	8.154	1.184	15541740
K29CB-S30H-K29HB3	37.54	8.156	1.684	42504748
K29CB-V22HA-K29HB3	37.483	4.686	1.684	16420560
K29CD-HB2-HD2	28.809	1.185	0.617	11507003
K29CD-HG2-HD2	28.731	0.894	0.628	54530688
K29CD-HG2-HD3	28.794	0.894	0.741	122867224
K29CD-HG3-HD2	28.731	1.054	0.632	20364514
K29CD-HG3-HD3	28.772	1.049	0.742	33918580
K29CD-QE-HD2	28.73	2.132	0.63	30138614
K29CD-QE-HD3	28.775	2.138	0.741	32455152
K29CE-HA-QE	41.442	4.787	2.136	15264358
K29CE-HB2-QE	41.432	1.172	2.138	22212318
K29CE-HB3-QE	41.452	1.701	2.136	35806784
K29CE-HD2-QE	41.465	0.633	2.134	80852904
K29CE-HG2-QE	41.472	0.896	2.137	45844364
K29CE-HG3-QE	41.479	1.06	2.136	44949504
K29CE-V22QG1-K29QE	41.483	0.961	2.138	32806748
K29CG-H-HG2	24.532	7.362	0.894	15561059
K29CG-H-HG3	24.386	7.355	1.058	15676263
K29CG-H28HA-K29HG2	24.626	4.353	0.899	9736738
K29CG-H28HA-K29HG3	24.517	4.343	1.057	7450958
K29CG-HA-HG2	24.483	4.765	0.893	32146978
K29CG-HA-HG3	24.466	4.772	1.06	18948638
K29CG-HB2-HG2	24.486	1.181	0.895	38689512
K29CG-HB2-HG3	24.449	1.181	1.059	61330316
K29CG-HB3-HG3	24.483	1.674	1.057	26503336
K29CG-HG2-HG3	24.474	0.899	1.059	196230864
K29CG-HG3-HG2	24.462	1.056	0.895	251611248
K29CG-QE-HG2	24.455	2.129	0.894	22192186
K29CG-QE-HG3	24.478	2.142	1.058	17481518
K29CG-V22HA-K29HG2	24.493	4.682	0.894	31852630
K29CG-V22HA-K29HG3	24.43	4.682	1.057	12109290
K32CA-A21QB-K32HA	59.084	1.338	3.889	97559608
K32CA-A33H-K32HA	59.074	8.18	3.891	21491112
K32CA-H-HA	59.081	7.954	3.89	60360904
K32CA-HG2-HA	59.074	1.458	3.891	36316088
K32CA-HG3-HA	59.101	1.559	3.889	20305042
K32CA-I35H-K32HA	59.086	7.392	3.889	22695982
K32CA-I35QG2-K32HA	59.091	1.095	3.889	244228800
K32CA-N36H-K32HA	59.075	8.408	3.892	18352978
K32CA-QB-HA	59.088	1.829	3.889	92212600
K32CA-QD-HA	59.083	1.738	3.888	21610220
K32CB-A21QB-K32QB	32.433	1.343	1.823	21874052
K32CB-A33H-K32QB	32.482	8.178	1.829	47745432
K32CB-A33HA-K32QB	32.508	4.128	1.837	10355725
K32CB-H-QB	32.507	7.954	1.827	77281496
K32CB-HA-QB	32.487	3.889	1.827	73919584
K32CB-HG2-QB	32.484	1.464	1.826	61699328
K32CB-HG3-QB	32.5	1.568	1.83	54643356
K32CB-QE-QB	32.397	3.048	1.83	10186639
K32CD-HA-QD	28.999	3.888	1.729	19616190
K32CD-HG2-QD	28.954	1.465	1.717	42598352
K32CD-HG3-QD	28.989	1.564	1.726	250691792
K32CD-QE-QD	29.024	3.038	1.726	54158228
K32CE-A21QB-K32QE	41.918	1.34	3.046	17604092
K32CE-HG2-QE	42.072	1.462	3.049	23629548
K32CE-HG3-QE	42.039	1.561	3.046	40974544
K32CE-QB-QE	41.861	1.849	3.042	12737557
K32CE-QD-QE	42.023	1.716	3.046	68071232
K32CG-HA-HG2	25.381	3.888	1.455	22170350
K32CG-HA-HG3	25.328	3.885	1.563	19797946
K32CG-HG2-HG3	25.399	1.461	1.562	523329216
K32CG-HG3-HG2	25.339	1.56	1.455	464033280
K32CG-QB-HG2	25.319	1.821	1.456	47064736
K32CG-QB-HG3	25.432	1.824	1.56	44692220
K32CG-QD-HG2	25.397	1.703	1.455	102021952
K32CG-QD-HG3	25.461	1.703	1.563	209820992
K32CG-QE-HG2	25.381	3.048	1.457	19861792
K32CG-QE-HG3	25.454	3.046	1.562	24010676
K43CA-D44H-K43HA	55.055	8.182	4.486	19862206
K43CA-H-HA	55.151	8.524	4.486	8736619
K43CA-HB3-HA	55.037	1.954	4.487	93141208
K43CA-L39QD2-K43HA	55.042	0.657	4.486	112773928
K43CA-QG-HA	55.038	1.349	4.485	55800656
K43CA-T51QG2-K43HA	55.047	1.146	4.485	15534640
K43CB-H-HB2	34.023	8.52	1.681	12685975
K43CB-H-HB3	33.936	8.506	1.981	11377010
K43CB-HA-HB2	34.083	4.485	1.676	38346352
K43CB-HA-HB3	34.03	4.485	1.957	50251376
K43CB-HB2-HB3	33.972	1.68	1.957	312191744
K43CB-HB3-HB2	34.043	1.953	1.679	338518112
K43CB-QG-HB2	34.013	1.364	1.681	65646984
K43CB-QG-HB3	33.98	1.359	1.958	46694124
K43CB-T51QG2-K43HB2	34.086	1.144	1.68	24419292
K43CB-T51QG2-K43HB3	33.985	1.144	1.956	43130636
K43CD-L39QD2-K43HD3	29.315	0.637	1.683	12249436
K43CD-QG-HD3	28.88	1.345	1.66	40677520
K43CE-HB3-QE	42.116	1.942	2.988	14488178
K43CE-HD2-QE	42.122	1.571	2.981	26670400
K43CG-HA-QG	24.386	4.485	1.356	28394288
K43CG-HB3-QG	24.464	1.95	1.355	38980916
K49CA-C45H-K49HA	58.187	8.326	4.136	13133636
K49CA-D44HB2-K49HA	58.11	2.278	4.137	43991648
K49CA-D44HB3-K49HA	58.105	2.361	4.137	31694504
K49CA-H-HA	58.116	8.018	4.136	138449360
K49CA-HG2-HA	58.157	1.289	4.135	30501446
K49CA-HG3-HA	58.097	1.387	4.136	20584468
K49CA-QB-HA	58.115	2.136	4.136	104667512
K49CA-QD-HA	58.142	1.651	4.136	17118026
K49CA-T50H-K49HA	58.07	8.079	4.134	22060482
K49CB-H-QB	28.838	8.017	2.137	21593156
K49CB-HA-QB	28.861	4.137	2.137	64555532
K49CB-HG2-QB	28.88	1.294	2.136	61653128
K49CB-HG3-QB	28.87	1.388	2.135	77808392
K49CB-QD-QB	28.942	1.625	2.134	32795968
K49CD-HA-QD	28.448	4.139	1.62	22324800
K49CD-HG2-QD	28.412	1.294	1.636	24684136
K49CD-HG3-QD	28.531	1.401	1.634	57553652
K49CD-QB-QD	28.574	2.134	1.615	46546556
K49CD-QE-QD	28.514	2.961	1.611	77967080
K49CE-HG2-QE	42.159	1.291	2.93	16039640
K49CE-QD-QE	42.181	1.607	2.93	61107248
K49CG-H-HG2	25.054	8.018	1.288	10783679
K49CG-H-HG3	25.118	8.017	1.39	13873455
K49CG-HA-HG2	25.113	4.132	1.288	20428046
K49CG-HA-HG3	25.023	4.151	1.388	18444184
K49CG-HG2-HG3	25.093	1.292	1.388	502868768
K49CG-HG3-HG2	25.049	1.383	1.285	574985984
K49CG-QB-HG2	25.058	2.134	1.287	60233456
K49CG-QB-HG3	25.076	2.134	1.386	86233648
K49CG-QD-HG2	25.098	1.616	1.288	45956672
K49CG-QE-HG2	25.086	2.976	1.288	12459369
K60CA-G61H-K60HA	56.683	7.902	3.709	100976408
K60CA-HB2-HA	56.711	1.623	3.71	41623672
K60CA-QG-HA	56.671	1.358	3.71	37741356
K60CA-W58HH2-K60HA	56.849	7.157	3.71	7970653
K60CA-W58HZ2-K60HA	56.663	7.411	3.716	11030805
K60CB-HA-HB2	32.828	3.709	1.618	38331752
K60CB-HB2-HB3	32.871	1.619	1.694	933356480
K60CB-QG-HB2	32.83	1.361	1.615	63568792
K60CB-QG-HB3	32.882	1.362	1.694	64771520
K60CB-W58HH2-K60HB2	32.793	7.155	1.619	13434853
L10CA-C11H-L10HA	54.293	8.669	4.246	200175456
L10CA-H-HA	54.316	7.751	4.246	30666632
L10CA-HB2-HA	54.29	1.136	4.245	65982516
L10CA-HB3-HA	54.286	1.634	4.245	37054100
L10CA-HG-HA	54.332	1.559	4.247	25687484
L10CA-I19H-L10HA	54.279	8.498	4.245	32388964
L10CA-P18HA-L10HA	54.29	4.831	4.246	131199056
L10CA-QD1-HA	54.283	0.737	4.245	47459924
L10CA-QD2-HA	54.291	0.597	4.246	159258944
L10CB-C11H-L10HB2	44.295	8.664	1.132	19066554
L10CB-H-HB2	44.195	7.749	1.14	19854626
L10CB-H-HB3	44.237	7.754	1.633	59657884
L10CB-HA-HB2	44.268	4.246	1.135	40407940
L10CB-HB2-HB3	44.239	1.135	1.633	295397280
L10CB-HB3-HB2	44.26	1.633	1.136	200382736
L10CB-HG-HB2	44.274	1.553	1.135	23177840
L10CB-HG-HB3	44.233	1.561	1.634	81707112
L10CB-QD1-HB2	44.276	0.738	1.135	56975180
L10CB-QD1-HB3	44.244	0.739	1.633	98182696
L10CB-QD2-HB2	44.283	0.597	1.137	61371348
L10CB-QD2-HB3	44.263	0.596	1.633	37370560
L10CB-Y15HA-L10HB2	44.244	4.178	1.136	33640796
L10CB-Y15QD-L10HB2	44.263	6.935	1.14	7240367
L10CB-Y15QD-L10HB3	44.21	6.932	1.635	6846071
L10CD1-H17H-L10QD1	24.803	7.286	0.738	10134090
L10CD1-HA-QD1	24.823	4.249	0.741	40344436
L10CD1-HB2-QD1	24.782	1.141	0.74	72656856
L10CD1-HB3-QD1	24.798	1.633	0.74	72284528
L10CD1-HG-QD1	24.806	1.553	0.739	72466128
L10CD1-QD2-QD1	24.794	0.597	0.74	254496256
L10CD2-A16HA-L10QD2	23.174	4.643	0.598	20482974
L10CD2-C11H-L10QD2	23.152	8.67	0.597	18986830
L10CD2-HA-QD2	23.146	4.249	0.598	90862656
L10CD2-HB2-QD2	23.147	1.133	0.598	53444180
L10CD2-HB3-QD2	23.135	1.637	0.597	47575460
L10CD2-HG-QD2	23.131	1.56	0.598	100187208
L10CD2-P18HA-L10QD2	23.135	4.83	0.598	33801920
L10CD2-QD1-QD2	23.194	0.775	0.597	23324060
L10CG-H-HG	26.534	7.751	1.553	40352812
L10CG-HA-HG	26.541	4.247	1.552	36582612
L10CG-HB2-HG	26.53	1.14	1.555	29395618
L10CG-QD1-HG	26.522	0.741	1.553	81290464
L10CG-QD2-HG	26.522	0.598	1.554	106914992
L39CA-H-HA	55.455	8.328	4.675	33566972
L39CA-HB2-HA	55.436	1.583	4.675	41857144
L39CA-M40H-L39HA	55.419	7.312	4.675	17946128
L39CA-N42H-L39HA	55.394	7.633	4.673	32121814
L39CA-QD2-HA	55.43	0.657	4.675	122229192
L39CB-H-HB2	41.093	8.329	1.582	35003188
L39CB-H-HB3	41.079	8.328	1.765	66852216
L39CB-HA-HB2	41.119	4.674	1.583	52359216
L39CB-HA-HB3	41.097	4.672	1.765	32745380
L39CB-HB2-HB3	41.086	1.585	1.765	283423232
L39CB-HB3-HB2	41.096	1.759	1.583	339977120
L39CB-M40H-L39HB2	41.158	7.31	1.585	10203307
L39CB-N36HA-L39HB2	41.126	4.389	1.584	16642698
L39CB-N36HA-L39HB3	41.091	4.393	1.765	31734182
L39CB-QD1-HB2	41.097	0.715	1.583	96041200
L39CB-QD1-HB3	41.09	0.715	1.765	91629344
L39CB-QD2-HB2	41.106	0.657	1.583	82597288
L39CB-QD2-HB3	41.06	0.657	1.763	33397794
L39CD1-HA-QD1	26.371	4.678	0.718	11505134
L39CD1-HB2-QD1	26.276	1.589	0.715	69157976
L39CD1-I35HG13-L39QD1	26.245	1.015	0.715	53362060
L39CD1-I35QD1-L39QD1	26.202	0.065	0.714	31529172
L39CD1-I35QG2-L39QD1	26.159	1.094	0.718	24431810
L39CD1-I52QD1-L39QD1	26.238	0.269	0.716	29559996
L39CD1-N36HA-L39QD1	26.196	4.396	0.716	30539402
L39CD1-V55QG2-L39QD1	26.194	0.889	0.716	125398544
L39CD2-H-QD2	21.961	8.329	0.656	19794358
L39CD2-H38HD2-L39QD2	21.991	6.375	0.655	35969836
L39CD2-HA-QD2	21.98	4.674	0.657	132619616
L39CD2-I35QD1-L39QD2	21.963	0.064	0.656	36033448
L39CD2-I52QD1-L39QD2	21.984	0.266	0.656	85506504
L39CD2-K43HA-L39QD2	21.985	4.485	0.656	92406592
L39CD2-M40H-L39QD2	21.856	7.304	0.654	13619867
L39CD2-QD1-QD2	21.979	0.711	0.657	270094176
L39CG-H-HG	26.502	8.329	1.736	35133820
L39CG-HA-HG	26.481	4.673	1.732	15792746
L39CG-HB2-HG	26.475	1.588	1.734	76959424
L39CG-I35HG13-L39HG	26.536	1.007	1.732	17309150
L39CG-I35QD1-L39HG	26.459	0.068	1.735	20903670
L39CG-QD1-HG	26.282	0.716	1.736	157280768
L39CG-QD2-HG	26.461	0.658	1.733	64162328
M3CB-HA-HB2	32.429	4.791	1.924	15631388
M3CB-HA-HB3	32.38	4.799	2.046	17099818
M3CB-HB2-HB3	32.318	1.926	2.048	317788384
M3CB-HB3-HB2	32.237	2.036	1.918	289078016
M3CB-HB3-HB2	32.237	2.036	1.918	289078016
M3CB-HG2-HB2	31.865	2.504	1.921	42352124
M3CB-HG3-HB2	31.834	2.595	1.922	40751108
M3CB-HG3-HB3	31.848	2.592	2.047	35072984
M3CG-HA-HG3	31.97	4.802	2.592	14309174
M3CG-HB2-HG2	32.322	1.921	2.506	34111624
M3CG-HB2-HG3	32.149	1.92	2.595	48125324
M3CG-HB3-HG2	32.351	2.037	2.506	41268876
M3CG-HB3-HG3	32.332	2.034	2.594	50122332
M3CG-HG2-HG3	31.873	2.515	2.595	994413760
M3CG-HG3-HG2	31.85	2.588	2.504	785542272
M40CA-H-HA	58.433	7.313	4.198	76960072
M40CA-HB2-HA	58.451	2.063	4.198	82935632
M40CA-HB3-HA	58.449	2.135	4.199	49048340
M40CA-HG2-HA	58.484	2.649	4.198	62485328
M40CA-HG3-HA	58.376	2.909	4.2	25649440
M40CB-H-HB2	32.249	7.312	2.065	25556084
M40CB-H-HB3	32.267	7.312	2.137	35846672
M40CB-HA-HB2	32.193	4.199	2.064	26884794
M40CB-HA-HB3	32.225	4.196	2.138	20070460
M40CB-HB2-HB3	32.276	2.067	2.139	362610752
M40CB-HB3-HB2	32.262	2.134	2.065	354782464
M40CB-HG2-HB2	31.933	2.651	2.062	55166936
M40CB-HG2-HB3	31.98	2.648	2.135	40872856
M40CB-HG3-HB2	31.969	2.91	2.062	66869904
M40CB-HG3-HB3	31.994	2.911	2.136	67392496
M40CG-H-HG2	31.985	7.31	2.647	25915930
M40CG-H-HG3	31.953	7.313	2.908	48921900
M40CG-HA-HG2	31.949	4.202	2.646	26772826
M40CG-HA-HG3	32.005	4.202	2.911	15319174
M40CG-HB3-HG2	32.15	2.138	2.647	40628808
M40CG-HB3-HG3	32.085	2.138	2.908	72555096
M40CG-HG2-HG3	31.863	2.652	2.916	193790416
M40CG-HG3-HG2	31.918	2.908	2.639	195720752
M40CG-Q37HA-M40HG2	31.901	4.115	2.643	15899571
M40CG-Q37HA-M40HG3	31.896	4.115	2.908	32059668
N36CA-H-HA	56.148	8.407	4.391	100852936
N36CA-HB2-HA	56.155	2.699	4.392	107886320
N36CA-HB3-HA	56.143	2.908	4.391	81859944
N36CA-I35QG2-N36HA	56.176	1.095	4.394	26239044
N36CA-L39H-N36HA	56.141	8.329	4.392	30898914
N36CA-L39HB2-N36HA	56.04	1.586	4.394	18135208
N36CA-L39HB3-N36HA	56.163	1.763	4.392	44889904
N36CA-L39QD1-N36HA	56.143	0.716	4.392	50591416
N36CA-Q37H-N36HA	56.163	7.835	4.391	26950622
N36CB-A33HA-N36HB3	37.471	4.127	2.908	47515564
N36CB-H-HB2	37.609	8.409	2.693	27781846
N36CB-H-HB3	37.499	8.407	2.908	88168904
N36CB-HA-HB2	37.544	4.391	2.698	56958860
N36CB-HA-HB3	37.481	4.392	2.908	44203676
N36CB-HB2-HB3	37.481	2.702	2.909	361570016
N36CB-HB3-HB2	37.558	2.905	2.695	331033472
N36CB-HD21-HB2	37.564	7.444	2.699	20251132
N36CB-HD21-HB3	37.491	7.444	2.908	33262582
N36CB-HD22-HB3	37.522	6.765	2.91	20052268
N36CB-Q37H-N36HB2	37.589	7.835	2.693	17203470
N36CB-Q37H-N36HB3	37.479	7.837	2.908	38392712
N41CA-H-HA	53.037	7.273	4.96	40984468
N41CA-HB2-HA	53.002	2.552	4.958	47523016
N41CA-HB3-HA	53.044	2.81	4.96	91470136
N41CB-H-HB2	41.379	7.275	2.55	27575422
N41CB-H-HB3	41.398	7.273	2.806	19178198
N41CB-HA-HB2	41.44	4.956	2.547	34974220
N41CB-HA-HB3	41.418	4.961	2.809	64630432
N41CB-HB2-HB3	41.39	2.551	2.812	420303168
N41CB-HB3-HB2	41.432	2.808	2.547	478626688
N41CB-HD21-HB2	41.393	7.732	2.548	52329124
N41CB-N42H-N41HB2	41.39	7.632	2.546	11753453
N42CB-D44H-N42HB3	42.008	8.181	2.21	41285940
N42CB-H-HB2	42.024	7.632	1.55	39752696
N42CB-H-HB3	41.992	7.634	2.211	14942971
N42CB-HA-HB2	42.014	4.788	1.55	46260288
N42CB-HA-HB3	42.003	4.789	2.211	86844888
N42CB-HB2-HB3	42.014	1.551	2.21	263049504
N42CB-HB3-HB2	42.016	2.211	1.55	308492672
N42CB-HD21-HB2	42.011	7.372	1.55	66125616
N42CB-HD21-HB3	42.022	7.371	2.21	24157522
N42CB-HD22-HB2	42.038	7.021	1.552	21180626
N42CB-K43H-N42HB3	42.001	8.521	2.211	18756122
P12CA-HB2-HA	62.973	2.133	4.055	66286036
P12CA-HB3-HA	62.998	2.241	4.056	104887112
P12CA-HG2-HA	62.975	1.968	4.054	15587124
P12CA-I13H-P12HA	62.959	8.745	4.056	22840310
P12CA-Y15H-P12HA	62.961	8.284	4.057	14658355
P12CA-Y15QE-P12HA	62.966	6.785	4.055	26390354
P12CB-F47HZ-P12HB2	31.291	7.146	2.132	16098587
P12CB-F47HZ-P12HB3	31.352	7.147	2.244	12433380
P12CB-F47QE-P12HB2	31.271	7.464	2.133	10306948
P12CB-F47QE-P12HB3	31.329	7.46	2.246	7289988
P12CB-HA-HB2	31.306	4.058	2.13	51556848
P12CB-HA-HB3	31.337	4.056	2.242	79117208
P12CB-HB3-HB2	31.319	2.241	2.13	425868576
P12CB-HD2-HB3	31.342	3.929	2.242	21952366
P12CB-HD3-HB2	31.341	3.864	2.13	11998909
P12CB-HD3-HB3	31.438	3.872	2.244	10778620
P12CB-HG2-HB2	31.31	1.968	2.13	152314528
P12CB-HG2-HB3	31.336	1.97	2.242	84201008
P12CD-C11HA-P12HD2	50.974	4.179	3.925	100948584
P12CD-C11HA-P12HD3	50.957	4.179	3.867	106246576
P12CD-HA-HD2	50.931	4.054	3.924	23653256
P12CD-HA-HD3	50.905	4.053	3.864	32231350
P12CD-HB3-HD2	50.977	2.236	3.928	16902060
P12CD-HB3-HD3	50.957	2.237	3.867	17287874
P12CD-HG2-HD2	50.94	1.961	3.924	23710122
P12CD-HG2-HD3	50.978	1.963	3.865	33915228
P12CD-HG3-HD2	50.993	2.089	3.925	38502632
P12CD-HG3-HD3	50.98	2.088	3.867	35012812
P12CD-I13H-P12HD3	50.969	8.747	3.867	13115428
P12CD-I19HG12-P12HD2	50.851	0.72	3.925	13981966
P12CD-I19QD1-P12HD2	50.943	0.59	3.925	36765220
P12CD-I19QD1-P12HD3	50.965	0.59	3.868	25720454
P12CD-S30HA-P12HD2	50.986	4.928	3.925	31403916
P12CD-S30HA-P12HD3	50.957	4.928	3.866	52290848
P12CG-F47HZ-P12HG2	27.498	7.147	1.962	23092268
P12CG-F47QE-P12HG2	27.478	7.444	1.96	12892005
P12CG-HA-HG3	27.542	4.062	2.09	13907160
P12CG-HB2-HG2	27.5	2.137	1.96	130496320
P12CG-HB3-HG2	27.494	2.237	1.961	41556728
P12CG-HB3-HG3	27.523	2.24	2.091	150210512
P12CG-HD2-HG3	27.499	3.927	2.091	52564036
P12CG-HD3-HG2	27.481	3.869	1.963	27671878
P12CG-HD3-HG3	27.51	3.865	2.089	39028164
P18CA-C11H-P18HA	62.429	8.653	4.837	39393096
P18CA-HB2-HA	62.246	1.975	4.833	24130488
P18CA-HB3-HA	62.277	2.456	4.833	136575296
P18CA-HG2-HA	62.251	2.096	4.832	3312924
P18CA-I19H-P18HA	62.31	8.498	4.83	196204592
P18CA-L10HA-P18HA	62.28	4.253	4.833	102778080
P18CA-L10QD2-P18HA	62.25	0.598	4.834	38175240
P18CB-HA-HB3	32.427	4.83	2.46	107475464
P18CB-HB2-HB3	32.431	1.971	2.46	458625440
P18CB-HB3-HB2	32.418	2.459	1.972	408799808
P18CB-HD2-HB3	32.61	3.792	2.467	12306192
P18CB-HD3-HB2	32.451	3.974	1.967	11213090
P18CB-HD3-HB3	32.5	3.996	2.459	13073999
P18CB-HG2-HB3	32.432	2.086	2.461	62698728
P18CB-HG3-HB3	32.443	2.152	2.46	61573744
P18CB-I19H-P18HB2	32.426	8.498	1.967	16217808
P18CB-I19H-P18HB3	32.497	8.499	2.46	25152622
P18CB-L10QD2-P18HB2	32.399	0.595	1.972	17684118
P18CB-L10QD2-P18HB3	32.475	0.598	2.462	12845317
P18CD-H17HA-P18HD2	50.822	5.215	3.786	98296872
P18CD-H17HA-P18HD3	50.794	5.213	3.989	146973040
P18CD-H17HB3-P18HD3	50.789	3.397	3.991	20886700
P18CD-HD2-HD3	50.824	3.787	3.988	338327168
P18CD-HD3-HD2	50.828	3.989	3.786	454070368
P18CD-HG2-HD3	50.807	2.083	3.988	66250948
P18CD-HG3-HD2	50.782	2.153	3.786	67672496
P18CD-HG3-HD3	50.795	2.15	3.988	42111928
P18CG-HA-HG2	27.566	4.83	2.082	20516076
P18CG-HA-HG3	27.522	4.828	2.156	13551577
P18CG-HB2-HG3	27.58	1.974	2.152	190798496
P18CG-HB3-HG2	27.588	2.458	2.084	39018596
P18CG-HB3-HG3	27.624	2.455	2.152	58507200
P18CG-HD2-HG2	27.548	3.788	2.079	47477272
P18CG-HD2-HG3	27.571	3.787	2.153	67283728
P18CG-HD3-HG2	27.55	3.988	2.083	53137868
P18CG-HD3-HG3	27.575	3.989	2.153	49496448
P18CG-HG2-HG3	27.595	2.086	2.153	811172544
P18CG-HG3-HG2	27.562	2.15	2.082	756481280
P4CA-HA-HA	63.257	4.507	4.508	5932720640
P4CA-HB3-HA	63.255	2.313	4.508	95404480
P4CA-T5H-P4HA	63.262	8.279	4.508	73687808
P4CB-HA-HB3	32.049	4.506	2.318	65779468
P4CB-HB2-HB3	31.951	1.963	2.322	361466944
P4CB-HB2-HB3	31.951	1.963	2.322	361466944
P4CB-HB3-HB2	31.94	2.314	1.961	431929696
P4CB-HD2-HB2	32.035	3.683	1.961	27795718
P4CB-T5H-P4HB3	31.997	8.303	2.311	12576975
P4CD-HD2-HD3	50.752	3.692	3.785	820844160
P4CD-M3HA-P4HD2	50.684	4.796	3.687	118027048
P4CD-M3HA-P4HD3	50.694	4.795	3.784	114719384
P4CG-HD2-HG3	27.339	3.691	2.042	25778014
Q24CA-C26H-Q24HA	52.211	8.284	5.055	20274138
Q24CA-CPRO25HA-Q24HA	52.182	4.903	5.053	233646624
Q24CA-G27H-Q24HA	52.17	8.73	5.053	36526064
Q24CA-H-HA	52.182	9.237	5.053	33589172
Q24CA-HG2-HA	52.186	2.198	5.054	38480396
Q24CA-HG3-HA	52.208	2.378	5.054	24540476
Q24CA-QB-HA	52.177	2.047	5.053	109438536
Q24CB-CPRO25HA-Q24QB	28.498	4.902	2.045	59969784
Q24CB-H-QB	28.501	9.24	2.044	36029628
Q24CB-HA-QB	28.51	5.055	2.046	57465476
Q24CB-HG2-QB	28.509	2.194	2.046	192219136
Q24CB-HG3-QB	28.499	2.381	2.045	101890128
Q24CB-S54H-Q24QB	28.491	7.925	2.046	36598856
Q24CB-V22QG1-Q24QB	28.472	0.978	2.044	38866204
Q24CG-CPRO25HA-Q24HG3	31.75	4.901	2.373	12190799
Q24CG-CPRO25HB2-Q24HG3	31.841	2.268	2.381	30262942
Q24CG-CPRO25HG3-Q24HG3	31.875	2.124	2.385	22828818
Q24CG-H-HG2	31.776	9.24	2.195	25124724
Q24CG-H-HG3	31.728	9.239	2.388	13574915
Q24CG-HA-HG2	31.775	5.057	2.195	28145894
Q24CG-HA-HG3	31.887	5.058	2.387	11245275
Q24CG-HE21-HG2	31.816	7.011	2.195	37524096
Q24CG-HE21-HG3	31.79	7.011	2.385	32499986
Q24CG-HG2-HG3	31.753	2.2	2.385	347917952
Q24CG-HG3-HG2	31.778	2.381	2.195	329620832
Q24CG-QB-HG2	31.76	2.047	2.195	218938608
Q24CG-QB-HG3	31.76	2.046	2.384	132948960
Q37CA-H-HA	58.581	7.839	4.115	64425352
Q37CA-HB3-HA	58.563	2.229	4.114	98778600
Q37CA-M40H-Q37HA	58.539	7.313	4.112	17940928
Q37CA-M40HG2-Q37HA	58.592	2.652	4.112	26032216
Q37CA-M40HG3-Q37HA	58.549	2.911	4.114	57925892
Q37CA-N36HB2-Q37HA	58.549	2.7	4.116	18613776
Q37CA-QG-HA	58.582	2.492	4.113	29440870
Q37CA-QG-HA	58.604	2.454	4.114	23285012
Q37CB-C34HA-Q37HB2	28.439	3.971	2.179	23703142
Q37CB-C34HA-Q37HB3	28.483	3.971	2.233	16860172
Q37CB-H-HB2	28.444	7.837	2.178	87091624
Q37CB-H-HB3	28.477	7.837	2.233	88578008
Q37CB-H38H-Q37HB2	28.46	8.025	2.175	34027876
Q37CB-H38H-Q37HB3	28.493	8.026	2.232	31641512
Q37CB-HA-HB2	28.458	4.116	2.176	53644624
Q37CB-HA-HB3	28.495	4.114	2.232	63616564
Q37CB-QG-HB2	28.44	2.451	2.178	71380904
Q37CB-QG-HB3	28.467	2.447	2.233	55933540
Q37CB-QG-HB3	28.485	2.485	2.235	35739936
Q37CG-H-QG	33.77	7.835	2.457	16878650
Q37CG-HA-QG	33.793	4.118	2.465	22974936
Q37CG-HB3-QG	33.768	2.24	2.459	84370408
Q37CG-HE21-QG	33.72	7.444	2.457	7787834
S20CA-A21H-S20HA	58.057	8.622	5.178	23219002
S20CA-H-HA	58.099	8.101	5.178	36724060
S20CA-HB2-HA	58.089	3.956	5.178	93103432
S20CA-HB3-HA	58.098	4.414	5.178	96751016
S20CA-I19QG2-S20HA	58.097	0.629	5.177	19681858
S20CA-W58H-S20HA	58.167	7.919	5.182	15409530
S20CA-W58HE3-S20HA	58.095	7.284	5.178	26766918
S20CA-W58QB-S20HA	58.088	2.771	5.177	47738384
S20CB-H-HB2	64.467	8.105	3.961	6694616
S20CB-HA-HB2	64.311	5.178	3.956	100957168
S20CB-HA-HB3	64.303	5.178	4.413	110202216
S20CB-HB2-HB3	64.311	3.958	4.414	541198848
S20CB-HB3-HB2	64.305	4.413	3.955	536890752
S20CB-K32H-S20HB2	64.438	7.962	3.965	8751732
S20CB-K32HG2-S20HB3	64.261	1.465	4.41	13412446
S20CB-K32HG3-S20HB3	64.352	1.563	4.415	10060046
S20CB-K32QB-S20HB3	64.399	1.832	4.412	8033776
S20CB-W58H-S20HB2	64.258	7.909	3.956	13188999
S30CA-C31H-S30HA	58.944	10.215	4.928	43567356
S30CA-H-HA	58.926	8.164	4.924	36594100
S30CA-I19HG12-S30HA	58.802	0.713	4.928	25258344
S30CB-C31H-S30HB2	67.303	10.216	4.202	24254368
S30CB-HA-HB2	67.412	4.927	4.203	53357968
S30CB-HB3-HB2	67.395	4.835	4.203	176832832
S30CB-HG-HB2	67.38	4.651	4.202	31450136
S30CB-I13QD1-S30HB2	67.421	-0.052	4.201	15945854
S54CA-V55H-S54HA	57.587	8.436	4.656	234036704
S54CB-V53QG1-S54HB2	65.255	0.956	3.85	30586930
S6CA-E7H-S6HA	58.297	8.611	4.509	68257720
S6CA-H-HA	58.383	8.475	4.509	8296253
S6CA-HB2-HA	58.306	3.897	4.51	75696664
S6CA-HB3-HA	58.288	3.95	4.512	67481360
S6CB-H-HB2	63.9	8.474	3.889	13373379
S6CB-HA-HB2	63.888	4.515	3.892	72305576
S6CB-HA-HB3	63.907	4.5	3.951	66185372
T50CA-H-HA	63.728	8.083	4.375	45595372
T50CA-HB-HA	63.727	4.069	4.376	57165016
T50CA-QG2-HA	63.736	1.408	4.376	153015936
T50CA-T51H-T50HA	63.726	8.851	4.375	195601856
T50CB-C26HB2-T50HB	68.778	2.802	4.06	31149118
T50CB-C26HB3-T50HB	68.766	3.033	4.059	17208204
T50CB-C45HB3-T50HB	68.744	3.317	4.063	14371886
T50CB-H-HB	68.777	8.083	4.061	60234460
T50CB-HG1-HB	68.806	5.561	4.067	22673174
T50CB-QG2-HB	68.77	1.409	4.063	138738912
T50CG2-C26HB2-T50QG2	21.316	2.804	1.406	78001648
T50CG2-H-QG2	21.195	8.085	1.408	15782022
T50CG2-HA-QG2	21.301	4.374	1.406	96675144
T50CG2-HB-QG2	21.304	4.071	1.406	136105264
T50CG2-T51H-T50QG2	21.313	8.851	1.405	69585576
T51CA-D44HA-T51HA	65.177	4.863	4.085	104559288
T51CA-D44HB3-T51HA	65.221	2.374	4.083	14950606
T51CA-H-HA	65.227	8.852	4.085	24135632
T51CA-HB-HA	65.171	3.98	4.084	104144856
T51CA-I52H-T51HA	65.18	8.342	4.085	189603696
T51CA-QG2-HA	65.167	1.143	4.085	122705152
T51CB-H-HB	68.933	8.851	3.974	61930992
T51CB-HA-HB	68.879	4.081	3.975	83369752
T51CB-I52H-T51HB	68.854	8.342	3.977	17537818
T51CB-QG2-HB	68.895	1.144	3.974	157234768
T51CG2-D44HA-T51QG2	22.211	4.857	1.139	21485576
T51CG2-HA-QG2	22.28	4.088	1.142	102841360
T51CG2-HB-QG2	22.279	3.979	1.141	172294768
T51CG2-I52H-T51QG2	22.277	8.342	1.142	88256808
T51CG2-K43HB3-T51QG2	22.278	1.955	1.141	66539588
T5CA-QG2-HA	61.634	1.245	4.383	78659280
T5CA-S6H-T5HA	61.646	8.478	4.383	38456072
T5CB-HA-HB	69.915	4.387	4.257	61760780
T5CB-QG2-HB	69.91	1.246	4.259	126479104
T5CB-S6H-T5HB	69.788	8.476	4.263	13058229
T5CG2-H-QG2	21.637	8.3	1.24	15897045
T5CG2-HA-QG2	21.697	4.386	1.243	66232396
T5CG2-HB-QG2	21.722	4.247	1.245	127573968
V22CA-F23H-V22HA	58.716	8.663	4.68	96397728
V22CA-H-HA	58.694	9.041	4.675	14264503
V22CA-K29HG2-V22HA	58.652	0.902	4.682	27675220
V22CA-QG2-HA	58.714	0.754	4.681	53672392
V22CB-E56HB2-V22HB	35.111	1.984	1.657	19261706
V22CB-H-HB	34.958	9.04	1.657	21347378
V22CB-HA-HB	34.947	4.682	1.658	55768924
V22CB-K29HG2-V22HB	34.959	0.905	1.657	19436610
V22CB-K29HG3-V22HB	34.922	1.024	1.661	16456125
V22CB-QG1-HB	34.942	0.965	1.658	143415632
V22CB-QG2-HB	34.94	0.755	1.658	139738320
V22CB-W58HD1-V22HB	34.931	7.057	1.656	15445893
V22CB-W58HE3-V22HB	34.99	7.287	1.656	10834244
V22CB-W58QB-V22HB	34.947	2.779	1.658	24189314
V22CG1-A21HA-V22QG1	20.276	5.53	0.963	21075386
V22CG1-E56H-V22QG1	20.203	9.319	0.964	32614596
V22CG1-E56HB2-V22QG1	20.252	1.971	0.963	121865792
V22CG1-E56HB3-V22QG1	20.22	2.19	0.963	62689764
V22CG1-E56QG-V22QG1	20.262	2.299	0.964	37737816
V22CG1-F23H-V22QG1	20.23	8.665	0.963	31800634
V22CG1-G27HA2-V22QG1	20.257	3.657	0.963	36345904
V22CG1-H-QG1	20.208	9.042	0.962	102203136
V22CG1-HA-QG1	20.195	4.674	0.962	46749112
V22CG1-HB-QG1	20.216	1.655	0.962	157511792
V22CG1-Q24HE21-V22QG1	20.225	7.01	0.963	44101268
V22CG1-QG2-QG1	20.183	0.753	0.963	306435808
V22CG1-W58HD1-V22QG1	20.216	7.059	0.964	55134400
V22CG1-W58QB-V22QG1	20.232	2.784	0.963	69733112
V22CG2-F23H-V22QG2	21.231	8.662	0.755	67666496
V22CG2-G27HA2-V22QG2	21.231	3.654	0.756	52107164
V22CG2-G27HA3-V22QG2	21.267	3.916	0.756	25629614
V22CG2-H-QG2	21.226	9.049	0.749	14902569
V22CG2-HA-QG2	21.238	4.682	0.755	77738032
V22CG2-K29QE-V22QG2	21.229	2.148	0.757	55839496
V22CG2-Q24HE21-V22QG2	21.224	7.007	0.756	16638242
V22CG2-W58HD1-V22QG2	21.269	7.06	0.756	28838252
V22CG2-W58QB-V22QG2	21.229	2.782	0.757	38413596
V53CA-H-HA	63.882	9.426	4.109	36566264
V53CA-HB-HA	63.865	2.002	4.107	43918664
V53CA-S54H-V53HA	63.783	7.925	4.111	18095124
V53CB-CPRO25HD2-V53HB	32.498	3.518	2.003	24391890
V53CB-H-HB	32.486	9.424	2.003	43612000
V53CB-S54H-V53HB	32.465	7.925	2	37134152
V53CG1-HA-QG1	20.983	4.112	0.955	80793368
V53CG1-HB-QG1	20.975	2.003	0.956	145717984
V53CG1-S54H-V53QG1	21.183	7.926	0.961	29447722
V53CG1-S54HB2-V53QG1	21.002	3.846	0.953	31605934
V53CG2-CPRO25HD2-V53QG2	21.561	3.521	0.981	90620824
V53CG2-H-QG2	21.571	9.424	0.982	85586328
V53CG2-H-QG2	21.571	9.424	0.982	85586328
V53CG2-HB-QG2	21.519	1.999	0.981	170646112
V53CG2-S54H-V53QG2	21.516	7.926	0.981	26530520
V55CB-H-HB	33.975	8.436	1.981	50813764
V55CB-HA-HB	34.001	4.795	1.975	21567296
V55CB-QG1-HB	33.967	1.037	1.98	129764784
V55CB-QG2-HB	33.966	0.889	1.979	138337488
V55CG1-A21QB-V55QG1	22.701	1.337	1.037	315412352
V55CG1-E56H-V55QG1	22.702	9.317	1.038	70290096
V55CG1-F23QD-V55QG1	22.7	7.222	1.038	47500988
V55CG1-F23QE-V55QG1	22.747	7.371	1.035	17728312
V55CG1-HA-QG1	22.703	4.791	1.036	98187392
V55CG1-HB-QG1	22.705	1.981	1.037	198966048
V55CG1-QG2-QG1	22.711	0.888	1.038	333724256
V55CG1-V22H-V55QG1	22.721	9.038	1.036	29527500
V55CG2-A21QB-V55QG2	22.016	1.335	0.889	41815152
V55CG2-E56H-V55QG2	22.029	9.319	0.886	17246824
V55CG2-F23HA-V55QG2	21.938	5.385	0.888	27174318
V55CG2-F23QD-V55QG2	21.993	7.223	0.888	35432064
V55CG2-H-QG2	21.955	8.435	0.889	50844000
V55CG2-HA-QG2	21.971	4.792	0.887	89020720
V55CG2-HB-QG2	21.959	1.982	0.888	146385584
V55CG2-I35QD1-V55QG2	21.825	0.066	0.889	25317654
V55CG2-I35QG2-V55QG2	21.961	1.091	0.888	95960624
V55CG2-I52QD1-V55QG2	21.972	0.268	0.888	24473710
V55CG2-L39QD1-V55QG2	21.948	0.715	0.888	140645488
V55CG2-QG1-QG2	21.982	1.039	0.889	354991424
V55CG2-S54HA-V55QG2	21.961	4.659	0.888	22039094
W58CA-E59H-W58HA	57.227	7.62	4.645	78413568
W58CA-HD1-HA	57.226	7.054	4.639	14280232
W58CA-HE3-HA	57.202	7.286	4.641	23993158
W58CA-QB-HA	57.224	2.78	4.645	53042816
W58CB-A21H-W58QB	31.34	8.623	2.776	12133778
W58CB-H-QB	31.404	7.914	2.776	62694132
W58CB-HA-QB	31.392	4.644	2.776	62058552
W58CB-HD1-QB	31.379	7.058	2.776	41711688
W58CB-HE3-QB	31.387	7.288	2.777	47888132
W58CB-S20HA-W58QB	31.393	5.178	2.776	33603524
W58CB-V22H-W58QB	31.395	9.039	2.775	11019849
W58CB-V22QG1-W58QB	31.402	0.962	2.775	47584740
Y15CA-A16H-Y15HA	60.506	8.825	4.178	26462464
Y15CA-H-HA	60.549	8.279	4.178	184454960
Y15CA-HB2-HA	60.524	2.921	4.179	32335690
Y15CA-HB3-HA	60.539	3.367	4.178	84568368
Y15CA-L10HB2-Y15HA	60.565	1.134	4.178	49726744
Y15CA-L10HB3-Y15HA	60.586	1.637	4.182	16869366
Y15CA-L10HG-Y15HA	60.569	1.559	4.181	15164151
Y15CA-L10QD1-Y15HA	60.535	0.739	4.177	30482874
Y15CA-L10QD2-Y15HA	60.589	0.596	4.179	20109342
Y15CA-QD-HA	60.508	6.932	4.18	17948890
Y15CB-H-HB2	36.401	8.28	2.918	15081606
Y15CB-H-HB3	36.342	8.282	3.365	13242184
Y15CB-HA-HB2	36.404	4.179	2.914	30991924
Y15CB-HA-HB3	36.417	4.18	3.367	56251072
Y15CB-HB2-HB3	36.434	2.918	3.367	520353632
Y15CB-HB3-HB2	36.415	3.367	2.915	597112960
Y15CB-L10QD1-Y15HB3	36.481	0.737	3.366	18236726
Y15CB-QD-HB2	36.426	6.931	2.916	30060872
Y15CB-QD-HB3	36.439	6.937	3.37	24789504