?-?-?	110.167	0.759	6.664	12919999
?-?-?	117.328	4.394	7.022	12921772
?-?-?	117.351	4.395	7.37	16741908
A16N-C11HB3-A16H	120.282	3.558	8.821	22244590
A16N-C14H-A16H	120.3	7.736	8.819	11823147
A16N-C14HB3-A16H	120.284	3.101	8.826	18726744
A16N-H17H-A16H	120.284	7.287	8.823	195648240
A16N-HA-H	120.277	4.645	8.821	54831976
A16N-L10QD1-A16H	120.284	0.738	8.822	13338981
A16N-QB-H	120.282	1.219	8.823	158294816
A16N-Y15H-A16H	120.278	8.281	8.824	51938976
A16N-Y15HA-A16H	120.282	4.18	8.824	37089348
A16N-Y15HB3-A16H	120.284	3.361	8.816	8131870
A1H-H-H	110.168	2.195	6.666	18702090
A1H-H-H	110.282	7.367	8.156	33678744
A1H-H-H	113.041	0.97	7.924	67130240
A1H-H-H	113.042	3.854	7.925	28127846
A1H-H-H	113.161	8.178	7.355	10215389
A1H-H-H	113.174	0.739	7.355	8180684
A1H-H-H	113.186	0.634	7.359	9365141
A1H-H-H	114.45	1.962	8.282	12493356
A1H-H-H	115.28	1.683	8.515	29148394
A1H-H-H	116.149	1.754	8.327	140305504
A1H-H-H	116.15	4.393	8.327	33509192
A1H-H-H	116.611	1.694	7.897	11524075
A1H-H-H	116.623	3.705	7.903	193493008
A1H-H-H	117.198	2.849	8.383	50833628
A1H-H-H	117.337	4.394	7.311	13060202
A1H-H-H	118.151	4.512	8.481	30259182
A1H-H-H	118.323	4.856	9.04	12087276
A1H-H-H	120.104	4.254	8.392	156147808
A1H-H-H	120.105	2.287	8.391	47492596
A1H-H-H	120.108	1.958	8.392	95242168
A1H-H-H	120.73	4.249	7.752	61904768
A1H-H-H	120.765	0.62	8.498	52345932
A1H-H-H	120.767	0.604	8.499	53077916
A1H-H-H	120.965	4.197	10.214	34908528
A1H-H-H	121.094	3.887	8.436	110902896
A1H-H-H	121.284	4.179	8.741	14340945
A1H-H-H	121.471	1.762	8.022	8375352
A1H-H-H	121.655	8.748	8.28	20613100
A1H-H-H	121.665	3.554	8.278	41478872
A1H-H-H	121.794	4.845	8.724	258816240
A1H-H-H	122.045	2.913	8.181	12063790
A1H-H-H	122.712	1.474	7.951	16073150
A1H-H-H	123.881	4.182	8.668	58660544
A1H-H-H	128.799	4.12	9.425	56797596
A1H-H-H	120.174	2.279	8.326	67094524
A1H-H-H	110.29	7.241	8.156	12625584
A21N-C31HA-A21H	128.074	5.41	8.618	33821060
A21N-HA-H	128.087	5.536	8.62	43726136
A21N-I19HA-A21H	128.094	3.267	8.618	31721846
A21N-I19QG2-A21H	128.087	0.63	8.619	78873992
A21N-QB-H	128.085	1.338	8.619	114818992
A21N-S20H-A21H	128.086	8.102	8.619	277067808
A21N-S20HA-A21H	128.082	5.182	8.618	30462030
A21N-S30H-A21H	128.086	8.157	8.619	45403712
A21N-W58QB-A21H	128.078	2.774	8.616	18517982
A33N-C31HA-A33H	122.034	5.41	8.18	12794878
A33N-C31HB3-A33H	122.042	3.483	8.179	28503820
A33N-C34H-A33H	122.041	9.171	8.178	82262504
A33N-HA-H	122.04	4.128	8.179	105406656
A33N-I35H-A33H	122.033	7.378	8.178	13140402
A33N-K32H-A33H	122.041	7.952	8.178	80985456
A33N-K32HA-A33H	122.098	3.894	8.188	18510318
A33N-K32QB-A33H	122.039	1.829	8.178	80390928
A33N-QB-H	122.039	1.491	8.178	310352320
C11N-H17H-C11H	123.878	7.29	8.669	18270940
C11N-HB2-H	123.881	2.807	8.668	108287192
C11N-HB3-H	123.881	3.552	8.668	95447504
C11N-L10HA-C11H	123.881	4.247	8.668	217755888
C11N-L10HB2-C11H	123.881	1.137	8.667	44567048
C11N-L10HB3-C11H	123.883	1.637	8.669	13961556
C11N-L10QD1-C11H	123.875	0.739	8.665	26939824
C11N-L10QD2-C11H	123.889	0.598	8.668	34528020
C11N-P18HA-C11H	123.878	4.831	8.668	38702804
C14N-A16H-C14H	116.11	8.816	7.739	14540391
C14N-C11HB3-C14H	116.102	3.552	7.737	25497942
C14N-HA-H	116.092	4.698	7.735	41449152
C14N-HB2-H	116.098	2.724	7.737	50152120
C14N-HB3-H	116.106	3.103	7.74	18106064
C14N-I13H-C14H	116.1	8.745	7.738	126158880
C14N-I13HA-C14H	116.094	3.929	7.74	16861112
C14N-I13HB-C14H	116.1	2.319	7.738	151332992
C14N-I13HG12-C14H	116.107	0.627	7.737	10171452
C14N-I13QD1-C14H	116.088	-0.048	7.737	12609970
C14N-I13QG2-C14H	116.104	0.48	7.738	45239104
C14N-Y15H-C14H	116.103	8.28	7.738	179165024
C14N-Y15HA-C14H	116.105	4.18	7.738	15598111
C26N-CPRO25HA-C26H	121.192	4.902	8.284	21083438
C26N-CPRO25HD2-C26H	121.191	3.52	8.285	15580592
C26N-CPRO25HD3-C26H	121.196	4.137	8.286	37977528
C26N-CPRO25HG2-C26H	121.188	1.835	8.286	30743768
C26N-CPRO25HG3-C26H	121.184	2.091	8.284	9777799
C26N-G27H-C26H	121.192	8.731	8.283	49840020
C26N-HA-H	121.192	4.408	8.285	51401348
C26N-HB2-H	121.191	2.803	8.285	62745112
C26N-HB3-H	121.191	3.038	8.284	23875538
C26N-Q24HA-C26H	121.188	5.056	8.286	24351500
C26N-T50QG2-C26H	121.191	1.41	8.286	24329764
C31N-C11HB2-C31H	120.965	2.805	10.213	59291284
C31N-C11HB3-C31H	120.962	3.55	10.215	15958435
C31N-HA-H	120.963	5.411	10.212	34566712
C31N-HB2-H	120.964	2.966	10.213	53271892
C31N-HB3-H	120.962	3.48	10.212	21609254
C31N-I19HA-C31H	120.948	3.264	10.212	17026730
C31N-S30HA-C31H	120.963	4.926	10.213	71956056
C31N-S30HB3-C31H	120.968	4.834	10.213	115364608
C31N-S30HG-C31H	120.969	4.656	10.213	56212088
C34N-A33H-C34H	120.175	8.18	9.17	91493544
C34N-A33HA-C34H	120.175	4.126	9.171	15610590
C34N-A33QB-C34H	120.176	1.492	9.171	104507136
C34N-HA-H	120.177	3.973	9.17	52580748
C34N-HB2-H	120.175	2.768	9.17	32938842
C34N-HB3-H	120.176	2.918	9.171	96756568
C34N-I35H-C34H	120.179	7.395	9.17	72680760
C45N-D44HA-C45H	120.163	4.863	8.327	133471336
C45N-D44HB3-C45H	120.158	2.36	8.33	30399470
C45N-HA-H	120.156	3.629	8.327	47766276
C45N-HB2-H	120.157	3.147	8.328	88238880
C45N-HB3-H	120.161	3.312	8.327	92453048
C45N-I52HG13-C45H	120.167	1.665	8.33	31226020
C45N-T50H-C45H	120.128	8.089	8.332	19297794
C45N-T51HA-C45H	120.182	4.081	8.334	25744524
C48N-C45HB3-C48H	117.201	3.309	8.383	35453604
C48N-F47H-C48H	117.2	9.69	8.383	97804344
C48N-F47HA-C48H	117.206	4.493	8.383	11257925
C48N-F47HB2-C48H	117.201	2.219	8.383	66228372
C48N-HA-H	117.196	5.088	8.382	31644220
C48N-HB3-H	117.192	3.589	8.381	10700049
C48N-K49H-C48H	117.203	8.018	8.384	141541088
D44N-H38HD2-D44H	118.044	6.376	8.183	6268726
D44N-HA-H	118.043	4.867	8.179	43754524
D44N-HB2-H	118.047	2.276	8.181	45576408
D44N-HB3-H	118.047	2.36	8.182	37370644
D44N-K43H-D44H	118.048	8.521	8.182	110772504
D44N-K43HA-D44H	118.051	4.485	8.184	37565492
D44N-K43HB2-D44H	118.048	1.677	8.18	25562492
D44N-L39QD2-D44H	118.101	0.648	8.177	14102215
D44N-N42HB3-D44H	118.048	2.212	8.182	65291952
D57N-E56HB2-D57H	121.794	1.973	8.724	20495244
D57N-E56HB3-D57H	121.796	2.193	8.726	74759568
D57N-E56QG-D57H	121.803	2.286	8.724	12920786
D57N-HB2-H	121.793	2.604	8.725	127703416
D57N-HB3-H	121.792	2.756	8.726	45579520
D57N-W58H-D57H	121.804	7.916	8.729	16417843
D9N-E8HA-D9H	120.222	4.259	8.322	132694904
D9N-E8HB2-D9H	120.222	1.961	8.321	18657622
D9N-E8HB3-D9H	120.211	2.053	8.32	27475366
D9N-HA-H	120.214	4.693	8.323	62208888
D9N-HB2-H	120.216	2.651	8.322	78756256
D9N-HB3-H	120.211	2.848	8.321	29478772
D9N-L10H-D9H	120.213	7.752	8.321	73009576
E56N-F23HA-E56H	126.793	5.394	9.318	17724580
E56N-HB2-H	126.801	1.971	9.317	83918960
E56N-HB3-H	126.805	2.193	9.317	33935808
E56N-QG-H	126.795	2.295	9.315	31489234
E56N-V22H-E56H	126.8	9.041	9.316	67144136
E56N-V22QG1-E56H	126.797	0.965	9.317	39216732
E56N-V55H-E56H	126.787	8.438	9.316	13158892
E56N-V55HA-E56H	126.802	4.791	9.316	262931696
E56N-V55QG1-E56H	126.8	1.038	9.316	83179664
E56N-V55QG2-E56H	126.799	0.888	9.317	20493932
E59N-HA-H	125.29	4.109	7.619	62047992
E59N-HB2-H	125.292	1.679	7.618	47369944
E59N-HB3-H	125.296	1.817	7.616	21376746
E59N-QG-H	125.283	2.001	7.616	21113388
E59N-W58HA-E59H	125.293	4.645	7.618	238953744
E59N-W58QB-E59H	125.293	2.772	7.617	24513710
E7N-E8H-E7H	123.005	8.389	8.614	20937886
E7N-HA-H	122.992	4.255	8.61	49726412
E7N-HB2-H	122.997	1.976	8.61	57713084
E7N-HB3-H	122.996	2.112	8.61	26703898
E7N-QG-H	122.982	2.298	8.607	26379100
E7N-S6HA-E7H	122.995	4.509	8.609	111002240
E7N-S6HB2-E7H	123.016	3.893	8.614	14773575
E7N-S6HB3-E7H	123.001	3.95	8.609	18807468
E8N-HB3-H	120.107	2.056	8.391	42516636
F23N-HA-H	128.206	5.398	8.66	38252572
F23N-HB3-H	128.206	3.487	8.661	54309708
F23N-K29HA-F23H	128.201	4.754	8.661	38329920
F23N-K29HG2-F23H	128.211	0.892	8.662	16846874
F23N-QD-H	128.204	7.223	8.662	38218900
F23N-V22HA-F23H	128.204	4.682	8.662	230390080
F23N-V22HB-F23H	128.204	1.666	8.665	18380264
F23N-V22QG1-F23H	128.202	0.964	8.662	35210780
F23N-V22QG2-F23H	128.204	0.755	8.661	106184704
F46N-C45HA-F46H	125.444	3.629	6.055	122465552
F46N-F47H-F46H	125.452	9.691	6.054	27233454
F46N-HA-H	125.438	3.915	6.056	34295380
F46N-HB2-H	125.439	1.988	6.053	41387692
F46N-HB3-H	125.439	2.104	6.054	34367124
F46N-I52QD1-F46H	125.444	0.271	6.053	15834280
F46N-QD-H	125.444	6.25	6.054	30815116
F47N-C48H-F47H	119.298	8.384	9.687	75216408
F47N-F46H-F47H	119.295	6.058	9.688	32642552
F47N-F46HA-F47H	119.306	3.918	9.689	12268170
F47N-F46HB2-F47H	119.301	1.983	9.69	10898980
F47N-F46HB3-F47H	119.301	2.106	9.689	18783786
F47N-F46QD-F47H	119.3	6.25	9.685	17008630
F47N-HA-H	119.294	4.491	9.687	23504262
F47N-HB2-H	119.297	2.22	9.688	40199628
F47N-HB3-H	119.302	2.86	9.688	18953108
F47N-K49H-F47H	119.284	8.024	9.693	13662802
F47N-QD-H	119.298	7.29	9.686	35220124
G27N-C26H-G27H	111.605	8.285	8.728	47245480
G27N-C26HA-G27H	111.591	4.414	8.73	9531427
G27N-C26HB2-G27H	111.643	2.804	8.731	7510106
G27N-F23HB3-G27H	111.599	3.483	8.73	15576674
G27N-H28H-G27H	111.608	8.19	8.729	62790924
G27N-HA2-H	111.606	3.656	8.729	152215424
G27N-HA3-H	111.604	3.917	8.729	57815180
G27N-Q24HA-G27H	111.608	5.057	8.729	45583880
G27N-V22QG2-G27H	111.596	0.753	8.729	18901696
G61N-K60HB2-G61H	116.633	1.611	7.902	12357173
G61N-K60QG-G61H	116.633	1.352	7.905	16450251
H17N-A16H-H17H	116.632	8.826	7.285	223720160
H17N-A16HA-H17H	116.634	4.64	7.284	29189394
H17N-A16QB-H17H	116.633	1.219	7.284	69173272
H17N-C11H-H17H	116.624	8.67	7.284	29628548
H17N-C11HB2-H17H	116.618	2.808	7.283	18640772
H17N-C11HB3-H17H	116.629	3.555	7.284	38828984
H17N-HA-H	116.634	5.215	7.284	56274640
H17N-HB2-H	116.632	3.15	7.285	66800108
H17N-HB3-H	116.634	3.402	7.286	25569990
H17N-L10QD1-H17H	116.636	0.738	7.285	24954568
H17N-L10QD2-H17H	116.624	0.597	7.285	34912644
H17N-Y15H-H17H	116.64	8.277	7.281	12328556
H28N-C26HB3-H28H	120.617	3.039	8.186	14759858
H28N-F23H-H28H	120.605	8.672	8.19	20449946
H28N-F23HB3-H28H	120.615	3.485	8.187	31258568
H28N-F23QD-H28H	120.611	7.223	8.19	21328062
H28N-G27H-H28H	120.61	8.73	8.189	89512416
H28N-G27HA2-H28H	120.611	3.654	8.189	36732984
H28N-G27HA3-H28H	120.611	3.922	8.188	26691524
H28N-HA-H	120.613	4.356	8.189	56008544
H28N-HB2-H	120.61	3.23	8.188	37184608
H28N-HB3-H	120.611	3.586	8.188	103932704
H28N-K29H-H28H	120.617	7.359	8.187	17539666
H28N-V22QG2-H28H	120.611	0.754	8.188	14459348
H38N-C34HA-H38H	121.469	3.974	8.021	10105245
H38N-HA-H	121.467	4.393	8.023	73028496
H38N-HB2-H	121.466	3.184	8.024	112757624
H38N-HB3-H	121.467	3.25	8.024	136545232
H38N-I35HA-H38H	121.466	4.455	8.024	34450860
H38N-L39H-H38H	121.466	8.33	8.024	98305104
H38N-Q37H-H38H	121.466	7.838	8.024	128077616
H38N-Q37HA-H38H	121.467	4.117	8.024	24008022
H38N-Q37HB2-H38H	121.467	2.177	8.024	75354944
H38N-Q37HB3-H38H	121.466	2.225	8.024	42106240
H38N-Q37QG-H38H	121.467	2.457	8.025	12954996
H38N-Q37QG-H38H	121.469	2.49	8.016	9734497
H38N-Q37QG-H38H	121.519	2.458	8.038	5542794
I13N-C14H-I13H	121.286	7.74	8.743	106414888
I13N-HA-H	121.284	3.932	8.742	42798496
I13N-HB-H	121.285	2.32	8.744	85691064
I13N-HG12-H	121.291	0.621	8.743	40748740
I13N-HG13-H	121.285	0.693	8.744	53048632
I13N-P12HA-I13H	121.286	4.055	8.744	22123044
I13N-P12HB2-I13H	121.286	2.131	8.742	10931756
I13N-P12HD3-I13H	121.29	3.876	8.742	26027606
I13N-QD1-H	121.277	-0.052	8.738	14587383
I13N-QG2-H	121.288	0.481	8.743	19455800
I13N-Y15H-I13H	121.286	8.279	8.745	21803238
I19N-D9HB3-I19H	120.76	2.843	8.497	12543552
I19N-HA-H	120.769	3.267	8.499	69905104
I19N-HB-H	120.768	1.586	8.499	159937664
I19N-HG12-H	120.769	0.722	8.499	63725584
I19N-HG13-H	120.769	1.5	8.499	117532992
I19N-L10HA-I19H	120.769	4.248	8.499	37998848
I19N-P18HA-I19H	120.768	4.831	8.498	255302960
I19N-P18HB2-I19H	120.762	1.97	8.499	35827716
I19N-P18HB3-I19H	120.767	2.462	8.5	40776524
I35N-A33H-I35H	118.107	8.19	7.395	11417540
I35N-C34H-I35H	118.09	9.171	7.394	57395868
I35N-C34HA-I35H	118.107	3.973	7.396	13394346
I35N-C34HB2-I35H	118.109	2.768	7.395	20775502
I35N-C34HB3-I35H	118.094	2.916	7.395	49227516
I35N-HA-H	118.098	4.455	7.395	47881760
I35N-HB-H	118.094	2.145	7.393	66832992
I35N-K32HA-I35H	118.09	3.893	7.394	20439602
I35N-N36H-I35H	118.094	8.408	7.394	108118136
I35N-QG2-H	118.093	1.096	7.394	201861552
I35N-S30HG-I35H	118.096	4.656	7.394	52894520
I52N-D44HA-I52H	128.983	4.864	8.341	61906468
I52N-HA-H	128.983	4.236	8.341	35997720
I52N-HB-H	128.983	1.54	8.342	130560544
I52N-HG12-H	128.977	1.021	8.342	21200002
I52N-HG13-H	128.983	1.667	8.341	70922528
I52N-QD1-H	128.991	0.265	8.341	18057196
I52N-QG2-H	128.978	0.814	8.341	24864638
I52N-T51HA-I52H	128.983	4.087	8.342	201580192
I52N-T51HB-I52H	128.98	3.974	8.341	14718097
I52N-T51QG2-I52H	128.983	1.143	8.342	104073984
K29N-H28HA-K29H	113.163	4.357	7.355	127238424
K29N-H28HB2-K29H	113.165	3.23	7.355	100690648
K29N-H28HB3-K29H	113.173	3.588	7.356	32939964
K29N-HA-H	113.167	4.763	7.354	38329932
K29N-HB2-H	113.167	1.186	7.355	80378640
K29N-HB3-H	113.17	1.685	7.36	13247153
K29N-HG2-H	113.173	0.898	7.356	11011405
K29N-HG3-H	113.165	1.057	7.355	44323140
K32N-A21QB-K32H	122.716	1.337	7.952	22249720
K32N-A33H-K32H	122.718	8.18	7.953	87063760
K32N-C31HA-K32H	122.714	5.41	7.953	164123776
K32N-C31HB2-K32H	122.709	2.967	7.952	26791880
K32N-C31HB3-K32H	122.716	3.482	7.953	86127528
K32N-C34H-K32H	122.73	9.168	7.954	9121051
K32N-HA-H	122.713	3.891	7.953	87855824
K32N-HG3-H	122.711	1.562	7.953	29575464
K32N-I35QG2-K32H	122.718	1.095	7.952	11502135
K32N-QB-H	122.714	1.825	7.953	153008560
K32N-S20HB3-K32H	122.738	4.421	7.953	6365282
K43N-D44H-K43H	115.284	8.183	8.517	69548368
K43N-HA-H	115.283	4.487	8.518	23489054
K43N-HB3-H	115.284	1.955	8.516	11855593
K43N-N42HA-K43H	115.282	4.786	8.518	461016576
K43N-N42HB3-K43H	115.277	2.213	8.515	29261978
K43N-QG-H	115.28	1.345	8.519	17656506
K49N-C45HB2-K49H	117.078	3.145	8.016	18079190
K49N-C45HB3-K49H	117.078	3.312	8.017	57140456
K49N-C48H-K49H	117.077	8.385	8.017	151900160
K49N-C48HA-K49H	117.074	5.087	8.017	27612428
K49N-C48HB3-K49H	117.07	3.596	8.016	15471049
K49N-F47H-K49H	117.072	9.691	8.016	15358046
K49N-HA-H	117.077	4.138	8.017	248503104
K49N-HG2-H	117.082	1.291	8.016	31151886
K49N-HG3-H	117.074	1.387	8.015	32322802
K49N-QB-H	117.078	2.136	8.017	46875112
K49N-QD-H	117.069	1.644	8.017	16950288
K60N-E59HA-K60H	122.684	4.109	7.865	224325696
K60N-E59HB3-K60H	122.682	1.817	7.864	16153356
K60N-E59QG-K60H	122.69	1.995	7.868	12607507
K60N-HA-H	122.682	3.712	7.865	57791724
K60N-HA-H	122.739	3.719	7.855	33379948
K60N-HB2-H	122.683	1.62	7.866	66854876
K60N-HB3-H	122.68	1.689	7.865	71592528
K60N-QG-H	122.687	1.357	7.866	26883030
L10N-D9H-L10H	120.731	8.323	7.751	85169472
L10N-D9HA-L10H	120.731	4.694	7.752	113546792
L10N-D9HB2-L10H	120.726	2.652	7.752	18496408
L10N-D9HB3-L10H	120.728	2.844	7.751	22881466
L10N-HB2-H	120.729	1.134	7.752	46100932
L10N-HB3-H	120.731	1.635	7.752	116852136
L10N-HG-H	120.729	1.556	7.752	77224728
L10N-QD1-H	120.729	0.738	7.754	26268174
L10N-QD2-H	120.73	0.594	7.751	28771350
L39N-H38H-L39H	116.15	8.024	8.326	74502456
L39N-H38HB2-L39H	116.15	3.183	8.326	58911504
L39N-H38HB3-L39H	116.154	3.248	8.327	25177668
L39N-HA-H	116.147	4.675	8.326	57868276
L39N-HB2-H	116.15	1.585	8.328	43989088
L39N-I35QD1-L39H	116.146	0.061	8.326	13935863
L39N-M40H-L39H	116.15	7.312	8.327	71305696
L39N-QD1-H	116.146	0.715	8.328	21093846
L39N-QD2-H	116.15	0.658	8.326	26623300
M40N-HA-H	117.343	4.199	7.312	68668656
M40N-HB2-H	117.344	2.072	7.31	48486104
M40N-HB3-H	117.34	2.137	7.311	119418576
M40N-HG2-H	117.343	2.651	7.312	42940616
M40N-HG3-H	117.341	2.911	7.311	75666392
M40N-L39H-M40H	117.341	8.329	7.311	71104504
M40N-L39HA-M40H	117.332	4.676	7.31	26401970
M40N-L39HB3-M40H	117.346	1.762	7.312	13844946
M40N-Q37HA-M40H	117.346	4.115	7.31	26593030
N36N-A33HA-N36H	122.943	4.124	8.408	26861374
N36N-A33QB-N36H	122.974	1.491	8.41	11056857
N36N-HA-H	122.941	4.391	8.407	81850704
N36N-HB2-H	122.94	2.701	8.407	54142148
N36N-HB3-H	122.941	2.908	8.407	157110384
N36N-I35H-N36H	122.94	7.395	8.407	117175848
N36N-I35HA-N36H	122.946	4.457	8.411	16935862
N36N-I35HB-N36H	122.948	2.146	8.409	15661354
N36N-I35QG2-N36H	122.941	1.097	8.407	175195328
N36N-K32HA-N36H	122.944	3.888	8.407	16646350
N36N-Q37H-N36H	122.944	7.838	8.407	95292168
N36ND2-HB2-HD21	109.862	2.705	7.443	14010073
N36ND2-HB2-HD22	109.85	2.7	6.766	11626161
N36ND2-HB3-HD21	109.849	2.909	7.445	24896288
N36ND2-HB3-HD22	109.846	2.909	6.765	19008486
N36ND2-HD21-HD22	109.85	7.445	6.764	967174592
N36ND2-HD22-HD21	109.846	6.762	7.443	744560128
N41N-HA-H	111.622	4.962	7.274	48948088
N41N-HB2-H	111.624	2.551	7.273	54730848
N41N-HB3-H	111.642	2.807	7.275	20726188
N41N-L39HA-N41H	111.625	4.676	7.273	22502476
N41N-M40HA-N41H	111.613	4.199	7.275	17087734
N41N-M40HB2-N41H	111.634	2.063	7.273	20927466
N41N-M40HB3-N41H	111.619	2.137	7.272	32781294
N41N-N42H-N41H	111.631	7.632	7.274	180969536
N41ND2-HA-HD22	114.248	4.956	6.912	9799614
N41ND2-HB2-HD21	114.282	2.55	7.732	42013612
N41ND2-HB2-HD22	114.281	2.549	6.915	13750757
N41ND2-HD21-HD22	114.287	7.734	6.915	857488704
N41ND2-HD22-HD21	114.284	6.913	7.733	732148480
N42N-HA-H	117.706	4.789	7.63	99267832
N42N-HB2-H	117.705	1.553	7.63	62208488
N42N-HB3-H	117.711	2.21	7.629	26652490
N42N-HD21-H	117.709	7.373	7.631	44159984
N42N-HD22-H	117.706	7.016	7.632	14954856
N42N-L39HA-N42H	117.707	4.675	7.629	87568000
N42N-L39QD2-N42H	117.698	0.657	7.628	19435774
N42N-N41H-N42H	117.709	7.275	7.63	264788304
N42N-N41HA-N42H	117.709	4.961	7.629	40032716
N42N-N41HB2-N42H	117.715	2.549	7.631	24026100
N42N-N41HB3-N42H	117.715	2.8	7.628	14589306
N42ND2-HA-HD21	117.348	4.789	7.374	18629840
N42ND2-HA-HD22	117.352	4.786	7.022	22464698
N42ND2-HB2-HD21	117.343	1.553	7.372	45749192
N42ND2-HB2-HD22	117.339	1.545	7.021	15726172
N42ND2-HD21-HD22	117.348	7.372	7.022	512556000
N42ND2-HD22-HD21	117.35	7.02	7.372	464569408
Q24N-F23HA-Q24H	120.489	5.396	9.24	175501808
Q24N-F23HB2-Q24H	120.486	3.433	9.238	24157686
Q24N-F23HB3-Q24H	120.503	3.486	9.241	17493884
Q24N-F23QD-Q24H	120.471	7.227	9.239	11669843
Q24N-HA-H	120.474	5.057	9.235	31024840
Q24N-HG2-H	120.49	2.199	9.24	37396284
Q24N-HG3-H	120.495	2.383	9.241	15327923
Q24N-I52QG2-Q24H	120.485	0.812	9.239	50014068
Q24N-QB-H	120.489	2.042	9.239	75650520
Q24N-S54H-Q24H	120.489	7.925	9.24	51767972
Q24N-V55HA-Q24H	120.484	4.792	9.24	26102860
Q24NE2-E56QG-Q24HE21	110.169	2.312	7.01	9575784
Q24NE2-HE21-HE22	110.166	7.012	6.664	1110947712
Q24NE2-HE22-HE21	110.166	6.663	7.014	871161600
Q24NE2-HG2-HE21	110.171	2.196	7.013	27301296
Q24NE2-HG3-HE21	110.172	2.386	7.015	22341602
Q24NE2-HG3-HE22	110.169	2.384	6.663	15712109
Q24NE2-QB-HE21	110.16	2.032	7.011	8321218
Q24NE2-V22QG1-Q24HE21	110.162	0.963	7.016	23132530
Q24NE2-V22QG1-Q24HE22	110.157	0.968	6.666	17185972
Q24NE2-V22QG2-Q24HE21	110.158	0.762	7.012	9541827
Q37N-C34HA-Q37H	117.556	3.973	7.837	18774692
Q37N-H38H-Q37H	117.554	8.026	7.837	119091280
Q37N-HA-H	117.553	4.116	7.837	94474056
Q37N-HB2-H	117.553	2.179	7.837	128325128
Q37N-HB3-H	117.553	2.229	7.836	148919568
Q37N-N36H-Q37H	117.555	8.408	7.837	101522272
Q37N-N36HA-Q37H	117.555	4.392	7.837	21379658
Q37N-N36HB2-Q37H	117.558	2.699	7.837	36639100
Q37N-N36HB3-Q37H	117.551	2.909	7.836	63344940
Q37N-QG-H	117.555	2.484	7.837	21750554
Q37NE2-HE21-HE22	111.786	7.446	6.859	1173984256
Q37NE2-HE22-HE21	111.792	6.857	7.449	888719232
Q37NE2-QG-HE21	111.807	2.471	7.446	7867963
S20N-A21H-S20H	116.902	8.621	8.102	286816064
S20N-A21QB-S20H	116.904	1.339	8.103	21044926
S20N-C31HA-S20H	116.899	5.41	8.101	200046576
S20N-C31HB2-S20H	116.91	2.968	8.102	12353980
S20N-C31HB3-S20H	116.914	3.482	8.101	12248694
S20N-HA-H	116.901	5.181	8.103	38797144
S20N-HB2-H	116.895	3.956	8.102	18140070
S20N-HB3-H	116.904	4.409	8.102	10393535
S20N-I19HA-S20H	116.9	3.266	8.102	245492416
S20N-I19HB-S20H	116.909	1.584	8.103	16751209
S20N-I19QG2-S20H	116.902	0.629	8.101	66755052
S30N-A21H-S30H	110.282	8.622	8.154	46347548
S30N-A21QB-S30H	110.284	1.338	8.155	50567220
S30N-HA-H	110.284	4.926	8.155	52807424
S30N-HB2-H	110.282	4.207	8.156	15922888
S30N-HB3-H	110.282	4.837	8.156	18055036
S30N-I19HA-S30H	110.265	3.266	8.15	9394459
S30N-I19QG2-S30H	110.28	0.631	8.155	76773552
S30N-K29HA-S30H	110.281	4.763	8.155	237118976
S30N-K29HB2-S30H	110.283	1.185	8.156	28319226
S30N-K29HB3-S30H	110.278	1.686	8.155	73203200
S30N-K29HG2-S30H	110.28	0.899	8.155	13665892
S30N-K29HG3-S30H	110.287	1.095	8.158	10759497
S30N-V22HA-S30H	110.283	4.678	8.156	30996826
S54N-HA-H	113.042	4.654	7.924	65517932
S54N-HB3-H	113.042	3.896	7.923	17733466
S54N-I52HA-S54H	113.044	4.237	7.924	22064526
S54N-I52QG2-S54H	113.041	0.812	7.925	140763712
S54N-Q24H-S54H	113.041	9.242	7.925	55152676
S54N-V53H-S54H	113.041	9.426	7.924	204425792
S54N-V53HA-S54H	113.039	4.114	7.924	35968304
S54N-V53HB-S54H	113.042	2.011	7.925	97946568
S6N-E7H-S6H	118.165	8.613	8.482	19252906
S6N-HB2-H	118.144	3.895	8.478	23765840
S6N-HB3-H	118.144	3.95	8.48	20777428
S6N-T5HA-S6H	118.143	4.384	8.479	78569384
S6N-T5HB-S6H	118.151	4.261	8.479	20623898
S6N-T5QG2-S6H	118.141	1.248	8.483	5953790
T50N-C45H-T50H	118.399	8.326	8.083	32288928
T50N-C45HB2-T50H	118.394	3.147	8.081	30381426
T50N-C45HB3-T50H	118.397	3.312	8.082	104082320
T50N-D44HB2-T50H	118.39	2.278	8.081	11506897
T50N-HA-H	118.397	4.376	8.083	65593392
T50N-HB-H	118.396	4.064	8.082	133189296
T50N-HG1-H	118.39	5.56	8.082	25645366
T50N-K49HA-T50H	118.395	4.134	8.082	44089676
T50N-K49QB-T50H	118.396	2.138	8.082	17455780
T50N-QG2-H	118.393	1.409	8.082	32201294
T50N-T51H-T50H	118.402	8.864	8.085	11171460
T51N-HA-H	125.963	4.082	8.852	54781872
T51N-HB-H	125.957	3.975	8.852	125983568
T51N-QG2-H	125.958	1.145	8.853	22151404
T51N-T50HA-T51H	125.957	4.375	8.851	205971536
T51N-T50QG2-T51H	125.957	1.41	8.852	96292840
T5N-HA-H	114.456	4.392	8.276	23117116
T5N-HB-H	114.445	4.259	8.278	23388028
T5N-P4HA-T5H	114.447	4.507	8.279	117733520
T5N-P4HB3-T5H	114.439	2.319	8.281	11391801
T5N-QG2-H	114.488	1.244	8.281	4812462
T5N-S6H-T5H	114.44	8.472	8.28	18436484
V22N-A21HA-V22H	118.331	5.537	9.041	243777264
V22N-A21QB-V22H	118.333	1.338	9.041	75185872
V22N-E56H-V22H	118.331	9.317	9.042	56891524
V22N-E56HB2-V22H	118.335	1.974	9.042	13926284
V22N-H-H	118.333	9.042	9.041	2014358528
V22N-HA-H	118.333	4.684	9.038	34016072
V22N-HB-H	118.332	1.659	9.04	36558996
V22N-QG1-H	118.333	0.963	9.041	120354240
V22N-QG2-H	118.329	0.754	9.042	30630566
V22N-V55QG1-V22H	118.327	1.035	9.04	41610464
V22N-W58H-V22H	118.33	7.913	9.041	16203000
V22N-W58QB-V22H	118.334	2.78	9.041	23999764
V53N-CPRO25HD2-V53H	128.799	3.516	9.424	35731356
V53N-HB-H	128.794	2.003	9.424	78153288
V53N-I52HA-V53H	128.796	4.234	9.424	175526176
V53N-I52QG2-V53H	128.796	0.812	9.424	59386968
V53N-QG2-H	128.795	0.98	9.425	110900512
V53N-S54H-V53H	128.796	7.925	9.424	151494224
V55N-E56H-V55H	121.103	9.321	8.435	17083260
V55N-HA-H	121.103	4.79	8.437	69689096
V55N-HB-H	121.094	1.981	8.437	128638616
V55N-I52QG2-V55H	121.106	0.814	8.439	16957442
V55N-QG1-H	121.096	1.038	8.437	25846440
V55N-QG2-H	121.092	0.888	8.436	91148752
V55N-S54HA-V55H	121.094	4.655	8.436	311722624
V55N-S54HB2-V55H	121.094	3.848	8.437	47779968
W58N-A21HA-W58H	123.297	5.537	7.913	72566944
W58N-D57HA-W58H	123.297	4.849	7.913	278185248
W58N-D57HB2-W58H	123.295	2.61	7.913	23259954
W58N-HA-H	123.297	4.648	7.912	53760944
W58N-QB-H	123.297	2.769	7.914	157434800
W58N-S20HA-W58H	123.296	5.178	7.913	23203530
W58NE1-HD1-HE1	129.314	7.057	10.127	150477680
W58NE1-HZ2-HE1	129.307	7.41	10.127	65827216
W58NE1-K29HD2-W58HE1	129.332	0.632	10.126	11837577
W58NE1-K29QE-W58HE1	129.328	2.13	10.125	14991830
Y15N-A16H-Y15H	121.667	8.825	8.28	56049888
Y15N-C14H-Y15H	121.663	7.74	8.279	149214576
Y15N-C14HA-Y15H	121.654	4.693	8.28	12119634
Y15N-HB2-H	121.662	2.918	8.28	26012244
Y15N-HB3-H	121.664	3.371	8.278	21070932
Y15N-I13HB-Y15H	121.677	2.319	8.279	11559499
Y15N-QD-H	121.657	6.932	8.28	15884845