#mage_clash
#Residue\Model	1	2	3	4	5	6	7	8	9	10	11	12	13	14	15	16	17	18	19	20
8.000	1	0	0	0	0	0	0	0	1	0	0	0	0	0	0	0	1	0	0	1
9.000	2	0	2	0	0	0	0	2	2	0	0	0	0	1	0	0	0	2	2	0
10.000	0	0	0	0	0	0	0	0	0	0	0	0	0	0	0	0	0	1	0	0
11.000	0	0	0	0	0	0	0	0	0	0	0	0	0	0	0	0	0	0	0	0
12.000	0	0	0	0	0	1	0	0	0	0	0	0	0	0	0	0	1	0	0	1
13.000	0	0	0	0	0	0	0	0	0	0	0	0	0	0	0	0	0	0	0	0
14.000	0	0	0	0	0	0	0	0	0	0	1	0	0	0	0	0	0	0	0	0
15.000	0	0	0	0	0	0	0	0	0	0	0	0	0	0	0	0	0	0	0	0
16.000	0	0	0	0	0	0	0	0	0	0	0	0	0	0	0	0	0	0	0	0
17.000	0	0	1	0	1	0	1	0	1	1	0	0	0	1	0	0	0	0	0	0
18.000	0	0	0	0	0	0	0	0	0	0	0	0	0	0	0	1	0	0	0	0
19.000	0	0	0	0	1	0	0	0	0	0	0	0	0	0	0	0	0	0	0	0
20.000	0	0	0	1	0	0	0	0	0	1	0	0	0	0	0	0	0	0	0	0
21.000	0	0	0	0	0	0	0	1	0	0	0	0	0	0	0	2	0	0	1	1
27.000	0	0	0	0	0	0	0	0	0	0	0	0	0	0	0	0	0	0	0	0
28.000	0	0	0	0	2	0	0	0	0	0	2	0	0	0	0	2	0	0	1	0
29.000	0	0	0	0	0	1	0	0	0	0	0	0	0	0	0	0	0	1	0	0
30.000	0	0	0	0	0	0	0	0	0	0	0	0	0	0	0	0	0	0	0	0
31.000	0	0	0	0	0	0	0	0	0	0	0	0	0	1	0	0	0	0	0	0
32.000	0	0	0	0	0	0	0	0	0	0	0	0	0	0	0	0	0	0	0	0
33.000	0	0	0	0	0	0	0	0	0	0	0	0	0	0	0	0	0	0	0	0
34.000	0	0	0	0	0	0	0	0	0	0	1	0	0	0	0	0	0	0	0	0
35.000	5	1	0	1	1	1	1	1	1	0	2	2	0	0	1	2	1	1	1	0
36.000	0	1	1	1	0	1	0	0	0	1	0	0	0	0	0	0	0	0	0	0
37.000	0	0	0	0	0	0	0	0	0	0	0	0	0	0	0	0	0	0	0	0
38.000	0	0	0	0	0	0	0	0	0	0	0	0	0	0	0	0	0	0	0	0
39.000	1	1	0	1	0	0	0	1	0	1	0	0	1	0	0	0	1	0	0	0
45.000	0	0	0	0	0	0	0	0	0	0	0	0	0	0	0	0	0	0	1	0
46.000	0	3	0	0	0	0	0	0	1	0	0	4	1	0	0	2	0	0	1	1
47.000	0	0	0	0	0	0	0	0	0	0	0	2	0	1	1	0	0	0	0	0
48.000	1	0	0	0	0	1	0	0	0	0	0	2	1	0	0	1	1	1	0	2
53.000	0	0	0	1	0	0	2	0	0	0	1	0	0	3	3	0	1	0	0	2
54.000	0	0	0	0	0	0	0	0	0	0	0	0	0	0	0	0	0	0	0	0
55.000	1	0	0	0	0	0	1	0	0	1	0	0	1	0	0	0	0	0	0	0
56.000	0	1	0	0	1	0	0	0	0	0	0	1	0	0	0	0	0	0	0	0
57.000	1	0	0	0	0	0	0	0	0	1	0	0	0	0	0	0	0	0	0	0
58.000	0	0	0	0	0	0	0	0	0	0	0	0	0	0	0	0	0	0	0	0
59.000	0	0	0	0	0	0	0	0	0	0	0	0	0	0	0	0	0	0	0	0
63.000	1	1	1	2	1	3	1	1	1	1	4	3	1	1	0	1	1	1	1	1
64.000	0	0	0	0	1	0	0	0	0	0	0	1	0	0	0	0	0	0	0	0
65.000	0	0	0	0	0	0	0	0	0	0	0	0	0	0	0	0	0	0	0	0
66.000	1	0	0	0	1	0	0	1	1	0	1	0	2	0	0	0	1	1	1	0
67.000	2	0	0	0	0	1	0	2	0	1	2	2	0	0	0	1	0	1	1	0
68.000	0	0	0	0	0	0	0	0	0	1	0	0	0	0	0	0	0	0	0	0
69.000	0	0	4	0	4	0	0	0	4	4	0	2	0	5	0	3	4	0	3	0
70.000	0	0	0	0	0	0	0	0	1	0	0	0	1	0	0	0	1	0	0	0
71.000	0	0	0	0	0	0	0	0	0	0	0	0	0	0	0	0	0	0	0	0
72.000	0	0	0	0	0	0	0	0	0	0	0	0	0	0	0	0	0	0	0	0
73.000	0	0	0	1	0	0	0	0	0	1	0	0	0	0	0	0	1	0	0	0
74.000	0	0	0	0	0	1	0	0	0	0	0	0	0	1	0	0	0	0	2	0
75.000	1	0	0	0	0	0	1	0	0	0	0	0	0	1	0	0	1	0	0	0
76.000	0	0	0	0	0	0	0	0	0	0	0	0	0	1	0	0	0	0	0	0
77.000	1	0	0	1	0	0	0	0	0	1	0	0	0	0	0	0	1	0	0	0
78.000	0	0	0	0	0	0	0	0	0	0	0	0	0	0	0	0	0	0	0	0
79.000	0	0	0	0	0	0	0	0	0	0	0	0	0	0	0	0	0	0	0	0
80.000	0	0	0	0	1	0	0	1	0	0	0	0	2	0	0	1	0	3	0	1
#Reported_Model_Average	0.321	0.143	0.161	0.161	0.250	0.179	0.125	0.179	0.232	0.268	0.250	0.339	0.179	0.286	0.089	0.286	0.286	0.214	0.268	0.179
#Overall_Average_Reported	0.220
