#alldih_gfactor
#Residue\Model	average
8	-0.17
9	0.58
10	0.74
11	0.60
12	0.34
13	0.70
14	0.93
15	0.52
16	0.48
17	0.95
18	0.68
19	0.74
20	-1.53
21	-0.50
27	-0.98
28	0.12
29	0.46
30	0.52
31	0.99
32	0.91
33	1.05
34	0.48
35	0.70
36	0.97
37	0.73
38	0.96
39	0.72
45	-0.27
46	0.59
47	0.39
48	-0.82
53	0.59
54	0.59
55	0.29
56	0.54
57	-0.32
58	0.81
59	0.09
63	-0.85
64	0.17
65	0.54
66	0.18
67	-0.23
68	-0.07
69	-0.50
70	-0.40
71	-0.38
72	0.15
73	0.04
74	-0.93
75	-0.35
76	0.03
77	0.24
78	-0.35
79	0.01
80	-1.03
#Reported_Model_Average	0.204
#Overall_Average_Reported	0.204
