#phipsi_gfactor
#Residue\Model	average
8	-0.17
9	1.12
10	0.94
11	1.21
12	0.23
13	0.90
14	1.13
15	1.05
16	0.48
17	1.01
18	0.85
19	0.74
20	-2.44
21	-0.50
27	-0.98
28	-0.41
29	0.88
30	0.92
31	0.99
32	0.98
33	1.05
34	1.06
35	1.17
36	1.13
37	0.73
38	1.14
39	0.67
45	-0.27
46	0.98
47	0.48
48	-1.55
53	0.97
54	0.97
55	0.31
56	0.99
57	-0.26
58	0.82
59	-0.25
63	-0.65
64	-0.29
65	0.50
66	-0.54
67	-0.69
68	-0.22
69	-0.72
70	-1.19
71	-0.38
72	-0.11
73	-0.52
74	-0.38
75	-0.72
76	0.20
77	-0.59
78	-0.55
79	-0.63
80	-0.50
#Reported_Model_Average	0.198
#Overall_Average_Reported	0.198
