#prosaII
#Residue\Model	1	2	3	4	5	6	7	8	9	10	11	12	13	14	15	16	17	18	19	20
8	0.696	1.177	2.268	0.940	2.488	1.837	1.906	2.120	0.318	0.980	1.383	1.799	0.865	2.083	1.618	1.400	-0.040	2.309	-0.445	2.369
9	0.625	1.356	1.953	0.835	1.843	1.692	1.449	1.873	0.198	1.158	1.745	1.919	1.036	1.785	1.456	1.521	0.043	1.895	-0.071	2.281
10	1.514	1.696	2.252	1.718	1.989	2.002	1.817	2.166	1.081	1.911	2.121	2.179	1.570	1.995	2.100	1.809	0.907	2.130	0.736	2.567
11	1.614	2.014	2.448	1.861	2.019	2.269	1.991	2.421	1.238	2.397	2.575	2.301	1.777	2.018	2.314	1.955	1.277	2.012	0.992	2.724
12	1.249	1.686	2.218	1.629	1.628	1.864	2.012	1.892	1.060	1.994	1.980	2.121	1.564	1.600	1.959	1.616	0.796	1.515	1.098	2.291
13	2.212	2.604	3.123	2.554	2.513	3.003	2.901	2.834	2.133	2.871	3.060	2.484	2.639	2.646	2.908	2.599	1.778	2.412	2.022	3.128
14	2.441	2.976	3.716	2.883	2.704	3.232	3.472	2.907	2.861	3.165	3.294	2.674	2.815	3.018	3.527	2.673	1.875	2.968	2.165	3.407
15	2.510	2.977	3.583	3.007	2.509	3.291	3.527	2.935	3.340	3.235	3.204	2.987	2.966	3.089	3.442	2.761	2.435	3.037	2.618	3.246
16	2.708	3.094	3.608	3.026	2.907	3.290	3.621	3.025	3.382	3.130	3.198	2.880	2.913	3.100	3.431	2.642	2.385	3.115	2.823	3.163
17	1.833	2.245	2.846	2.149	2.739	2.427	2.798	2.270	2.551	2.315	2.786	2.517	2.457	2.249	2.461	1.846	1.550	3.001	2.387	2.373
18	2.117	2.287	2.876	2.247	2.905	2.496	2.842	2.350	2.839	2.380	2.792	2.658	2.489	2.502	2.539	1.940	1.683	3.328	2.595	2.467
19	2.128	1.953	2.578	2.078	2.665	2.244	2.547	2.152	2.679	2.220	2.685	2.582	2.347	2.195	2.398	1.816	1.996	3.133	2.515	2.197
20	1.357	1.796	2.262	1.729	2.553	1.655	2.219	1.950	2.282	2.003	2.092	2.521	1.914	1.728	2.099	1.397	1.748	2.633	2.320	2.094
21	1.292	1.585	1.719	1.480	2.233	1.588	1.351	1.823	1.823	1.735	1.916	2.508	1.574	1.565	1.265	1.308	1.708	2.174	2.160	1.823
27	0.547	0.186	0.087	1.058	0.793	0.599	0.121	0.120	0.672	0.357	0.915	1.135	1.116	0.435	0.717	-0.012	0.114	1.081	0.357	0.778
28	0.508	0.204	0.114	1.224	0.891	0.480	0.521	0.143	0.672	0.418	0.957	0.984	1.420	0.410	1.082	0.005	0.060	1.167	0.519	0.854
29	1.074	1.149	1.072	1.693	1.447	1.511	1.041	1.188	1.726	1.434	1.557	1.931	1.998	1.463	1.695	0.990	1.038	1.730	1.080	1.438
30	1.350	1.303	1.262	1.303	1.691	1.654	1.180	1.406	1.790	1.592	1.187	1.607	1.616	1.496	1.359	1.158	1.148	1.428	1.357	1.708
31	1.247	1.317	1.296	1.396	1.535	1.771	1.356	1.442	1.778	1.523	1.096	1.684	1.626	1.688	1.395	1.233	1.364	1.434	1.217	1.437
32	2.033	1.300	1.226	1.576	1.052	1.379	1.546	1.596	2.230	1.535	1.653	1.207	1.810	2.299	1.578	1.466	1.961	1.337	1.257	1.385
33	2.369	1.450	1.440	1.659	1.419	1.748	1.870	1.707	2.300	1.649	1.740	1.303	1.882	2.470	1.701	1.636	2.104	1.630	1.257	1.637
34	2.187	1.284	1.305	1.460	1.265	1.547	1.668	1.712	1.789	1.350	1.742	1.063	1.830	2.262	1.920	1.629	1.862	1.220	1.338	1.415
35	2.527	1.589	1.576	1.735	1.569	1.682	1.952	1.926	1.898	1.696	2.024	1.445	2.121	2.431	2.153	1.851	2.291	1.377	1.524	1.703
36	2.056	1.124	0.991	1.313	1.103	1.266	1.452	1.414	1.179	1.241	1.350	1.025	1.628	2.044	1.552	1.406	1.835	0.760	0.897	1.092
37	2.931	1.700	1.656	2.004	1.781	1.740	2.034	1.961	1.755	1.944	2.047	1.720	2.188	2.387	2.074	1.680	2.588	1.317	1.757	1.715
38	3.416	2.150	1.926	2.472	2.227	2.624	2.607	2.817	1.865	2.356	2.502	2.219	2.976	3.129	2.760	2.621	3.011	1.414	2.092	2.079
39	3.648	3.073	2.860	3.330	3.178	3.102	3.167	3.233	2.284	3.199	2.893	3.134	3.427	3.048	3.334	2.920	3.359	2.209	2.970	2.822
45	1.758	1.711	1.545	2.226	1.815	0.147	0.389	1.350	0.090	1.376	0.850	2.099	0.905	0.828	1.368	-0.178	1.907	0.082	0.517	0.803
46	1.586	1.538	1.451	2.003	1.678	0.262	-0.041	1.505	-0.537	1.237	0.178	1.914	1.004	0.946	1.384	0.036	1.716	-0.385	-0.126	0.801
47	1.813	1.641	1.747	1.581	1.994	0.379	0.312	1.742	-0.489	1.367	0.381	2.224	1.457	1.160	1.586	0.318	2.077	-0.027	0.056	1.024
48	0.737	0.706	0.742	0.676	0.946	-0.374	-0.527	0.801	-1.043	0.657	-0.036	1.695	0.642	0.542	0.642	-0.462	1.574	-0.609	-0.726	0.084
53	0.485	1.048	0.863	0.789	0.607	1.222	0.597	0.803	0.412	0.388	2.018	1.806	0.683	1.589	1.220	0.768	1.450	0.322	0.504	1.102
54	1.117	1.857	1.417	1.183	1.275	1.785	1.131	1.470	1.080	1.057	2.506	2.234	1.174	2.023	1.884	1.325	1.898	0.804	1.118	1.686
55	1.790	2.434	2.049	1.948	1.933	2.613	1.851	2.142	1.749	1.770	2.865	2.565	1.822	2.867	2.529	2.075	2.095	1.569	1.827	2.354
56	2.338	2.701	2.302	2.511	2.541	2.994	2.484	2.646	2.289	2.407	3.227	3.010	2.411	3.116	2.801	2.834	2.503	2.072	2.413	3.030
57	1.568	1.872	1.411	1.658	1.612	1.887	1.638	1.766	1.621	1.514	2.444	2.357	1.661	1.796	1.801	2.282	1.897	1.341	1.643	2.262
58	2.278	2.559	2.114	2.419	2.364	2.544	2.305	2.440	2.361	2.212	2.831	2.956	2.388	2.652	2.464	2.681	2.635	2.097	2.187	3.034
59	1.106	1.530	1.057	1.383	1.385	1.410	1.225	1.343	1.369	1.084	1.791	1.852	1.288	1.563	1.196	1.473	1.582	1.020	1.121	1.686
63	-0.096	0.497	0.286	0.641	0.311	-0.191	0.416	0.452	0.676	0.306	0.257	0.365	0.054	0.803	0.279	-0.007	0.976	0.180	-0.262	0.883
64	0.302	0.859	0.582	1.043	0.829	0.288	0.794	1.013	1.127	0.713	0.426	0.563	0.540	1.177	0.628	0.290	1.028	0.390	0.188	0.699
65	-0.251	0.413	-0.102	0.252	0.166	-0.444	0.148	0.264	0.431	0.474	-0.175	-0.027	-0.165	0.688	0.012	-0.145	0.524	-0.148	-0.374	0.240
66	0.341	0.960	0.427	0.717	0.562	0.114	0.681	0.723	0.815	1.034	0.194	0.432	0.321	1.122	0.540	0.351	0.919	0.065	0.157	0.904
67	0.215	0.856	0.348	0.644	0.553	0.087	0.644	0.566	0.629	0.986	0.177	0.311	0.209	0.989	0.412	0.230	0.784	0.149	0.003	0.744
68	0.329	0.948	0.468	0.654	0.653	0.188	0.748	0.684	0.764	1.133	0.148	0.338	0.278	1.026	0.463	0.396	0.912	0.298	0.058	0.843
69	0.733	0.858	0.530	0.623	0.659	0.667	0.654	0.694	0.683	1.099	0.580	0.777	0.641	0.920	0.751	0.808	0.834	0.381	0.527	0.715
70	1.135	1.294	1.015	1.054	1.071	1.105	1.134	1.198	1.026	1.542	1.052	1.157	1.086	1.320	1.093	1.226	1.264	0.778	0.970	1.104
71	-0.296	0.572	-0.185	-0.331	-0.373	-0.268	-0.182	-0.329	-0.520	0.182	-0.329	-0.289	-0.443	0.548	-0.296	-0.154	-0.211	-0.263	-0.468	-0.250
72	-0.607	0.092	-0.585	-0.581	-0.675	-0.487	-0.441	-0.502	-0.880	-0.476	-0.612	-0.570	-0.776	0.061	-0.593	-0.613	-0.751	-0.773	-0.633	-0.773
73	-0.806	-0.203	-0.803	-0.859	-0.953	-0.802	-0.657	-0.758	-1.072	-0.587	-0.895	-0.804	-0.909	-0.108	-0.694	-0.828	-0.858	-0.608	-0.902	-1.026
74	-1.936	-1.212	-1.910	-1.946	-1.955	-1.882	-1.692	-1.889	-1.969	-1.573	-1.909	-1.789	-1.851	-1.034	-1.664	-1.905	-1.872	-1.710	-1.931	-2.030
75	-1.322	-0.538	-1.264	-1.428	-1.234	-1.205	-1.042	-1.273	-1.267	-0.896	-1.302	-1.132	-1.155	-0.344	-1.024	-1.301	-1.191	-1.051	-1.294	-1.288
76	-1.351	-0.600	-1.470	-1.509	-1.461	-1.313	-1.174	-1.419	-1.496	-1.040	-1.494	-1.140	-1.333	-0.472	-1.132	-1.368	-1.310	-1.197	-1.384	-1.313
77	-1.569	-0.773	-2.272	-1.773	-1.692	-1.331	-1.387	-1.590	-1.795	-1.295	-1.764	-1.296	-1.540	-1.363	-1.961	-1.634	-2.132	-1.458	-1.474	-1.569
78	0.109	0.110	-0.591	-0.103	-0.004	0.266	0.266	0.040	-0.383	0.096	-0.223	0.333	0.156	-0.367	-0.313	0.033	-0.525	-0.192	0.218	-0.030
79	0.385	0.334	-0.318	0.171	0.279	0.531	0.725	0.181	-0.012	0.442	0.106	0.660	0.418	-0.171	-0.173	0.177	-0.342	-0.065	0.393	-0.218
80	1.115	0.839	0.527	0.662	1.030	1.311	1.235	1.049	0.482	1.225	1.018	1.661	1.186	0.650	0.701	0.896	0.373	0.368	1.204	0.454
#Reported_Model_Average	0.564	0.644	0.586	0.595	0.621	0.585	0.600	0.629	0.499	0.627	0.632	0.704	0.596	0.729	0.649	0.495	0.559	0.511	0.420	0.644
#Overall_Average_Reported	0.594
