#verify3d
#Residue\Model	1	2	3	4	5	6	7	8	9	10	11	12	13	14	15	16	17	18	19	20
8	0.44	0.44	0.44	0.44	0.25	0.25	0.44	0.25	0.44	0.25	0.25	0.44	0.44	0.25	0.44	0.44	0.44	0.25	0.44	0.44
9	-0.46	-0.46	-0.46	-0.46	-0.46	-0.46	0.16	0.16	-0.46	-0.46	-0.46	0.16	-0.46	-0.46	-0.46	0.16	-0.46	-0.46	-0.46	-0.46
10	0.62	0.62	0.62	0.62	0.62	0.62	0.62	0.62	0.62	0.62	0.62	0.62	0.62	0.62	0.62	0.62	0.62	0.62	0.62	0.62
11	0.29	0.29	0.29	0.29	0.44	0.44	0.44	0.29	0.29	0.44	0.44	0.44	0.29	0.29	0.29	0.29	0.29	0.29	0.29	0.44
12	0.87	0.87	0.87	0.87	0.87	0.87	0.87	0.87	0.87	0.87	0.87	0.87	0.87	0.87	0.87	0.87	0.87	0.87	0.87	0.87
13	-0.22	-0.22	-0.22	-0.22	-0.22	-0.22	-0.22	-0.22	-0.22	-0.22	-0.22	-0.22	-0.22	-0.22	-0.22	-0.22	-0.22	-0.22	-0.22	-0.22
14	-0.13	-0.13	-0.13	-0.13	-0.13	-0.13	-0.13	-0.13	-0.13	-0.13	-0.13	-0.13	-0.13	-0.13	-0.13	-0.13	-0.13	-0.13	-0.13	-0.13
15	-0.38	0.16	-0.38	-0.38	-0.38	-0.38	0.16	0.16	-0.38	0.16	-0.38	-0.38	-0.38	-0.38	-0.38	0.16	-0.38	0.16	-0.38	0.16
16	-0.02	-0.02	-0.02	-0.02	-0.02	-0.02	-0.02	-0.02	-0.02	-0.02	-0.02	-0.02	-0.02	-0.02	-0.02	-0.02	-0.02	-0.02	-0.02	-0.02
17	-0.02	-0.02	-0.02	-0.02	-0.02	-0.02	-0.02	-0.02	-0.02	-0.02	-0.02	-0.02	-0.02	-0.02	-0.02	-0.02	-0.02	-0.02	-0.02	-0.02
18	0.60	0.62	0.60	0.62	0.62	0.60	0.62	0.60	0.62	0.62	0.62	0.60	0.62	0.60	0.60	0.62	0.60	0.60	0.62	0.62
19	-0.02	-0.02	-0.02	-0.02	-0.02	-0.02	-0.02	-0.02	-0.02	-0.02	-0.02	-0.02	-0.02	-0.02	-0.02	-0.02	-0.02	-0.02	-0.02	-0.02
20	-0.62	-0.62	-0.62	-0.62	-0.62	-0.62	-0.62	-0.62	-0.62	-0.62	-0.62	-0.62	-0.62	-0.62	-0.62	-0.62	-0.62	-0.62	-0.62	-0.62
21	-0.25	-0.25	-0.25	-0.25	-0.25	-0.25	-0.25	-0.25	-0.25	-0.25	-0.25	-0.25	0.14	-0.25	-0.25	-0.25	-0.25	-0.25	-0.25	-0.25
27	-0.25	-0.25	-0.25	-0.25	-0.25	-0.25	-0.25	-0.25	-0.25	-0.25	-0.25	-0.25	-0.25	-0.25	-0.25	-0.25	-0.25	-0.25	-0.25	-0.25
28	0.28	0.28	0.28	0.28	0.28	0.28	0.28	0.28	0.28	0.28	0.28	-0.46	0.28	0.28	0.28	0.28	0.28	0.28	0.28	0.28
29	0.16	0.16	0.16	0.16	0.16	0.16	0.16	0.16	0.16	0.16	0.16	0.16	0.16	0.16	0.16	0.16	0.16	0.16	0.16	0.16
30	0.16	0.16	0.16	0.16	0.16	0.16	0.16	0.16	0.16	0.16	0.16	0.16	0.16	0.16	-0.38	0.16	0.16	0.16	0.16	-0.38
31	-0.02	-0.02	-0.02	-0.02	-0.02	-0.02	-0.02	-0.02	-0.02	-0.02	-0.02	-0.02	-0.02	-0.02	0.44	-0.02	-0.02	-0.02	-0.02	0.44
32	-0.29	-0.29	-0.29	-0.29	-0.29	-0.29	-0.29	-0.29	-0.29	-0.29	-0.29	-0.29	-0.29	-0.29	-0.29	-0.29	-0.29	-0.29	-0.29	-0.29
33	0.63	0.63	0.63	0.63	0.63	0.63	0.63	0.63	0.63	0.63	0.63	0.63	0.63	0.63	0.63	0.63	0.63	0.63	0.63	0.63
34	0.16	-0.38	0.16	0.16	0.16	-0.38	0.16	0.16	0.16	0.16	-0.38	0.16	0.16	0.16	0.16	0.16	0.16	-0.38	0.16	0.16
35	0.50	0.50	0.50	0.50	0.50	0.50	0.50	0.50	0.50	0.50	0.50	0.50	0.50	0.50	0.50	0.50	0.50	0.50	0.50	0.50
36	0.16	0.16	0.16	0.16	0.16	0.16	0.16	0.16	0.16	0.16	0.16	0.16	0.16	0.16	0.16	0.16	0.16	0.16	0.16	0.16
37	0.44	0.44	0.44	0.44	0.44	-0.02	-0.02	-0.02	-0.02	0.44	-0.02	0.44	0.44	-0.02	-0.02	-0.02	0.44	-0.02	-0.02	0.44
38	0.07	0.66	0.07	0.07	0.07	0.66	0.66	0.07	0.07	0.66	0.66	0.07	0.07	0.07	0.66	0.66	0.07	0.66	0.07	0.07
39	-0.02	-0.02	-0.02	-0.02	-0.02	-0.02	-0.02	-0.02	-0.02	-0.02	-0.02	-0.02	-0.02	-0.02	-0.02	-0.02	-0.02	-0.02	-0.02	-0.02
45	0.44	0.44	0.44	0.44	0.44	0.44	0.44	0.44	0.44	0.44	-0.11	0.44	0.44	0.44	0.44	0.44	0.44	-0.11	-0.11	0.44
46	-0.41	-0.41	0.24	-0.41	0.24	-0.41	-0.41	0.24	-0.41	0.24	0.24	-0.41	-0.41	-0.41	0.24	0.24	0.24	0.24	0.24	-0.41
47	0.51	0.51	0.41	0.41	0.51	0.41	0.41	0.51	0.41	0.41	0.41	0.51	0.51	0.41	0.51	0.51	0.41	0.51	0.41	0.51
48	-0.42	1.12	1.12	1.12	1.12	1.12	1.12	1.12	1.12	1.12	1.12	1.12	1.12	1.12	1.12	1.12	1.12	1.12	-0.42	1.12
53	0.16	0.16	0.16	0.16	0.16	0.16	0.16	0.16	0.16	0.16	0.16	0.16	0.16	0.16	0.16	0.16	0.16	0.16	0.16	0.16
54	-0.38	-0.38	-0.38	-0.38	-0.38	-0.38	-0.38	-0.38	-0.38	-0.38	-0.38	-0.38	-0.38	-0.38	-0.38	-0.38	-0.38	-0.38	-0.38	-0.38
55	0.62	0.29	0.62	0.29	0.62	0.29	0.62	0.62	0.62	0.62	0.62	0.62	0.62	0.62	0.62	0.62	0.62	0.62	0.62	0.62
56	0.87	0.87	-0.27	0.87	0.87	0.87	0.87	-0.27	-0.27	0.87	-0.27	0.87	-0.27	-0.27	-0.27	0.87	0.87	-0.27	-0.27	0.87
57	-0.29	-0.29	-0.29	-0.29	-0.29	-0.29	-0.29	-0.29	-0.29	-0.29	-0.29	-0.29	-0.29	-0.29	-0.29	-0.29	-0.29	-0.29	-0.29	-0.29
58	0.66	0.66	0.66	0.66	0.66	0.66	0.66	0.66	0.66	0.66	0.66	0.66	0.66	0.66	0.66	0.66	0.66	0.66	0.66	0.66
59	-0.10	-0.10	-0.10	-0.10	0.47	0.47	-0.10	-0.10	-0.10	0.47	-0.10	0.47	0.47	-0.10	-0.10	-0.10	0.47	-0.10	-0.10	-0.10
63	0.14	0.14	0.14	0.14	0.14	0.14	0.14	0.14	0.14	0.14	0.14	0.14	0.14	0.14	0.14	0.14	0.14	0.14	0.14	0.14
64	0.79	0.79	0.79	0.79	0.79	0.79	0.79	0.79	0.79	0.79	0.79	0.79	0.79	0.79	0.79	0.79	0.79	0.79	0.79	0.79
65	0.16	0.16	0.08	0.16	0.16	0.08	0.08	0.16	0.08	0.16	0.08	0.08	0.08	0.16	0.08	0.08	0.16	0.08	0.16	0.08
66	0.10	0.10	0.10	0.10	0.10	0.10	0.10	0.10	0.10	0.10	0.10	0.10	0.10	0.10	0.10	0.10	0.10	0.10	0.10	0.10
67	0.41	0.41	0.41	0.41	0.41	0.41	0.41	0.41	0.41	0.41	0.41	0.41	0.41	-0.42	0.41	0.41	0.41	0.41	0.41	0.41
68	0.49	0.65	0.65	0.49	0.49	0.49	0.49	0.49	0.49	0.65	0.49	0.49	0.49	0.65	0.49	0.49	0.65	0.65	0.49	0.65
69	-1.12	0.19	-1.12	-1.12	-1.12	-1.12	-1.12	-1.12	0.19	-1.12	-1.12	0.19	-1.12	-1.12	-1.12	-1.12	-1.12	0.19	-1.12	-1.12
70	0.00	0.00	0.00	0.00	0.00	0.00	0.00	0.00	0.00	0.00	0.00	0.00	0.00	0.01	0.00	0.00	0.00	0.01	0.00	0.00
71	1.10	1.10	1.10	1.10	1.10	1.10	1.10	1.10	1.10	1.10	1.10	1.10	1.10	1.10	1.10	1.10	1.10	1.10	1.10	1.10
72	0.34	0.34	0.34	0.34	0.34	0.34	0.34	0.34	0.34	0.34	0.34	0.34	0.34	0.34	0.34	0.34	0.34	0.34	0.34	0.34
73	0.55	0.55	0.55	-1.54	0.55	0.55	0.55	0.55	0.55	0.55	0.55	0.55	0.55	0.55	0.55	0.55	-1.54	0.55	-1.54	0.55
74	-1.33	-1.33	-1.33	-1.33	-1.33	-1.33	-1.33	-1.33	-1.33	-1.33	-1.60	-1.33	-1.33	-1.33	-1.33	-1.33	-1.33	-1.33	-1.33	-1.33
75	0.80	-0.49	0.80	0.80	0.80	-0.49	0.80	0.80	0.80	0.80	-0.49	0.80	0.80	0.80	0.80	-0.49	0.80	0.80	0.80	0.80
76	0.49	0.49	0.49	0.49	0.49	0.49	0.49	0.49	0.49	0.49	0.49	0.49	0.49	0.49	0.49	0.49	0.49	0.49	0.49	0.49
77	-0.42	-0.42	-0.42	-0.42	-0.42	-0.42	-0.42	-0.42	-0.42	-0.42	-0.42	-0.42	-0.42	-0.42	-0.42	-0.42	-0.42	-0.42	-0.42	0.41
78	0.26	0.26	0.26	0.26	0.26	0.26	0.26	0.26	0.26	0.26	0.26	0.26	0.26	0.26	0.26	0.26	0.26	0.26	0.26	0.26
79	0.84	0.84	0.84	0.84	0.84	0.84	0.84	0.19	0.19	0.84	0.19	0.84	0.84	0.84	0.19	0.19	0.19	0.84	0.19	0.19
80	0.14	0.14	-1.33	0.14	0.14	0.14	0.14	0.14	0.14	0.14	0.14	0.14	0.14	0.14	0.14	0.14	-1.33	0.14	0.14	0.14
#Reported_Model_Average	0.144	0.180	0.136	0.127	0.193	0.142	0.195	0.161	0.152	0.214	0.103	0.204	0.168	0.126	0.151	0.171	0.119	0.177	0.067	0.188
#Overall_Average_Reported	0.156
