#mage_clash
#Residue\Model	1	2	3	4	5	6	7	8	9	10	11	12	13	14	15	16	17	18	19	20
11.000	0	0	0	0	0	0	0	0	0	0	1	0	0	0	0	0	0	0	0	1
12.000	0	1	0	1	0	1	0	1	1	1	1	1	0	1	1	3	1	0	0	1
13.000	0	0	0	0	0	0	0	0	0	0	0	0	0	0	0	0	0	0	0	0
14.000	0	0	0	1	0	0	0	0	0	0	0	0	0	0	0	0	0	0	1	1
15.000	0	1	0	0	0	0	0	0	0	0	0	0	0	0	0	0	0	0	0	0
16.000	1	1	1	0	1	1	1	0	0	0	2	1	1	1	1	1	0	1	1	0
17.000	0	0	0	0	0	0	0	0	0	0	0	1	0	0	0	0	0	0	0	0
18.000	1	1	1	1	1	1	1	1	1	1	1	1	1	3	1	1	1	2	3	1
19.000	1	0	1	0	1	0	0	0	1	2	0	0	0	0	1	1	0	1	0	1
20.000	0	4	2	0	0	0	1	0	1	1	1	1	0	2	2	1	1	0	0	1
33.000	0	0	0	2	0	0	0	0	0	0	0	0	0	0	0	0	1	2	0	0
34.000	0	0	0	0	0	0	0	0	0	1	0	0	0	0	0	0	0	0	1	0
35.000	1	0	0	0	0	1	0	0	0	0	1	1	0	0	0	0	0	0	0	1
36.000	0	0	0	0	0	0	1	0	0	1	0	0	0	0	0	0	0	0	0	0
37.000	0	0	0	0	0	0	0	0	0	1	0	0	0	0	1	0	0	0	0	0
38.000	1	0	0	0	0	0	1	0	1	0	1	0	0	0	1	0	0	1	0	0
39.000	0	1	1	0	0	0	0	0	0	0	0	1	0	0	1	0	0	0	0	1
40.000	0	1	0	0	0	1	0	1	1	0	0	1	1	1	0	0	0	0	0	1
41.000	0	0	0	0	0	0	1	0	0	0	0	0	1	0	0	1	0	1	0	0
42.000	0	0	0	0	1	2	0	0	0	0	1	0	0	1	0	0	0	0	0	0
45.000	0	0	0	0	0	0	0	0	0	0	0	0	0	0	0	0	0	0	0	0
46.000	0	0	0	0	0	0	0	0	0	1	0	0	0	0	0	0	0	0	0	0
47.000	1	1	0	0	0	0	0	0	0	1	2	0	0	1	1	1	1	0	0	1
48.000	2	0	1	0	0	0	0	0	0	1	0	0	0	0	0	0	2	0	2	0
49.000	3	0	1	0	1	1	2	2	2	4	3	1	0	2	2	0	2	1	0	0
50.000	1	0	0	1	1	0	1	0	0	1	0	0	1	0	1	0	0	1	1	0
51.000	2	2	1	0	1	1	0	1	0	1	1	0	1	0	0	0	0	1	1	0
52.000	0	0	1	1	2	0	0	0	0	0	0	1	0	0	0	1	0	0	1	1
53.000	0	0	1	0	0	0	1	0	0	1	0	0	0	0	0	0	0	0	0	0
54.000	0	0	0	1	0	0	0	0	1	0	0	0	1	0	1	0	0	1	0	0
55.000	0	0	0	0	0	0	0	0	0	0	0	0	0	0	0	0	1	0	0	0
56.000	0	0	0	0	0	0	0	0	0	0	0	0	0	0	0	0	0	0	0	0
57.000	0	0	0	0	1	0	0	0	1	0	0	1	0	0	0	0	0	0	0	0
58.000	0	0	0	0	0	0	0	0	0	1	0	0	0	0	0	0	0	0	0	0
59.000	1	1	0	0	0	0	1	1	0	0	1	0	1	1	0	0	1	1	0	1
60.000	0	0	2	0	0	0	1	0	0	1	0	0	0	1	1	1	0	0	0	0
61.000	0	1	0	0	0	0	0	1	1	0	4	0	3	1	0	0	1	1	1	1
62.000	1	1	1	1	1	0	0	1	1	0	1	0	1	3	1	1	0	1	0	2
63.000	0	2	1	1	2	1	1	1	2	2	2	1	0	0	1	1	1	1	1	0
64.000	0	0	0	0	0	0	0	0	1	0	0	0	0	0	0	1	0	0	0	0
65.000	0	0	0	1	0	0	0	1	3	0	0	1	0	1	2	0	0	0	0	1
66.000	2	0	0	0	0	0	1	0	0	0	0	0	1	0	0	0	0	0	0	0
67.000	0	0	0	0	0	0	0	0	0	0	0	0	1	0	0	1	0	0	0	0
68.000	0	0	0	0	1	0	0	0	1	0	2	0	0	1	2	0	0	0	0	1
#Reported_Model_Average	0.409	0.409	0.341	0.250	0.318	0.227	0.318	0.250	0.432	0.500	0.568	0.295	0.318	0.455	0.477	0.341	0.295	0.364	0.295	0.386
#Overall_Average_Reported	0.362
