#prosaII
#Residue\Model	1	2	3	4	5	6	7	8	9	10	11	12	13	14	15	16	17	18	19	20
11	-0.193	0.252	0.469	1.218	0.061	0.293	0.170	0.037	-0.586	-0.003	-0.790	-0.081	0.407	0.000	0.329	-0.461	0.556	-0.313	-0.256	-0.563
12	-0.325	-0.160	0.740	0.912	0.092	-0.095	-0.018	-0.358	-1.128	0.019	-0.908	-0.141	-0.158	-0.464	0.232	-0.431	0.625	-0.381	-0.233	-0.370
13	0.201	0.429	0.718	0.761	0.808	1.008	1.165	0.234	0.269	0.497	-0.388	0.412	0.444	0.731	0.886	0.091	1.034	1.211	0.908	1.183
14	0.087	0.486	0.830	0.438	0.917	1.048	1.252	0.317	0.495	0.615	-0.294	0.606	0.559	0.739	1.128	0.162	1.111	1.391	1.087	1.308
15	0.593	0.794	1.328	0.949	1.167	1.426	1.413	0.565	0.836	0.892	0.032	0.668	0.746	0.895	1.278	0.619	1.434	1.762	1.344	1.437
16	0.212	0.493	0.476	0.064	0.546	0.560	1.098	0.173	1.069	0.217	-0.412	-0.112	0.452	0.558	0.887	0.477	0.603	1.449	1.065	0.697
17	0.052	0.526	0.609	-0.133	0.061	0.399	1.235	-0.258	0.255	-0.118	-0.062	-0.466	0.045	0.394	0.445	0.073	0.483	1.517	0.768	1.003
18	1.060	1.009	0.985	0.517	0.625	0.958	1.669	0.156	0.960	0.880	0.870	0.647	0.452	1.338	0.661	1.159	1.103	2.033	1.788	1.636
19	1.000	1.035	0.932	0.904	0.599	1.312	1.892	0.210	1.113	0.898	1.329	0.684	0.687	1.437	0.201	1.150	0.786	1.572	1.881	1.447
20	1.662	1.314	1.290	1.657	0.993	1.200	1.647	0.425	0.864	1.624	1.800	1.263	1.349	1.245	0.409	1.707	1.242	1.249	1.775	1.199
33	-0.203	-0.616	0.073	-0.501	-0.340	-0.070	-0.185	-0.599	-0.414	0.115	-0.199	-0.065	0.315	-0.673	-0.545	-0.154	-0.497	-1.050	-0.104	0.144
34	-0.489	-0.635	-0.261	-0.176	-0.387	-0.325	-0.444	-0.698	-0.538	-0.036	0.080	-0.274	0.305	-0.717	-0.704	-0.401	-0.565	-0.689	-0.312	-0.134
35	0.299	0.309	0.475	0.752	0.330	0.491	0.054	0.306	0.283	0.541	0.684	0.432	0.930	0.183	0.301	0.291	0.386	0.264	0.356	0.456
36	0.458	0.515	0.454	0.899	0.452	0.665	0.298	0.420	0.403	0.556	0.739	0.572	1.055	0.451	0.486	0.290	0.660	0.374	0.354	0.487
37	0.826	0.888	0.952	0.761	0.839	1.015	0.631	0.593	0.722	0.963	1.136	0.762	0.896	0.819	0.734	0.569	1.096	0.693	0.565	0.765
38	0.732	0.712	0.692	0.648	0.713	0.819	0.557	0.673	0.557	0.715	0.892	0.574	0.747	0.783	0.654	0.443	0.802	0.661	0.392	0.619
39	-0.207	-0.219	-0.230	-0.290	-0.040	-0.194	-0.285	-0.460	-0.408	-0.233	0.052	-0.491	-0.291	-0.283	-0.299	-0.619	-0.113	0.064	-0.556	-0.398
40	-0.131	-0.139	-0.120	-0.181	0.071	-0.149	-0.242	-0.320	-0.279	-0.174	0.143	-0.367	-0.216	-0.227	-0.267	-0.428	-0.007	0.182	-0.405	-0.296
41	0.577	0.512	0.623	0.418	0.661	0.577	0.537	0.320	0.411	0.485	0.308	0.200	0.555	0.332	0.335	0.219	0.654	0.499	0.231	0.295
42	-0.219	-0.411	-0.119	-0.474	-0.137	-0.360	-0.030	-0.548	-0.099	-0.312	-0.192	-0.620	-0.308	-0.507	-0.493	-0.244	-0.303	-0.394	-0.494	-0.245
45	-0.654	-0.349	-0.786	-1.051	-0.524	-0.570	-0.525	-0.316	0.078	-0.725	-0.368	-0.890	-0.692	-0.516	-0.896	0.217	-0.280	-0.800	-0.426	-0.223
46	0.477	0.801	0.363	0.085	0.472	0.647	0.642	1.014	1.265	0.417	0.852	0.360	0.449	0.797	0.411	1.473	0.698	0.364	0.838	0.979
47	0.633	0.921	0.491	0.121	0.408	0.829	0.772	1.069	1.379	0.550	0.898	0.378	0.603	0.948	0.571	1.508	0.835	0.484	0.896	1.130
48	1.438	1.823	1.233	1.025	1.132	1.596	1.622	1.933	2.153	1.304	1.259	1.240	1.266	1.860	1.392	2.275	1.758	1.258	1.501	1.965
49	1.861	2.255	1.505	1.550	1.566	2.049	1.836	2.302	2.309	1.611	1.387	1.703	1.803	2.268	1.741	2.375	2.140	1.633	1.838	2.135
50	1.726	2.536	1.866	1.866	1.848	2.435	1.761	2.568	2.546	1.881	1.645	2.022	2.282	2.635	2.128	2.783	2.586	1.942	2.187	2.523
51	2.402	3.049	2.631	2.599	2.447	3.082	2.444	3.084	3.204	2.389	2.291	2.773	2.907	3.336	2.780	2.986	3.092	2.714	2.929	3.184
52	3.020	3.376	3.390	3.324	3.109	3.450	3.120	3.307	3.341	3.052	2.617	3.364	3.515	3.463	3.577	3.372	3.484	3.583	3.080	3.428
53	2.767	3.118	3.183	3.115	2.868	3.234	2.856	3.057	3.088	2.843	2.336	3.143	3.322	3.213	3.194	3.172	3.339	3.426	2.802	3.261
54	3.372	3.755	3.689	3.985	3.582	4.004	3.347	3.712	3.779	3.395	2.858	4.002	4.118	3.947	3.777	3.864	3.938	4.199	3.364	3.881
55	1.993	2.366	2.361	2.573	2.335	2.635	1.873	2.346	1.799	2.029	1.919	1.993	2.817	2.463	1.909	2.065	2.488	2.761	2.119	2.467
56	2.120	2.369	2.613	2.862	2.534	2.735	1.875	2.374	1.790	2.183	1.335	2.098	2.951	2.541	1.889	2.211	2.709	2.927	2.375	2.619
57	2.437	1.719	2.519	2.205	1.954	2.625	2.146	1.694	1.229	2.112	0.789	1.467	2.641	1.863	1.171	2.063	2.500	2.249	2.249	2.515
58	2.594	1.816	2.614	2.150	2.106	2.730	2.115	1.716	1.221	2.265	0.922	1.510	2.864	1.841	1.031	2.158	2.622	2.040	2.368	2.641
59	2.199	1.233	2.254	1.733	1.837	2.317	1.640	1.764	1.282	1.957	0.494	1.164	2.417	1.476	0.602	1.743	2.514	1.946	2.033	2.218
60	1.505	1.021	1.571	0.969	1.827	1.756	0.904	0.973	0.962	1.229	0.531	0.617	1.817	0.985	-0.106	0.966	2.487	1.346	1.855	2.188
61	0.855	0.341	1.058	0.185	1.319	0.947	0.248	0.339	0.053	0.670	0.111	-0.148	0.992	0.309	-0.646	0.201	1.835	0.517	1.301	1.493
62	1.292	0.330	1.362	0.311	1.700	1.413	0.470	0.255	1.140	0.998	0.380	0.972	1.296	0.398	0.089	1.212	2.350	0.506	1.753	1.985
63	1.480	0.453	1.321	0.246	1.759	1.614	0.568	0.494	1.174	1.124	1.471	1.302	1.457	0.520	0.558	1.383	2.674	0.593	1.667	1.859
64	1.470	1.058	1.343	0.653	2.051	1.387	0.489	0.875	1.618	1.130	1.760	1.807	1.503	1.047	0.896	1.204	2.473	1.087	1.718	1.659
65	1.097	0.774	0.924	0.179	1.819	1.067	0.326	0.732	1.421	0.876	1.463	1.620	1.119	0.969	0.847	0.782	2.294	1.062	1.399	1.277
66	0.476	0.473	0.312	-0.304	1.183	0.556	-0.284	-0.175	0.406	0.201	1.126	0.945	0.407	0.335	0.282	0.263	1.200	0.002	0.832	0.590
67	1.126	0.601	0.931	0.310	1.144	1.046	0.414	0.567	0.748	0.838	1.064	1.449	0.908	0.847	1.018	0.952	1.170	0.550	0.969	0.666
68	1.493	0.995	1.253	0.634	1.446	0.959	0.959	0.905	1.278	1.208	1.378	1.766	1.261	1.135	1.336	1.352	1.534	0.923	1.306	1.042
#Reported_Model_Average	0.513	0.499	0.579	0.460	0.568	0.626	0.500	0.429	0.501	0.496	0.402	0.464	0.602	0.519	0.411	0.535	0.722	0.561	0.603	0.661
#Overall_Average_Reported	0.533
