#verify3d
#Residue\Model	1	2	3	4	5	6	7	8	9	10	11	12	13	14	15	16	17	18	19	20
11	0.17	0.17	0.34	0.17	0.34	0.17	0.34	0.34	0.34	0.34	0.34	0.34	0.34	0.34	0.34	0.34	0.34	0.34	0.34	0.34
12	1.25	1.25	1.25	1.25	1.25	1.25	1.25	1.25	1.25	1.25	1.25	1.25	1.25	1.25	1.25	1.25	1.25	1.25	1.25	1.25
13	0.44	0.44	0.44	0.44	0.44	0.44	0.44	0.44	0.44	0.44	0.44	0.44	0.44	0.44	0.44	0.44	0.25	0.44	0.44	0.44
14	-0.74	-0.74	-0.74	-0.74	-0.74	-0.74	-0.74	-0.74	-0.74	-0.74	-0.74	-0.74	-0.74	-0.74	-0.74	-0.74	-0.74	-0.74	-0.74	-0.74
15	1.10	1.10	1.10	1.10	1.10	1.10	1.10	1.10	1.10	1.10	1.10	1.10	1.10	1.10	1.10	1.10	1.10	1.10	1.10	1.10
16	-0.68	-0.68	-0.68	0.29	-0.68	0.29	-0.68	-0.68	0.29	-0.68	0.29	-0.68	0.29	-0.68	-0.68	0.29	-0.68	-0.68	-0.68	-0.68
17	0.14	0.14	0.14	-0.52	0.14	0.14	0.14	-0.52	-0.52	-0.52	-0.52	0.14	0.14	0.14	0.14	-0.52	0.14	0.14	0.14	0.14
18	0.16	0.16	0.16	0.16	0.16	0.16	0.16	0.16	0.16	0.16	0.16	0.16	0.16	0.16	0.16	0.16	0.16	0.16	0.16	0.16
19	0.41	0.41	0.41	0.41	0.41	0.41	0.41	0.41	-0.42	-0.42	0.41	-0.42	0.41	0.41	0.41	0.41	0.41	0.41	0.41	-0.42
20	0.26	0.26	0.26	0.26	0.26	0.26	0.26	0.26	0.26	0.26	0.26	0.26	0.26	0.26	0.26	0.26	0.26	0.26	0.26	0.26
33	1.10	1.10	1.10	1.10	1.10	1.10	1.10	1.10	1.10	1.10	1.10	1.10	1.10	1.10	1.10	1.10	1.10	1.10	1.10	1.10
34	0.71	0.71	0.71	0.71	0.71	0.71	0.71	0.24	0.24	0.71	0.71	0.71	0.71	0.24	0.71	0.71	0.71	0.71	0.71	0.71
35	0.55	0.55	0.55	0.55	0.55	0.55	0.55	0.55	0.55	0.55	0.55	0.55	0.55	0.55	0.55	0.55	0.55	0.55	0.55	0.35
36	1.75	1.75	1.75	1.75	1.75	1.75	1.75	1.75	1.75	1.75	1.75	1.75	1.75	1.75	1.75	1.75	1.75	1.75	1.75	1.75
37	0.55	0.55	0.55	0.55	0.55	0.55	0.55	0.55	0.55	0.55	0.55	0.55	0.55	0.55	0.55	0.55	0.55	0.55	0.55	0.55
38	0.26	0.26	0.26	0.26	0.26	0.26	0.26	0.26	0.26	0.26	0.26	0.26	0.26	0.26	0.26	0.26	0.26	0.26	0.26	0.26
39	-0.35	-0.35	-0.35	-0.35	-0.35	0.26	-0.35	-0.35	-0.35	-0.35	-0.35	-0.35	0.26	-0.35	-0.35	-0.35	-0.35	-0.35	-0.35	-0.35
40	-0.37	0.41	0.41	0.41	0.41	0.41	0.41	0.41	0.41	0.41	0.41	0.41	0.41	0.41	0.41	0.41	0.41	0.41	0.41	0.41
41	0.80	0.80	0.80	0.80	0.80	0.80	0.80	0.80	0.80	0.80	0.80	0.80	0.80	0.80	0.80	0.80	0.80	0.80	0.80	0.80
42	-0.68	-0.68	0.29	-0.68	-0.68	-0.68	-0.68	0.29	-0.68	-0.68	-0.68	-0.68	0.29	0.29	-0.68	-0.68	-0.68	-0.68	-0.68	0.29
45	0.14	0.14	-0.25	0.14	0.14	0.14	0.14	0.14	0.14	0.14	0.14	0.14	0.14	0.14	0.14	0.14	0.14	0.14	0.14	0.14
46	0.08	0.08	0.08	0.08	0.08	0.08	0.08	0.08	0.08	0.08	0.08	0.08	0.08	0.08	0.08	0.08	0.08	0.08	0.08	0.08
47	1.25	-0.43	-0.43	-0.43	-0.43	1.25	1.25	-0.43	-0.43	-0.43	-0.43	-0.43	1.25	-0.43	-0.43	1.25	-0.43	-0.43	-0.43	1.25
48	0.51	0.51	0.51	-0.83	0.51	0.51	0.51	0.51	0.51	0.51	0.51	0.51	0.51	-0.83	0.51	0.51	0.51	-0.83	0.51	0.51
49	1.09	1.09	1.09	1.09	1.09	1.09	1.09	1.09	1.09	1.09	1.09	1.09	1.09	1.09	1.09	1.09	1.09	1.09	1.09	1.09
50	-0.52	-0.52	-0.52	-0.52	-0.52	-0.52	-0.52	-0.52	-0.52	-0.52	-0.52	-0.52	-0.52	-0.52	-0.52	-0.52	-0.52	-0.52	-0.52	-0.52
51	0.16	0.16	0.16	0.16	0.16	0.16	0.16	0.16	0.16	0.16	0.16	0.16	0.16	0.16	0.16	0.16	0.16	0.16	0.16	0.16
52	0.49	0.49	0.49	0.49	0.49	0.49	0.49	0.49	0.49	0.49	0.49	0.49	0.49	0.49	0.49	0.49	0.49	0.49	0.49	0.49
53	-0.76	-0.76	-0.76	-0.76	-0.76	-0.76	-0.76	-0.03	-0.03	-0.76	-0.76	-0.76	-0.03	-0.76	-0.03	-0.76	-0.03	-0.76	-0.76	-0.76
54	0.28	0.28	0.28	0.28	0.28	0.28	0.28	0.28	0.28	0.28	0.28	0.28	0.28	0.28	0.28	0.28	0.28	0.28	0.28	0.28
55	0.08	0.08	0.08	0.08	0.08	0.08	0.08	0.08	0.08	0.08	0.08	0.08	0.08	0.08	0.08	0.08	0.08	0.08	0.08	0.08
56	1.10	1.10	1.10	1.10	1.10	1.10	1.10	1.10	1.10	1.10	1.10	1.10	1.10	1.10	1.10	1.10	1.10	1.10	1.10	1.10
57	0.51	0.23	0.51	0.51	0.51	0.51	0.51	0.23	0.51	0.51	0.51	0.51	0.51	0.51	0.23	0.23	0.51	0.51	0.51	0.51
58	-0.35	-0.35	-0.35	-0.35	-0.35	-0.35	-0.35	-0.35	-0.35	-0.35	-0.35	-0.35	-0.35	-0.35	-0.35	-0.35	-0.35	-0.35	-0.35	-0.35
59	0.79	0.79	0.79	0.79	0.79	0.79	0.79	0.79	0.79	0.79	0.79	0.79	0.79	0.79	0.79	0.79	0.79	0.79	0.79	0.79
60	-0.30	-0.30	-0.30	-0.30	-0.30	-0.30	-0.30	-0.30	-0.30	-0.30	-0.30	-0.30	-0.30	-0.30	-0.30	-0.30	-0.30	-0.30	-0.30	-0.30
61	0.37	0.37	0.37	0.37	0.37	0.37	0.37	0.37	0.37	0.37	0.37	0.37	0.37	0.37	0.37	0.37	0.37	0.37	0.37	0.37
62	0.08	0.08	0.08	0.08	0.08	0.47	0.08	0.08	0.08	0.08	0.08	0.08	0.08	0.08	0.08	0.08	0.47	0.08	0.08	0.47
63	0.28	-0.46	0.28	-0.46	0.28	0.28	0.28	-0.46	0.28	0.28	0.28	-0.46	-0.46	0.28	0.28	0.28	0.28	0.28	0.28	0.28
64	0.20	0.20	0.20	0.20	0.20	0.20	0.20	0.20	0.20	-0.41	-0.41	0.20	0.20	0.20	0.20	-0.41	0.20	0.20	0.20	-0.41
65	-0.46	-0.46	-0.46	-0.46	0.28	-0.46	-0.46	0.28	0.28	0.28	-0.46	-0.46	-0.46	-0.46	-0.46	-0.46	-0.46	-0.46	0.28	-0.46
66	0.14	0.14	0.14	0.14	0.14	0.14	0.14	0.14	0.14	0.14	0.14	0.14	0.14	0.14	0.14	0.14	0.14	0.14	0.14	0.14
67	0.79	0.79	0.79	0.79	0.79	0.79	0.79	0.79	0.79	0.79	0.79	0.79	0.79	0.79	0.79	0.79	0.79	0.79	0.79	0.79
68	-1.01	-1.01	-1.01	-1.01	-1.01	-1.01	-1.01	-1.01	-1.01	-1.01	-1.01	-1.01	-1.01	-1.01	-1.01	-1.01	-1.01	-1.01	-1.01	-1.01
#Reported_Model_Average	0.268	0.224	0.264	0.207	0.268	0.330	0.289	0.258	0.262	0.220	0.244	0.215	0.347	0.232	0.261	0.276	0.272	0.220	0.268	0.283
#Overall_Average_Reported	0.260
