#mage_clash
#Residue\Model	1	2	3	4	5	6	7	8	9	10	11	12	13	14	15	16	17	18	19	20
31.000	0	0	2	0	0	0	0	0	1	1	0	0	0	1	0	0	0	0	0	0
32.000	0	1	0	1	0	0	0	0	0	0	4	0	1	0	0	0	0	2	0	0
33.000	0	0	0	0	0	0	0	1	0	0	0	0	0	1	0	0	0	0	0	0
34.000	0	0	0	0	0	1	0	0	0	0	0	0	0	0	0	1	0	0	0	0
35.000	0	0	0	0	0	0	0	0	0	0	0	0	0	0	0	0	0	0	0	0
36.000	0	0	0	0	0	0	0	2	0	3	0	0	0	0	2	2	1	0	3	1
37.000	1	0	0	0	0	0	0	0	0	0	0	0	0	0	0	0	0	0	1	0
38.000	0	0	1	0	0	1	0	1	0	1	0	0	0	0	0	1	0	0	0	1
40.000	0	1	0	1	0	0	0	0	0	0	1	0	0	0	1	1	0	1	0	0
41.000	0	0	0	0	0	0	1	1	0	0	0	0	0	1	0	2	0	0	0	0
42.000	0	0	0	0	0	0	0	0	0	0	0	0	0	0	0	0	0	0	0	0
43.000	1	0	0	0	0	1	0	1	0	0	0	0	0	0	0	0	0	0	0	1
44.000	0	0	0	0	0	0	0	0	0	0	0	0	1	0	0	1	0	0	0	0
45.000	1	0	0	0	0	0	1	1	0	0	0	0	0	0	0	1	0	0	0	0
46.000	0	0	0	0	0	0	0	0	0	0	0	0	0	0	0	0	0	0	0	0
47.000	0	0	0	1	0	1	0	0	0	0	0	0	2	0	0	0	0	0	0	1
48.000	0	1	0	0	0	0	3	0	3	0	0	0	0	0	0	0	0	0	0	0
49.000	0	0	0	0	0	0	0	0	0	0	0	0	0	0	0	0	0	0	0	0
50.000	0	0	0	0	1	0	0	1	0	0	0	0	0	1	0	0	0	0	2	0
51.000	1	1	0	0	0	0	0	1	0	0	0	0	0	2	0	0	1	0	0	0
52.000	1	0	0	1	0	0	1	0	1	0	0	0	0	1	0	0	0	0	0	0
53.000	0	0	0	0	0	0	0	0	0	0	0	0	0	0	0	0	0	0	0	0
54.000	1	2	0	2	0	0	0	2	0	0	0	1	0	2	2	2	0	0	2	0
55.000	0	0	2	0	2	0	0	1	1	0	0	0	0	0	0	0	0	0	0	0
56.000	1	0	0	0	0	0	0	0	0	0	0	0	0	0	0	0	0	0	0	0
57.000	0	0	0	2	0	0	0	0	0	0	0	0	0	0	0	0	0	0	0	0
58.000	0	0	1	0	0	0	0	0	0	0	0	0	0	1	0	1	0	0	0	0
59.000	0	0	0	0	1	0	0	0	0	1	0	0	0	1	0	0	1	0	1	1
62.000	0	0	0	0	0	0	0	0	0	0	0	0	0	0	0	0	0	0	0	0
63.000	0	0	0	0	0	0	1	1	0	0	0	0	1	0	0	0	0	0	0	0
64.000	0	0	0	0	0	0	1	0	0	0	0	0	0	0	0	0	0	1	0	0
65.000	0	0	3	0	0	0	1	0	0	0	0	0	0	0	0	0	0	0	0	0
66.000	0	0	0	0	0	0	0	0	0	0	0	0	0	0	1	0	0	0	1	0
67.000	2	2	1	2	2	0	1	1	1	2	1	0	0	0	0	1	2	2	2	2
68.000	0	0	0	0	1	0	0	0	0	1	2	0	0	0	0	0	0	0	1	0
69.000	0	0	0	0	1	0	0	0	0	0	0	0	1	0	1	0	1	0	1	1
75.000	3	1	0	0	1	1	1	1	0	0	0	0	0	0	1	0	0	0	0	0
76.000	0	0	0	0	0	0	0	0	0	1	0	1	0	2	0	0	1	2	0	0
77.000	0	1	0	0	0	0	1	0	0	0	0	0	0	0	0	0	0	0	0	0
78.000	0	0	0	0	0	0	0	0	0	0	0	0	0	0	0	0	0	0	0	0
79.000	0	0	1	0	2	0	0	0	0	0	0	0	0	0	0	0	0	0	0	0
80.000	0	0	0	0	0	0	0	0	0	1	0	0	0	0	0	0	0	0	0	0
81.000	0	0	0	0	0	0	0	0	0	0	0	0	0	0	1	0	0	0	0	0
84.000	0	0	0	0	0	2	0	0	1	0	0	0	1	0	1	0	1	0	1	0
85.000	0	0	1	0	0	2	2	0	0	2	0	0	0	1	0	0	0	0	0	2
86.000	0	0	1	0	0	0	0	0	0	0	0	0	0	1	0	0	0	0	0	0
87.000	2	0	0	0	0	1	0	4	1	0	0	0	0	0	0	0	0	2	0	0
88.000	0	0	0	0	0	0	0	5	0	0	0	1	0	0	0	0	1	2	0	0
89.000	2	2	0	0	0	0	2	0	0	2	0	0	0	2	0	0	0	0	0	2
90.000	0	1	2	3	0	0	0	0	0	2	2	0	0	0	2	0	0	0	1	2
91.000	0	2	0	1	0	0	0	2	0	0	1	1	0	0	0	0	1	0	0	1
92.000	0	1	0	0	0	0	2	2	0	0	0	0	0	0	0	0	0	0	0	1
93.000	0	3	0	2	0	3	0	0	2	0	0	4	0	0	0	1	0	0	0	0
94.000	0	0	0	0	2	0	0	1	0	0	0	0	0	2	0	0	0	0	1	0
95.000	1	1	0	1	0	0	1	1	0	0	0	0	0	0	0	1	0	2	0	0
96.000	0	0	1	0	0	0	0	0	0	0	0	0	0	0	0	0	0	1	0	1
97.000	0	0	0	0	0	0	0	0	0	0	1	0	0	0	0	0	0	0	0	0
98.000	3	2	0	0	2	0	0	3	3	0	2	0	0	0	0	0	3	0	0	0
99.000	0	0	1	0	0	1	0	0	0	0	0	0	0	0	0	0	0	0	0	0
100.000	1	0	0	0	0	0	0	0	0	0	0	1	0	0	1	1	0	1	0	0
#Reported_Model_Average	0.350	0.367	0.283	0.283	0.250	0.233	0.317	0.550	0.233	0.283	0.233	0.150	0.117	0.317	0.217	0.267	0.217	0.267	0.283	0.283
#Overall_Average_Reported	0.275
