#alldih_gfactor
#Residue\Model	average
31	0.07
32	-0.91
33	-0.04
34	0.45
35	-0.08
36	-0.21
37	0.31
38	-0.32
40	-0.30
41	0.87
42	0.65
43	0.83
44	0.90
45	0.85
46	0.95
47	0.85
48	0.47
49	0.49
50	0.81
51	-0.29
52	0.87
53	0.54
54	0.54
55	0.88
56	1.09
57	0.87
58	0.83
59	-0.18
62	-0.74
63	0.19
64	-0.25
65	-0.26
66	0.26
67	-0.94
68	-0.29
69	0.39
75	-0.41
76	-0.85
77	0.09
78	-0.50
79	0.37
80	0.04
81	0.09
84	-0.21
85	0.50
86	0.31
87	0.59
88	0.69
89	0.55
90	0.41
91	0.90
92	0.38
93	0.06
94	1.08
95	0.32
96	0.51
97	0.82
98	0.08
99	0.62
100	0.17
#Reported_Model_Average	0.279
#Overall_Average_Reported	0.279
