#phipsi_gfactor
#Residue\Model	average
31	0.16
32	-0.91
33	-0.52
34	0.36
35	-0.46
36	-0.34
37	0.06
38	-0.32
40	-0.92
41	1.17
42	0.65
43	1.38
44	1.13
45	1.01
46	0.95
47	0.78
48	0.87
49	0.49
50	0.93
51	1.16
52	1.01
53	0.82
54	1.13
55	0.88
56	1.19
57	1.09
58	0.97
59	-0.45
62	-0.48
63	-0.45
64	0.05
65	-0.57
66	0.51
67	-0.94
68	-0.29
69	0.21
75	-0.90
76	-0.37
77	-0.60
78	-0.50
79	-0.14
80	0.15
81	-0.37
84	-0.06
85	0.82
86	0.31
87	0.79
88	1.10
89	1.01
90	0.80
91	1.22
92	0.87
93	1.04
94	1.10
95	1.10
96	1.03
97	0.82
98	1.01
99	0.62
100	-0.01
#Reported_Model_Average	0.386
#Overall_Average_Reported	0.386
