#prosaII
#Residue\Model	1	2	3	4	5	6	7	8	9	10	11	12	13	14	15	16	17	18	19	20
31	1.077	0.878	0.635	0.822	0.965	0.358	0.861	0.983	1.165	1.003	1.042	0.768	0.710	0.618	0.179	0.742	1.020	1.103	0.051	0.840
32	0.989	0.799	0.571	0.690	0.911	0.307	0.782	0.913	1.078	0.865	0.970	0.739	0.618	0.881	0.074	0.706	0.951	0.960	0.032	1.132
33	0.719	0.333	0.577	0.243	0.657	-0.086	0.331	0.466	0.671	0.341	0.887	0.396	0.253	0.415	-0.302	0.276	0.625	0.628	-0.448	0.867
34	0.164	-0.329	0.693	-0.549	0.027	-0.711	-0.261	-0.014	0.105	-0.226	0.199	-0.288	-0.862	-0.342	-0.958	-0.255	0.055	-0.483	-1.035	0.145
35	0.466	-0.023	0.704	-0.232	0.306	-0.153	0.113	0.578	0.297	-0.051	0.485	0.142	-0.655	-0.172	-0.662	0.032	0.291	-0.232	-0.427	0.006
36	0.991	0.311	0.983	0.393	0.616	0.220	0.558	0.869	0.375	0.442	0.744	0.741	-0.013	0.409	-0.079	0.562	0.813	0.325	0.161	0.580
37	1.006	0.472	1.608	0.697	0.639	1.068	0.801	0.929	0.584	0.752	0.854	1.041	0.289	0.606	0.657	0.943	1.027	0.580	0.890	0.925
38	0.789	0.490	1.527	0.678	0.649	0.914	0.746	0.923	0.540	0.760	0.749	0.958	0.292	0.673	0.783	0.939	0.893	0.424	0.863	0.956
40	0.523	0.328	0.859	0.569	0.022	0.767	0.505	0.831	0.230	0.661	0.060	0.708	0.145	0.452	0.677	0.831	0.591	0.201	0.681	0.759
41	1.483	1.272	1.039	1.637	0.907	1.753	1.438	0.928	1.135	1.596	0.909	1.624	1.606	1.416	1.614	1.144	1.600	1.743	1.679	1.619
42	2.209	2.097	1.772	2.434	1.565	2.501	2.122	1.293	2.047	2.356	1.648	2.392	2.287	2.173	2.472	1.967	2.402	2.571	2.420	2.325
43	2.237	1.863	2.098	2.514	1.405	2.142	2.239	1.618	2.389	2.450	1.554	1.996	2.373	2.266	2.587	1.556	2.068	2.643	2.420	2.426
44	1.921	1.432	1.789	1.956	1.579	1.430	1.797	1.669	1.853	2.393	1.229	1.416	2.385	1.682	1.992	0.915	1.359	2.076	2.387	2.345
45	2.444	1.840	2.259	2.514	1.907	1.863	2.289	2.223	2.455	2.844	1.691	1.814	2.860	2.183	2.444	1.469	1.836	2.561	2.854	2.707
46	2.589	2.050	2.367	2.713	2.199	2.000	2.353	2.240	2.741	2.845	1.932	1.803	2.958	2.445	2.576	1.658	1.969	2.697	2.976	2.806
47	3.181	2.096	3.026	3.299	2.974	2.612	3.081	2.786	3.548	3.507	2.658	1.684	3.587	2.916	3.221	2.228	2.540	3.313	3.649	3.437
48	3.210	2.138	3.133	3.296	3.112	2.646	3.172	3.585	3.628	3.564	2.803	1.716	3.582	3.036	3.355	2.941	2.540	3.204	3.707	3.574
49	2.528	1.864	2.989	2.518	2.982	1.934	2.427	2.808	2.721	2.812	2.701	0.933	2.863	2.337	3.073	2.751	2.312	2.247	3.619	3.424
50	2.537	2.210	2.828	2.397	3.294	2.232	2.272	2.864	2.553	2.673	2.997	1.427	2.765	2.365	2.946	3.059	2.532	2.262	3.465	3.288
51	3.021	2.202	3.241	2.848	3.254	2.207	2.730	2.900	2.455	2.633	3.407	1.992	2.736	2.884	2.850	2.903	2.646	2.666	2.751	3.370
52	2.879	2.110	3.136	2.610	3.231	2.039	2.624	2.600	2.206	2.436	3.268	1.927	2.629	2.615	2.595	2.637	2.398	2.627	2.601	3.329
53	3.211	2.332	3.557	2.926	3.491	2.201	2.970	3.044	2.237	2.816	3.612	2.436	2.995	2.826	2.922	2.757	2.685	2.960	2.836	3.721
54	2.940	2.703	3.144	2.649	3.168	1.857	2.591	2.769	1.778	2.454	3.260	2.816	2.703	2.669	2.567	2.430	2.432	2.635	2.487	3.320
55	2.173	1.883	2.338	2.429	2.955	0.893	2.365	1.934	0.939	1.648	2.551	2.528	2.486	1.732	1.696	1.541	1.568	1.858	1.679	2.584
56	1.850	1.098	1.405	2.108	2.147	0.530	2.110	1.583	0.584	1.322	1.610	2.297	2.180	1.425	0.832	0.607	0.685	1.641	0.736	1.732
57	1.258	0.651	0.966	1.698	1.574	0.046	1.647	0.930	0.060	0.790	1.223	1.693	1.748	0.767	0.455	0.012	0.404	1.023	0.225	1.317
58	1.091	1.102	0.841	1.670	1.411	0.522	1.496	0.857	0.462	0.679	1.067	1.507	1.560	0.678	1.000	0.591	0.744	0.943	0.771	1.084
59	0.315	0.321	0.461	1.394	1.054	0.214	1.125	0.235	-0.219	-0.026	0.377	0.733	1.204	0.628	0.333	-0.148	0.013	0.593	0.131	0.276
62	0.945	1.120	1.212	1.603	1.306	1.086	0.741	0.799	0.730	0.721	1.011	0.958	1.251	1.372	1.113	0.899	0.641	1.361	0.967	0.825
63	1.420	1.439	1.668	2.094	1.612	1.590	1.509	1.153	1.258	1.202	1.379	1.318	1.759	1.495	1.511	1.308	1.056	1.812	1.297	1.128
64	1.531	1.365	1.735	2.109	1.860	1.599	1.484	1.191	1.433	1.381	1.439	1.392	1.727	1.407	1.469	1.535	1.028	1.882	1.427	1.108
65	1.894	1.683	2.049	2.366	2.246	1.887	1.757	1.477	1.780	1.652	1.678	1.744	2.025	1.315	1.780	1.803	1.316	2.239	1.781	1.504
66	1.817	1.573	1.516	1.828	1.746	1.438	1.176	1.313	1.692	1.603	1.515	1.718	1.573	0.549	1.671	1.755	1.427	1.788	1.645	1.445
67	1.490	1.193	1.251	1.441	1.385	1.077	0.673	1.033	1.315	1.258	1.121	1.449	1.324	0.155	1.303	1.469	1.077	1.402	1.357	1.092
68	1.279	0.982	0.995	1.274	1.283	1.061	0.487	0.982	1.193	1.193	1.011	1.290	1.179	0.037	1.189	1.258	1.067	1.229	1.179	0.994
69	1.177	0.837	0.859	1.026	1.150	0.918	0.950	0.817	1.022	1.036	0.803	1.180	0.967	0.140	1.081	1.051	0.946	0.929	0.985	0.919
75	-0.183	-0.094	-0.612	-0.263	-0.066	-0.171	-0.273	-0.387	-0.090	-0.110	0.173	-0.149	-0.071	-0.152	-0.067	-0.220	-0.257	-0.182	-0.276	-0.099
76	-0.560	-0.493	-1.412	-0.608	-0.524	-0.578	-0.718	-0.777	-0.390	-0.451	-0.134	-0.473	-0.337	-0.519	-0.526	-0.562	-0.550	-0.427	-0.580	-0.502
77	0.321	0.286	-0.620	0.085	0.201	0.199	0.117	0.034	0.428	0.226	0.492	0.460	0.365	0.294	0.129	0.350	0.300	0.362	0.137	0.259
78	0.167	0.160	-0.941	-0.057	0.084	-0.060	-0.017	-0.090	0.208	0.053	0.134	0.380	0.185	0.044	0.015	0.252	0.156	0.279	0.047	0.070
79	0.685	0.714	-0.003	0.478	0.607	0.248	0.452	0.189	0.567	0.530	0.525	0.764	0.703	0.607	0.540	0.713	0.696	0.785	0.558	0.548
80	0.954	0.873	0.340	0.685	0.847	0.274	0.747	0.354	0.857	0.776	0.770	1.050	0.782	0.847	0.786	0.851	0.936	0.942	0.792	0.751
81	-0.343	-0.239	-0.947	-0.447	-0.405	-0.381	-0.336	-0.820	-0.327	-0.422	-0.463	-0.223	-0.473	-0.154	-0.346	-0.433	-0.354	-0.329	-0.409	-0.366
84	-0.014	0.216	0.083	0.186	0.170	-0.759	0.361	-0.570	0.065	0.157	0.030	0.215	0.077	0.235	0.141	-0.084	-0.018	0.044	0.278	0.247
85	0.331	0.858	0.288	0.869	0.773	-0.471	1.026	0.115	0.789	0.938	0.768	0.355	0.830	0.440	0.758	0.495	0.603	0.663	0.927	0.895
86	-1.061	-0.558	-0.200	-0.562	-0.476	-1.612	-0.206	-1.108	-0.526	-0.355	-0.534	-0.869	-0.592	-0.863	-0.478	-0.796	-0.744	-0.620	-0.374	-0.445
87	-1.418	-0.996	-0.659	-0.786	-0.922	-1.770	-0.600	-1.343	-0.886	-0.784	-0.949	-1.372	-0.865	-1.364	-0.892	-1.111	-1.172	-0.971	-0.814	-0.772
88	0.248	0.579	0.796	0.758	0.580	-0.756	0.897	0.173	0.704	0.750	0.588	0.214	0.742	0.315	0.625	0.576	0.458	0.528	0.734	0.641
89	0.443	0.687	0.928	0.859	0.251	-0.416	1.116	0.513	0.997	1.008	0.804	0.456	0.274	0.658	0.829	0.991	0.915	0.721	1.077	0.648
90	-0.189	0.834	1.081	0.255	0.255	-1.007	0.334	0.601	0.381	0.363	0.185	-0.250	-0.334	-0.101	0.202	0.420	0.268	0.033	0.474	0.013
91	-0.082	0.949	1.284	0.415	0.357	-0.108	0.402	1.008	0.575	0.573	0.377	-0.082	-0.208	0.038	0.471	0.581	0.490	0.276	0.540	0.218
92	-0.217	0.433	1.344	-0.086	-0.229	-0.143	-0.152	0.493	0.052	-0.071	-0.119	-0.175	-0.746	-0.182	-0.094	0.101	-0.012	-0.271	0.040	-0.199
93	1.304	2.042	2.146	1.582	1.238	1.273	1.358	2.141	1.662	1.430	1.405	1.325	0.854	1.414	1.365	1.644	1.561	1.205	1.501	1.245
94	1.718	2.621	2.722	2.014	1.655	1.853	1.791	2.713	2.128	2.074	1.976	1.849	1.436	1.988	1.953	2.146	2.046	1.743	1.925	1.648
95	0.816	1.764	2.212	1.058	0.858	0.997	0.833	1.884	1.300	1.249	1.301	0.803	0.453	0.987	1.101	1.359	1.101	0.858	1.121	0.876
96	0.291	1.086	1.866	0.520	1.092	0.538	0.331	1.469	0.693	0.659	0.882	0.103	0.622	0.201	0.578	0.650	0.313	0.478	0.541	0.629
97	1.269	1.251	2.012	1.324	1.322	1.401	1.312	1.713	1.575	1.517	1.943	1.030	1.435	1.201	1.475	1.605	1.328	1.375	1.333	1.512
98	-0.356	-0.331	0.370	-0.482	-0.614	-0.219	-0.464	0.178	-0.026	-0.083	0.261	-0.910	-0.342	-0.679	-0.473	-0.057	-0.538	-0.430	-0.304	-0.383
99	0.048	0.012	0.579	-0.059	-0.207	0.225	-0.120	0.608	0.339	0.243	0.601	-0.550	-0.146	-0.171	0.108	0.207	-0.271	-0.137	0.088	-0.232
100	-0.774	-0.716	-0.631	-0.981	-1.434	-0.898	-0.850	-0.671	-1.062	-0.282	-0.186	-1.752	-1.349	-1.415	-0.588	-1.004	-1.520	-1.408	-1.020	-1.006
#Reported_Model_Average	0.540	0.489	0.615	0.578	0.558	0.355	0.528	0.521	0.509	0.553	0.561	0.443	0.528	0.439	0.505	0.480	0.461	0.533	0.526	0.584
#Overall_Average_Reported	0.515
