#verify3d
#Residue\Model	1	2	3	4	5	6	7	8	9	10	11	12	13	14	15	16	17	18	19	20
31	0.16	0.16	0.16	0.08	0.16	0.16	0.16	0.16	0.16	0.16	0.16	0.16	0.16	0.08	0.16	0.16	0.16	0.16	0.16	0.16
32	-0.52	-0.52	-0.52	-0.52	-0.52	-0.52	-0.52	-0.52	-0.52	-0.52	-0.52	-0.52	-0.52	-0.52	-0.52	-0.52	-0.52	-0.52	-0.52	-0.52
33	0.41	0.41	0.41	0.41	0.41	0.41	0.41	0.41	0.41	0.41	-0.37	-0.37	0.41	0.41	0.41	-0.37	-0.37	0.41	-0.37	0.41
34	0.16	0.16	0.16	0.16	0.16	0.16	0.16	0.16	0.16	0.16	0.16	0.16	0.16	0.16	0.16	0.16	0.16	0.16	0.16	0.16
35	0.65	0.65	0.49	0.49	0.49	0.49	0.49	0.49	0.49	0.49	0.49	0.49	0.49	0.49	0.49	0.49	0.49	0.49	0.49	0.49
36	0.14	0.14	0.14	0.14	0.14	0.14	0.14	0.14	0.14	0.14	0.14	0.14	0.14	0.14	0.14	0.14	0.14	0.14	0.14	0.14
37	-0.56	-0.83	0.37	-0.56	-0.83	-0.56	-0.56	-0.56	-0.56	-0.83	-0.56	-0.56	-0.56	-0.56	-0.56	-0.56	-0.56	-0.56	0.37	-0.83
38	1.10	1.10	1.10	1.10	1.10	1.10	1.10	1.10	1.10	1.10	1.10	1.10	1.10	1.10	1.10	1.10	1.10	1.10	1.10	1.10
40	0.51	0.51	0.51	0.51	0.51	0.51	0.51	0.51	0.51	0.51	0.51	0.51	0.51	0.51	0.51	0.51	0.51	0.51	0.51	0.51
41	0.56	0.56	0.56	0.56	0.56	0.66	0.66	0.56	0.56	0.56	0.56	0.56	0.56	0.56	0.56	0.56	0.56	0.56	0.66	0.66
42	0.44	0.44	0.44	0.44	0.44	0.44	0.44	0.44	0.44	0.44	0.44	0.44	0.44	0.44	0.44	0.44	0.44	0.44	0.44	0.44
43	0.17	0.17	0.17	0.17	0.17	0.17	0.17	0.17	0.17	0.17	0.61	0.17	0.17	0.17	0.17	0.17	0.17	0.17	0.17	0.17
44	0.16	0.16	0.16	0.16	0.16	0.16	0.16	0.16	0.16	0.16	0.16	0.16	0.16	0.16	0.16	0.16	0.16	0.16	0.16	0.16
45	0.62	0.62	0.62	0.62	0.62	0.62	0.62	0.62	0.62	0.62	0.62	0.62	0.62	0.62	0.62	0.62	0.62	0.62	0.62	0.62
46	0.63	0.63	0.63	0.63	0.63	0.63	0.63	0.63	0.63	0.63	0.63	0.63	0.63	0.63	0.63	0.63	0.63	0.63	0.63	0.63
47	0.66	0.66	0.56	0.56	0.66	0.56	0.66	0.56	0.56	0.56	0.56	0.56	0.66	0.56	0.56	0.56	0.56	0.66	0.66	0.66
48	0.16	0.16	0.16	0.16	0.16	0.16	0.16	0.16	0.16	0.16	0.16	0.16	0.16	0.16	0.16	0.16	0.16	0.16	0.16	0.16
49	0.44	0.44	0.44	0.44	0.44	0.44	0.44	0.44	0.44	0.44	0.44	0.44	0.44	0.44	0.44	0.44	0.44	0.44	0.44	0.44
50	0.62	0.62	0.62	0.62	0.62	0.62	0.62	0.09	0.62	0.62	0.62	0.62	0.62	0.62	0.62	0.62	0.62	0.62	0.62	0.62
51	0.50	0.50	0.50	0.50	0.50	0.50	0.50	0.50	0.50	0.50	0.50	0.50	0.50	0.50	0.50	0.50	0.50	0.50	0.50	0.50
52	-0.02	-0.59	-0.02	-0.02	-0.02	-0.59	-0.02	-0.59	-0.02	-0.02	-0.02	-0.59	-0.02	-0.02	-0.02	-0.02	-0.02	-0.02	-0.02	-0.02
53	0.16	0.16	0.16	0.16	0.16	0.16	0.16	-0.38	-0.38	0.16	-0.38	0.16	0.16	0.16	0.16	0.16	0.16	0.16	0.16	0.16
54	0.16	0.16	-0.46	0.16	0.16	-0.46	0.16	-0.46	-0.46	-0.46	-0.46	0.16	-0.46	-0.46	-0.46	-0.46	0.16	0.16	-0.46	-0.46
55	-0.02	-0.02	-0.02	-0.02	-0.02	-0.02	-0.02	-0.02	-0.02	-0.02	-0.02	-0.02	-0.02	-0.02	-0.02	-0.02	-0.02	-0.02	-0.02	-0.02
56	0.66	0.66	0.66	0.66	0.66	0.66	0.66	0.66	0.66	0.66	0.66	0.66	0.66	0.66	0.66	0.66	0.66	0.66	0.66	0.66
57	0.29	0.29	0.29	0.62	0.29	0.29	0.62	0.62	0.62	0.29	0.62	0.62	0.29	0.29	0.29	0.29	0.29	0.29	0.29	0.29
58	-0.62	-0.62	-0.62	-0.62	-0.62	-0.62	-0.29	-0.62	-0.62	-0.62	-0.62	-0.62	-0.62	-0.62	-0.62	-0.62	-0.62	-0.62	-0.62	-0.62
59	1.25	1.25	1.25	1.25	1.25	1.25	1.25	1.25	1.25	1.25	1.25	1.25	1.25	1.25	1.25	1.25	1.25	1.25	1.25	1.25
62	-0.40	-0.40	-0.40	-0.40	-0.40	-0.40	-0.40	-0.40	-0.40	-0.40	-0.40	-0.40	-0.40	-0.40	-0.40	-0.40	-0.40	-0.40	-0.40	-0.40
63	-0.37	0.41	0.41	0.41	0.41	0.41	0.41	0.41	-0.37	0.41	0.41	0.41	0.41	0.41	0.41	0.41	-0.37	-0.37	0.41	-0.37
64	1.09	1.09	-0.30	1.09	1.09	1.09	1.09	1.09	1.09	1.09	1.09	1.09	1.09	1.09	1.09	1.09	1.09	1.09	1.09	1.09
65	-0.42	0.41	-0.42	0.41	0.41	0.41	0.41	0.41	0.41	-0.42	0.41	0.41	0.41	0.41	0.41	0.41	0.41	0.41	0.41	0.41
66	0.08	0.08	0.08	0.08	0.08	0.08	0.08	0.08	0.08	0.08	0.08	0.08	0.08	0.08	0.08	0.08	0.08	0.08	0.08	0.08
67	-0.25	-0.25	-0.25	-0.25	-0.25	-0.25	0.14	0.14	0.14	0.14	0.14	-0.25	-0.25	0.14	0.14	-0.25	0.14	-0.25	-0.25	-0.25
68	0.25	0.25	0.25	0.25	0.25	0.25	0.25	0.25	0.25	0.25	0.25	0.25	0.25	0.25	0.25	0.25	0.25	0.25	0.25	0.25
69	-0.40	-0.40	-0.40	-0.40	-0.40	-0.40	-0.40	-0.40	-0.40	-0.40	-0.40	-0.40	-0.40	-0.74	-0.40	-0.40	-0.40	-0.40	-0.40	-0.40
75	0.41	0.41	0.41	0.41	0.41	0.41	0.41	-0.42	0.41	0.41	0.41	0.41	-0.42	0.41	0.41	0.41	0.41	0.41	0.41	0.41
76	0.14	0.14	0.14	0.14	0.14	0.14	0.14	0.14	0.14	0.14	0.14	0.14	0.14	0.14	0.14	0.14	0.14	0.14	0.14	0.14
77	-0.49	0.80	-0.49	-0.49	-0.49	0.80	-0.49	-0.49	-0.49	-0.49	-0.49	-0.49	-0.49	-0.49	-0.49	-0.49	-0.49	-0.49	-0.49	-0.49
78	-0.52	-0.52	-0.52	-0.52	-0.52	-0.52	-0.52	-0.52	-0.52	-0.52	-0.52	-0.52	-0.52	-0.52	-0.52	-0.52	-0.52	-0.52	-0.52	-0.52
79	0.84	0.84	0.84	0.84	0.84	0.84	0.84	0.84	0.84	0.84	0.84	0.84	0.84	0.84	0.84	0.84	0.19	0.84	0.84	0.84
80	0.37	0.37	0.37	0.37	0.37	0.37	0.37	0.37	0.37	0.37	0.37	0.37	0.37	0.37	0.37	0.37	0.37	0.37	0.37	0.37
81	0.55	0.35	0.35	0.35	0.55	0.35	0.35	0.55	0.35	0.35	0.35	0.55	0.55	0.35	0.55	0.35	0.55	0.35	0.35	0.35
84	-0.74	-0.74	-0.74	-0.74	-0.74	-0.74	-0.74	-0.74	-0.74	-0.74	-0.74	-0.74	-0.74	-0.74	-0.74	-0.80	-0.74	-0.74	-0.74	-0.74
85	0.16	0.16	0.16	0.16	0.16	-0.38	0.16	0.16	-0.38	0.16	0.16	0.16	0.16	0.16	0.16	0.16	0.16	0.16	0.16	0.16
86	0.44	0.44	0.44	0.44	0.44	0.44	0.44	0.44	0.44	0.44	0.44	0.44	0.44	0.44	0.44	0.44	0.44	0.44	0.44	0.44
87	0.62	0.62	0.62	0.09	0.09	0.09	0.09	0.09	0.09	0.62	0.09	0.62	0.62	0.62	0.09	0.09	0.62	0.09	0.09	0.09
88	0.66	0.56	0.66	0.56	0.66	0.56	0.66	0.56	0.56	0.56	0.56	0.56	0.56	0.56	0.56	0.66	0.56	0.56	0.66	0.56
89	-1.37	-1.37	-0.46	-0.46	-1.37	-0.46	-0.46	-1.37	-1.37	-0.46	-1.37	-1.37	-0.46	-0.46	-1.37	-1.37	-1.37	-1.37	-1.37	-0.46
90	-0.59	-0.59	-0.59	-0.59	-0.59	-0.59	-0.59	-0.59	-0.59	-0.59	-0.59	-0.59	-0.59	-0.59	-0.59	-0.59	-0.59	-0.59	-0.59	-0.59
91	-0.22	-0.22	-0.22	-0.22	-0.22	-0.22	-0.22	-0.22	-0.22	-0.22	-0.22	-0.22	-0.22	-0.22	-0.22	-0.22	-0.22	-0.22	-0.22	-0.22
92	0.62	0.62	0.62	0.09	0.09	0.62	0.09	0.62	0.62	0.62	0.62	0.62	0.09	0.62	0.62	0.62	0.62	0.62	0.62	0.09
93	-0.46	-0.46	-0.46	-0.46	-1.37	-1.37	-1.37	-1.37	-0.46	-1.37	-1.37	-0.46	-1.37	-1.37	-1.37	-0.46	-1.37	-0.46	-1.37	-0.46
94	0.66	0.66	0.66	0.66	0.66	0.66	0.66	0.66	0.66	0.66	0.66	0.66	0.66	0.66	0.66	0.66	0.66	0.66	0.66	0.66
95	-0.13	-0.13	-0.13	-0.13	-0.13	-0.13	-0.13	-0.13	-0.13	-0.13	-0.13	-0.13	-0.13	-0.13	-0.13	-0.13	-0.13	-0.13	-0.13	-0.13
96	0.56	0.56	0.56	0.56	-0.20	0.56	0.56	0.56	0.56	1.10	0.56	0.56	0.56	0.56	0.56	0.56	1.10	0.56	0.56	1.10
97	-0.02	-0.02	0.44	0.44	0.44	0.44	0.44	0.44	0.44	0.44	0.44	0.44	0.44	-0.02	0.44	0.44	0.44	0.44	-0.02	-0.02
98	-0.46	-0.46	-0.46	-0.46	-0.46	-0.46	-0.46	-0.46	-0.46	-0.46	0.16	-0.46	-0.46	-0.46	-0.46	-0.46	-0.46	-0.46	-0.46	-0.46
99	-0.02	-0.02	-0.02	-0.02	0.44	-0.02	-0.02	0.44	-0.02	-0.02	-0.02	-0.02	-0.02	-0.02	0.44	-0.02	-0.02	-0.02	-0.02	-0.02
100	1.10	0.56	0.56	-0.20	-0.20	0.56	0.56	-0.20	0.56	0.56	0.56	0.56	0.56	-0.20	0.56	0.56	0.56	0.56	1.10	0.56
#Reported_Model_Average	0.176	0.196	0.177	0.181	0.144	0.178	0.197	0.127	0.154	0.179	0.166	0.178	0.164	0.161	0.175	0.161	0.159	0.172	0.167	0.167
#Overall_Average_Reported	0.169
