#mage_clash
#Residue\Model	1	2	3	4	5	6	7	8	9	10	11	12	13	14	15	16	17	18	19	20
63.000	0	0	0	0	0	0	0	0	1	0	0	1	0	0	0	0	0	0	0	0
64.000	0	0	1	1	0	1	1	1	0	0	0	1	0	1	0	0	1	0	2	0
65.000	0	0	0	0	0	0	0	0	0	0	0	0	0	0	0	0	0	0	0	0
66.000	0	0	0	0	0	0	0	0	0	0	0	2	0	0	0	0	0	0	0	0
67.000	0	1	0	0	0	1	2	0	1	0	0	0	0	0	0	0	1	0	0	0
68.000	0	0	1	0	2	1	1	1	0	1	1	1	1	1	1	0	0	1	1	3
69.000	0	0	0	0	0	0	0	0	0	0	0	0	0	0	0	0	0	0	0	0
70.000	0	1	1	0	0	0	0	1	0	1	1	0	1	0	0	1	0	0	0	0
71.000	0	0	0	0	1	0	0	0	0	0	0	0	0	0	0	0	0	0	0	0
72.000	4	2	0	0	0	0	0	1	1	0	0	1	2	0	1	1	0	0	0	0
73.000	0	0	0	0	1	0	1	0	1	0	1	0	0	0	0	0	0	1	0	2
74.000	0	1	0	1	0	0	0	0	0	0	0	0	0	0	0	0	0	0	1	0
75.000	2	0	2	1	0	1	0	1	2	0	2	2	2	0	1	1	1	0	0	1
76.000	0	0	0	0	3	0	0	0	0	1	0	0	0	0	0	0	0	0	1	0
77.000	0	0	0	0	0	0	0	0	0	0	0	0	0	0	0	0	0	0	0	0
78.000	0	0	0	0	0	0	0	0	1	0	0	0	0	0	0	1	0	0	0	0
79.000	0	0	0	0	0	0	0	0	0	0	0	0	0	0	0	0	0	0	0	0
80.000	0	0	0	0	1	0	0	0	0	2	0	0	0	0	0	0	0	0	0	0
81.000	0	0	0	0	0	0	0	0	0	0	0	0	0	0	0	0	0	0	0	0
82.000	0	0	0	0	0	0	0	0	0	0	0	0	0	0	0	0	0	0	0	0
83.000	0	0	0	0	0	0	0	0	0	0	0	0	0	0	0	0	0	0	0	0
84.000	0	0	0	0	0	0	0	0	0	1	0	2	0	1	0	0	0	0	0	1
85.000	1	1	1	0	1	0	0	0	0	1	1	1	1	0	0	4	1	0	0	0
86.000	0	0	0	0	0	0	0	0	0	0	0	0	0	0	0	0	0	0	1	0
87.000	0	0	1	0	0	0	0	0	0	0	0	0	0	0	0	0	0	0	0	0
88.000	1	2	0	0	0	0	1	1	0	0	0	1	0	1	0	1	1	0	1	1
89.000	2	1	0	0	0	0	1	1	1	1	0	0	1	0	0	1	0	0	1	1
90.000	0	1	0	0	0	0	0	0	0	0	0	0	0	0	0	1	1	0	0	0
91.000	0	0	1	0	0	0	0	0	0	1	0	1	1	1	0	0	0	0	0	1
92.000	1	3	1	2	1	1	2	1	1	1	1	2	1	1	1	1	1	2	1	0
93.000	0	1	0	0	0	0	0	0	0	0	0	0	0	0	0	0	0	0	1	0
94.000	0	0	1	0	0	0	0	0	0	0	1	0	0	0	0	0	0	1	0	1
95.000	0	0	0	0	0	0	0	0	0	0	0	0	0	0	0	0	0	0	0	1
96.000	0	0	0	2	0	1	0	1	0	1	1	2	1	1	1	1	0	0	1	1
97.000	1	1	2	1	1	1	1	1	1	1	1	2	2	2	2	1	2	1	1	1
98.000	0	1	1	0	0	0	0	0	0	0	0	1	0	0	0	0	1	0	0	0
99.000	1	0	0	0	1	0	1	0	1	0	0	0	1	0	0	0	0	1	1	0
100.000	0	0	0	0	0	0	0	0	0	2	0	0	0	0	0	0	0	0	0	0
101.000	0	0	0	0	0	0	0	0	0	0	0	0	0	0	0	0	0	0	0	0
102.000	1	0	0	1	1	0	1	1	1	1	1	0	0	0	1	0	1	1	2	0
103.000	3	1	3	0	1	2	2	2	1	1	2	4	2	2	1	1	2	2	2	2
104.000	0	0	0	2	1	3	2	1	0	1	0	0	1	0	2	0	0	0	0	0
105.000	0	0	0	0	0	0	0	0	0	0	0	0	0	0	0	0	0	0	0	0
106.000	0	1	0	0	0	0	1	0	0	0	0	0	0	0	3	0	0	0	1	0
107.000	1	1	1	0	1	2	1	2	2	1	1	1	1	1	1	0	0	1	0	2
108.000	1	3	0	2	0	0	0	0	0	1	0	0	0	0	0	0	3	0	0	0
109.000	1	0	0	0	0	0	0	1	0	0	0	0	0	0	0	0	1	0	0	0
110.000	0	0	0	0	0	0	0	0	0	0	0	0	0	0	0	1	0	0	1	0
111.000	1	0	2	0	0	0	1	0	0	0	0	0	1	0	0	0	0	0	0	0
112.000	0	1	1	1	0	1	1	1	0	2	2	0	0	1	1	0	0	0	0	1
113.000	0	0	0	0	0	0	0	0	0	0	1	1	0	0	0	1	0	2	0	0
114.000	0	0	0	0	0	0	0	0	1	0	1	1	0	0	0	0	1	0	0	0
115.000	1	0	1	0	2	1	2	0	1	1	1	1	0	0	1	1	0	0	0	1
116.000	0	0	0	2	0	0	0	0	1	0	0	0	1	0	1	0	1	0	0	1
117.000	0	0	0	0	0	0	0	0	0	0	0	0	0	0	0	0	0	1	0	0
118.000	0	0	0	0	0	0	2	0	0	0	0	0	0	0	0	0	0	0	0	0
119.000	0	1	0	0	1	0	0	0	0	0	0	0	0	0	0	0	0	0	0	0
120.000	0	0	0	0	0	1	0	0	0	1	0	0	1	1	0	0	0	0	0	0
121.000	0	0	0	0	1	0	1	1	1	0	0	0	1	1	0	0	0	0	0	0
122.000	0	0	0	0	0	0	0	0	0	0	0	0	0	0	0	0	0	0	0	0
123.000	0	0	0	0	0	0	0	1	3	0	0	0	0	1	0	0	0	0	0	0
124.000	0	0	0	0	1	0	0	0	0	0	1	0	1	0	0	0	0	0	0	0
125.000	0	0	0	0	0	0	1	0	0	0	0	0	0	0	0	1	1	0	1	0
126.000	0	1	0	0	2	0	1	0	3	0	1	0	0	0	1	1	0	0	0	1
127.000	0	1	0	0	1	0	1	0	1	1	1	0	0	0	0	1	3	1	0	0
128.000	0	0	0	0	0	0	0	0	0	0	0	0	0	0	0	0	0	0	0	0
129.000	1	1	1	1	1	1	0	1	1	1	1	1	0	1	0	1	1	0	2	1
130.000	0	0	3	4	0	1	0	0	0	3	0	0	1	0	2	0	0	0	2	0
131.000	0	0	0	1	0	0	0	0	0	0	1	0	0	0	1	0	1	0	0	0
132.000	0	0	0	0	0	0	0	0	0	0	0	0	0	0	0	0	1	0	0	0
133.000	0	0	0	0	0	0	0	0	0	0	0	0	0	0	0	0	0	0	0	0
134.000	0	1	0	0	0	0	0	0	0	0	1	1	1	0	0	1	0	0	0	0
135.000	0	0	2	0	1	0	0	0	0	0	0	0	0	0	0	0	0	0	0	0
136.000	1	2	1	0	1	0	0	1	0	1	1	1	1	1	1	1	1	1	0	1
137.000	1	1	1	1	1	1	1	1	2	1	1	1	1	2	1	1	1	1	1	1
138.000	1	2	1	0	0	1	1	1	0	1	1	0	1	1	0	2	0	1	0	1
139.000	0	0	0	0	0	0	0	0	0	0	0	0	0	0	0	0	0	0	0	0
140.000	0	0	0	0	0	0	0	0	0	0	0	0	0	0	0	0	0	0	0	0
141.000	0	0	1	0	0	0	0	0	0	0	0	1	0	0	0	0	0	0	0	0
142.000	1	0	1	1	1	1	0	0	1	1	1	0	1	1	1	0	0	1	1	1
143.000	1	0	0	0	1	0	1	1	0	1	0	0	0	1	0	0	0	1	0	0
144.000	0	0	0	0	0	0	0	0	0	0	0	0	0	0	0	0	0	0	0	0
145.000	0	1	0	0	0	0	0	0	0	0	0	1	0	0	0	0	0	1	1	0
146.000	0	1	2	1	2	1	2	2	2	1	1	2	2	2	2	1	2	0	2	2
147.000	0	0	0	0	0	0	0	0	0	0	0	0	0	0	0	0	0	0	0	0
148.000	0	0	0	0	0	0	0	0	0	0	0	0	0	0	0	0	0	0	0	0
149.000	0	0	0	0	0	0	0	1	0	0	0	0	0	0	0	0	0	0	0	0
150.000	0	1	0	1	0	0	1	0	0	0	1	0	0	0	0	0	1	1	0	0
151.000	0	1	0	0	0	1	0	0	0	0	0	0	0	0	0	0	1	0	0	0
152.000	1	0	0	0	0	0	0	0	0	0	0	0	0	0	0	0	1	0	0	1
153.000	0	0	0	0	0	0	0	0	1	0	0	0	2	0	0	0	0	0	1	1
154.000	0	0	0	0	2	1	0	0	1	0	0	1	2	0	0	1	0	0	2	0
155.000	0	0	0	0	0	0	0	0	0	0	0	0	0	0	0	0	0	0	0	0
156.000	1	1	0	2	1	2	0	0	0	0	2	1	0	0	0	0	0	0	0	0
157.000	0	0	0	0	0	0	0	0	0	0	0	0	0	0	0	0	0	0	1	0
#Reported_Model_Average	0.316	0.400	0.358	0.295	0.368	0.284	0.358	0.295	0.358	0.358	0.347	0.400	0.368	0.263	0.284	0.305	0.347	0.232	0.347	0.326
#Overall_Average_Reported	0.330
