#phipsi_gfactor
#Residue\Model	average
63	-0.36
64	0.85
65	1.02
66	0.70
67	0.63
68	0.80
69	0.85
70	0.91
71	1.06
72	0.98
73	0.71
74	0.88
75	0.49
76	0.75
77	-0.04
78	0.63
79	-2.61
80	-0.91
81	-0.01
82	0.65
83	0.99
84	0.70
85	0.97
86	1.03
87	0.96
88	1.08
89	1.10
90	1.07
91	0.67
92	0.87
93	-0.06
94	-1.83
95	-0.40
96	-1.97
97	0.70
98	0.42
99	-0.09
100	0.63
101	-0.72
102	-0.63
103	-0.04
104	0.47
105	0.19
106	-0.78
107	-0.47
108	-0.25
109	0.44
110	0.60
111	0.86
112	0.92
113	1.07
114	0.97
115	0.80
116	0.65
117	0.96
118	-0.33
119	-1.17
120	-2.07
121	-2.55
122	-0.52
123	0.91
124	1.07
125	0.86
126	1.01
127	0.91
128	0.86
129	0.90
130	0.91
131	0.74
132	0.70
133	0.88
134	1.04
135	0.98
136	1.00
137	1.17
138	0.89
139	0.95
140	0.79
141	0.96
142	0.58
143	0.30
144	-1.37
145	-0.53
146	-1.19
147	-0.49
148	-0.43
149	-0.57
150	0.38
151	0.26
152	0.44
153	-0.37
154	-0.72
155	-0.49
156	-0.23
157	-0.28
#Reported_Model_Average	0.274
#Overall_Average_Reported	0.274
