#alldih_gfactor
#Residue\Model	average
63	-0.16
64	0.76
65	1.02
66	-0.05
67	0.86
68	0.80
69	0.39
70	0.72
71	0.83
72	0.62
73	0.41
74	0.38
75	-0.24
76	0.55
77	-0.04
78	-0.10
79	-2.61
80	-0.59
81	-0.02
82	0.17
83	0.42
84	0.44
85	0.10
86	0.70
87	0.32
88	0.33
89	0.96
90	0.37
91	0.06
92	0.63
93	0.03
94	-1.20
95	-0.25
96	-0.67
97	0.09
98	0.42
99	0.00
100	-0.27
101	-0.20
102	0.21
103	-0.13
104	0.34
105	-0.06
106	-0.66
107	0.09
108	-0.22
109	0.44
110	0.60
111	0.23
112	0.56
113	0.18
114	0.39
115	0.73
116	0.29
117	0.21
118	0.00
119	-0.33
120	-0.95
121	-1.23
122	-0.52
123	0.56
124	0.33
125	0.31
126	0.94
127	0.94
128	0.86
129	0.75
130	0.28
131	0.16
132	0.56
133	0.88
134	0.56
135	0.50
136	0.81
137	0.70
138	0.68
139	0.71
140	0.79
141	0.83
142	0.60
143	-0.33
144	-0.45
145	-0.53
146	-0.93
147	-0.64
148	-0.12
149	-0.38
150	0.38
151	0.26
152	-0.14
153	-0.06
154	-0.09
155	-0.24
156	-0.40
157	-0.28
#Reported_Model_Average	0.157
#Overall_Average_Reported	0.157
