#prosaII
#Residue\Model	1	2	3	4	5	6	7	8	9	10	11	12	13	14	15	16	17	18	19	20
64	2.055	1.985	1.661	2.142	1.940	2.110	1.764	2.142	2.004	1.840	1.931	1.851	1.654	1.947	1.815	2.003	1.668	1.696	1.838	1.766
65	2.677	2.766	2.252	2.681	2.431	2.728	2.536	2.726	2.514	2.228	2.503	2.437	2.480	2.541	2.407	2.478	2.291	2.103	2.481	2.513
66	3.630	3.523	3.079	3.543	3.254	3.630	3.284	3.511	3.273	3.008	3.270	3.361	3.119	3.293	3.394	3.176	3.288	3.071	3.045	3.393
67	3.824	3.257	3.410	3.752	3.546	3.888	3.584	3.819	3.546	2.881	3.580	3.496	3.458	3.109	3.533	3.395	3.537	3.297	3.306	3.096
68	3.679	3.160	3.393	3.732	3.550	3.848	3.495	3.693	3.516	2.901	3.626	3.480	3.396	3.013	3.631	3.439	3.477	3.324	3.371	3.048
69	4.319	3.792	4.158	4.396	4.264	4.535	4.200	4.481	4.215	3.553	4.349	4.125	3.987	3.640	4.306	4.099	4.119	4.074	3.967	3.701
70	4.437	4.044	4.288	4.463	4.471	4.695	4.429	4.630	4.363	3.778	4.567	4.277	4.214	3.890	4.445	4.272	4.256	4.253	4.286	3.869
71	3.874	3.450	3.781	3.924	3.912	4.013	3.849	4.058	3.758	3.116	3.826	3.732	3.668	3.225	4.010	3.592	3.848	3.624	3.791	3.230
72	3.721	3.136	3.854	3.828	3.947	3.988	3.744	3.976	3.341	3.123	3.847	3.776	3.504	3.071	3.476	3.666	3.777	3.792	3.566	3.156
73	3.100	2.556	3.256	3.472	3.179	3.512	3.366	3.251	2.691	2.531	3.261	3.032	3.162	2.585	2.953	2.952	3.363	3.278	3.076	2.548
74	2.664	2.603	2.855	3.048	2.808	3.085	3.040	2.827	2.304	2.626	2.869	2.627	2.813	2.642	2.621	2.582	2.920	2.902	2.662	2.672
75	2.775	2.683	3.011	3.097	2.772	3.147	3.197	2.949	2.410	2.712	3.015	2.736	2.928	2.777	2.629	2.785	3.048	3.021	2.693	2.833
76	2.587	2.504	2.800	2.885	2.509	2.913	2.944	2.715	2.162	2.512	2.744	2.543	2.789	2.602	2.406	2.577	2.857	2.723	2.550	2.632
77	1.765	1.147	1.904	2.076	1.637	1.976	2.070	1.272	1.325	1.082	1.447	1.107	1.408	1.202	1.488	1.225	2.002	1.748	1.241	1.225
78	2.394	1.743	2.524	2.719	2.312	2.554	2.688	1.956	1.951	1.781	2.098	1.617	1.977	1.900	2.050	1.817	2.714	2.372	1.787	1.936
79	0.798	0.269	0.860	1.104	0.743	0.861	1.090	0.272	0.719	0.330	0.414	-0.005	0.345	0.363	0.895	0.132	1.089	0.757	0.231	0.183
80	0.935	0.414	0.945	1.000	0.942	0.705	1.014	0.479	0.876	0.490	0.575	0.157	0.282	0.302	0.816	0.370	0.996	0.820	0.368	0.361
81	1.261	0.757	1.150	1.318	1.155	0.999	1.372	0.763	1.083	0.709	0.898	0.272	0.520	0.448	1.080	0.709	1.296	1.091	0.583	0.636
82	0.360	-0.099	0.335	0.532	0.432	0.251	0.642	-0.057	0.186	-0.002	0.107	-0.573	-0.287	-0.375	0.394	-0.137	0.522	0.318	-0.122	-0.229
83	0.222	-0.226	0.302	0.427	0.311	0.097	0.585	-0.189	0.081	-0.161	0.001	-0.742	-0.453	-0.500	0.294	-0.278	0.439	0.245	-0.275	-0.389
84	0.445	0.564	0.563	0.635	0.608	0.322	0.827	0.648	0.326	0.717	0.742	0.127	0.422	0.383	0.572	0.472	0.682	0.644	0.390	0.518
85	-0.060	0.030	0.148	0.151	0.146	0.015	0.310	0.072	-0.082	0.095	0.330	-0.161	0.067	-0.028	0.182	-0.013	0.217	0.212	-0.055	-0.004
86	1.037	1.478	1.504	1.605	1.546	1.459	1.852	1.508	1.536	1.621	1.859	1.234	1.522	1.458	1.851	1.368	1.704	1.709	1.332	1.538
87	0.829	1.240	1.307	1.365	1.393	1.317	1.755	1.320	1.338	1.403	1.501	1.155	1.381	1.347	1.754	1.172	1.475	1.579	1.075	1.282
88	0.585	1.024	1.190	1.280	1.346	1.193	1.471	1.196	1.264	1.394	1.361	1.247	1.223	1.316	1.559	1.036	1.310	1.409	1.009	1.093
89	1.119	1.551	1.409	1.588	1.567	1.523	1.432	1.462	1.608	1.696	1.859	1.467	1.666	1.479	1.750	1.395	1.513	1.586	1.327	1.509
90	1.320	1.612	1.307	1.708	1.670	1.701	1.388	1.571	1.652	1.839	1.922	1.692	1.815	1.628	1.912	1.423	1.529	1.563	1.327	1.678
91	1.728	1.865	1.610	2.010	2.091	2.219	1.667	1.936	1.978	2.130	2.156	2.131	2.079	1.839	2.188	1.786	1.852	1.876	1.610	1.919
92	1.811	1.934	1.596	1.909	2.066	2.066	1.754	1.934	2.072	2.280	2.132	2.111	2.079	1.784	2.149	1.778	1.864	1.979	1.571	2.017
93	2.540	2.402	2.048	2.232	2.401	2.317	2.010	2.332	2.239	2.630	2.547	2.497	2.363	2.104	2.436	2.162	2.272	2.107	2.178	2.525
94	2.479	2.384	2.134	2.149	2.349	2.404	1.924	2.307	2.261	2.476	2.627	2.400	2.251	2.054	2.355	2.187	2.186	2.090	2.049	2.476
95	2.346	2.315	2.020	1.956	1.842	1.926	1.882	2.137	2.066	2.266	2.469	2.246	2.156	1.924	2.229	1.984	2.060	1.958	1.873	1.990
96	2.949	2.936	2.484	2.576	2.640	2.437	2.825	2.837	2.604	2.812	2.799	3.053	2.401	2.739	2.946	2.458	2.806	2.432	2.431	2.505
97	2.930	3.031	2.086	2.638	2.662	2.407	2.799	2.886	2.660	2.761	2.831	2.945	2.345	2.686	2.856	2.478	2.833	2.588	2.089	2.483
98	2.055	2.254	1.423	1.835	1.786	1.451	2.277	2.323	1.779	1.857	2.281	1.984	1.429	1.847	2.135	1.686	2.025	1.719	1.126	1.704
99	1.874	2.586	1.739	1.779	1.591	1.484	2.025	2.666	1.641	1.594	2.672	2.262	1.276	1.657	1.966	1.676	2.260	2.027	1.449	1.901
100	1.774	2.347	1.582	1.436	1.429	1.368	1.920	2.525	1.628	1.194	2.428	1.986	1.206	1.486	1.507	1.540	1.977	1.944	1.179	1.492
101	1.790	2.531	1.904	1.544	1.463	1.420	2.070	2.583	1.627	1.492	2.611	1.927	1.460	1.584	1.603	1.654	2.081	1.969	1.634	1.661
102	2.019	2.733	2.096	1.560	1.719	1.865	2.253	2.769	1.778	1.418	2.744	1.887	1.568	1.756	1.598	1.891	2.171	2.170	1.969	2.092
103	2.015	2.717	2.255	1.598	1.636	2.025	2.192	2.943	1.970	1.326	2.883	1.793	2.008	1.792	1.579	2.057	2.182	2.488	2.126	2.208
104	2.053	2.878	2.852	1.917	1.606	2.127	2.339	3.297	2.356	1.408	2.854	1.988	2.184	1.946	1.782	2.185	2.312	2.591	2.744	2.346
105	1.720	2.529	2.407	1.792	1.255	1.827	1.770	2.696	2.105	1.009	2.370	1.577	1.977	1.611	1.376	1.684	2.116	2.364	2.629	1.895
106	2.206	2.577	2.356	2.294	1.722	2.087	2.293	2.781	2.477	1.577	2.276	1.522	2.414	2.002	1.935	2.004	2.217	2.343	2.722	2.032
107	1.461	1.955	1.686	1.918	0.998	1.448	1.559	2.060	1.619	1.055	1.555	0.893	1.636	1.340	1.370	1.143	1.658	1.757	1.812	1.293
108	1.329	1.691	1.095	1.756	0.749	0.676	1.182	1.734	0.916	0.270	1.180	0.344	1.329	0.639	1.076	0.389	1.489	1.506	0.959	0.590
109	1.843	2.044	1.176	1.984	1.215	1.012	1.413	2.149	1.231	0.404	1.549	0.862	1.730	0.844	1.222	0.570	1.950	1.524	1.311	1.001
110	1.518	1.841	0.958	1.772	1.039	0.719	1.127	1.662	0.928	0.250	1.211	0.685	1.241	0.546	0.966	0.234	1.639	1.238	0.761	0.733
111	1.173	1.449	0.730	1.250	0.771	0.346	0.845	0.983	0.273	-0.115	1.042	0.229	0.853	0.128	0.456	-0.153	1.402	0.785	0.313	0.350
112	2.365	2.590	1.549	2.008	1.824	1.257	2.174	2.096	1.294	1.019	1.892	1.273	1.782	1.162	1.566	0.967	2.218	1.633	1.407	1.576
113	2.147	2.318	1.453	1.673	1.768	1.144	1.961	1.834	1.213	0.717	1.734	1.145	1.581	1.076	1.324	0.892	1.919	1.426	1.234	1.385
114	2.349	2.433	1.598	1.867	1.955	1.356	1.938	1.939	1.472	0.996	1.981	1.324	1.804	1.299	1.525	1.221	2.073	1.514	1.564	1.633
115	2.854	2.815	2.167	2.412	2.375	2.448	2.382	2.454	2.467	2.051	2.424	2.191	2.301	2.374	2.026	2.126	2.585	1.929	2.438	2.593
116	1.889	2.306	1.799	2.142	1.790	1.823	1.667	1.817	2.043	1.777	1.834	1.610	1.714	1.940	1.730	1.705	1.828	1.583	1.600	2.124
117	1.959	2.146	1.767	2.019	1.703	1.722	1.546	1.690	1.995	1.746	1.682	1.447	1.736	1.881	1.616	1.618	1.682	1.452	1.655	1.992
118	1.596	1.764	1.310	1.527	1.378	1.318	1.172	1.269	0.909	1.471	1.256	1.091	1.419	1.531	1.288	1.335	1.169	1.082	1.310	0.892
119	1.051	1.194	1.053	1.270	0.945	1.069	0.547	0.674	0.473	1.102	0.984	0.702	1.014	1.288	0.867	0.950	0.813	0.763	0.786	0.327
120	1.249	1.221	1.110	1.341	0.872	1.116	0.719	0.772	0.328	1.207	1.003	0.846	1.064	1.433	0.921	0.947	0.856	0.724	0.850	0.421
121	1.482	1.383	1.343	1.438	1.125	1.299	1.131	1.120	0.453	1.436	1.156	1.195	1.376	1.742	1.194	1.212	1.043	1.053	1.174	0.795
122	1.118	1.090	0.950	0.981	0.851	0.677	0.963	0.816	0.120	1.026	0.861	0.909	1.040	1.236	0.871	0.878	0.664	0.754	0.839	0.346
123	1.242	0.791	1.437	0.706	1.226	1.259	1.470	1.293	0.438	1.620	1.178	1.336	1.426	1.740	0.889	0.604	1.221	1.265	1.377	0.732
124	1.263	0.875	1.576	0.653	1.298	1.324	1.411	1.503	0.415	1.694	1.310	1.532	1.500	1.884	1.010	0.786	1.373	1.359	1.539	0.899
125	1.663	1.321	1.980	1.053	1.695	1.802	1.919	2.048	1.581	2.123	1.704	2.072	1.930	2.317	1.536	1.212	1.876	1.801	1.941	2.176
126	2.637	2.386	2.913	1.732	2.779	2.732	2.923	3.148	2.386	3.143	2.758	3.204	3.044	3.125	2.542	2.334	2.549	2.557	2.955	3.325
127	2.429	2.043	2.831	1.705	2.669	2.688	2.790	3.156	2.430	3.101	2.191	3.068	3.047	2.987	2.499	2.308	2.570	2.545	2.836	3.061
128	2.269	1.692	2.682	1.560	2.285	2.525	2.596	2.975	2.140	2.516	1.740	2.890	2.570	2.502	2.315	1.980	2.416	2.315	2.606	2.826
129	1.928	1.343	2.285	1.273	2.045	2.357	2.260	2.662	1.768	2.182	1.462	2.617	2.277	2.196	2.063	1.667	2.103	2.114	2.273	2.697
130	2.892	2.320	2.539	2.192	2.566	2.699	2.598	2.894	2.263	2.491	1.885	3.002	2.711	2.539	2.719	2.725	2.635	2.305	2.845	3.105
131	2.294	1.810	1.857	1.758	2.009	2.187	2.206	2.218	1.798	1.867	1.469	2.510	2.059	1.950	2.091	2.107	2.096	1.705	2.276	2.448
132	2.628	2.042	2.108	2.050	2.302	2.457	2.431	2.356	2.022	2.086	1.779	2.616	2.217	2.102	2.289	2.306	2.251	1.960	2.534	2.578
133	2.598	1.943	2.132	2.302	2.155	2.410	2.357	2.173	2.113	1.932	1.662	2.480	2.120	2.010	2.225	2.251	2.558	2.207	2.622	2.540
134	2.930	2.479	2.201	2.640	2.398	2.550	2.489	2.325	2.297	2.172	2.368	2.711	2.226	2.142	2.438	2.428	2.688	2.341	2.767	2.741
135	3.182	2.970	2.422	2.995	2.922	2.866	2.842	2.598	2.833	2.776	2.874	2.918	2.736	2.669	2.690	2.795	2.964	2.545	3.016	3.064
136	3.683	3.492	2.934	3.409	3.397	3.418	3.318	3.113	3.329	3.398	3.410	3.416	3.211	3.194	3.185	3.344	3.450	2.927	3.496	3.451
137	3.144	2.994	2.362	3.066	2.951	2.843	2.891	2.703	2.776	2.907	2.866	2.910	2.711	2.661	2.920	2.794	2.774	2.535	2.854	2.943
138	2.920	2.549	2.003	2.829	2.594	2.532	2.669	2.458	2.465	2.724	2.429	2.464	2.519	2.302	2.656	2.558	2.496	2.219	2.550	2.664
139	3.205	2.768	2.184	3.073	2.818	2.767	2.875	2.867	2.773	3.050	2.709	2.783	2.807	2.632	2.928	2.896	2.756	2.459	2.856	2.908
140	2.809	2.383	1.765	2.594	2.403	2.454	2.409	2.455	2.518	2.715	2.330	2.329	2.378	2.383	2.525	2.452	2.438	2.073	2.359	2.461
141	2.246	1.853	1.343	1.991	1.850	2.066	1.874	1.919	1.999	2.233	1.803	1.799	1.839	1.936	1.890	1.974	1.980	1.605	1.845	2.041
142	1.962	1.464	0.851	1.440	1.300	1.579	1.270	1.465	1.569	1.739	1.345	1.413	1.465	1.478	1.407	1.691	1.588	1.233	1.548	1.475
143	1.824	1.351	0.081	1.195	0.491	1.244	0.423	0.819	1.419	1.577	0.455	1.326	0.686	0.655	0.582	0.815	1.422	0.355	0.950	0.691
144	1.958	1.570	0.375	1.391	0.628	1.533	0.584	1.060	1.585	1.853	0.639	1.551	0.810	0.806	0.703	1.003	1.637	0.536	1.160	0.834
145	1.844	1.457	0.175	1.061	0.444	1.278	0.202	0.975	1.538	1.224	0.387	1.539	0.630	0.617	0.362	0.701	1.512	0.335	0.631	0.613
146	1.606	1.324	0.041	0.896	0.318	1.106	0.096	0.280	1.384	1.073	0.263	1.381	0.499	0.493	0.234	0.577	1.445	0.237	0.515	0.484
147	1.094	1.025	-0.382	0.494	-0.086	0.600	-0.247	-0.026	0.867	0.576	-0.148	1.042	0.069	0.004	-0.222	0.189	1.005	-0.234	0.038	0.058
148	1.394	1.429	-0.132	0.703	0.244	0.786	0.054	0.166	1.279	0.842	0.185	1.538	0.472	0.414	-0.114	0.386	1.375	0.048	0.480	0.296
149	1.731	1.855	0.261	1.167	0.699	1.179	0.546	0.424	1.744	1.226	0.695	1.991	0.859	0.908	0.361	0.666	1.893	0.470	0.833	0.851
150	1.309	1.366	0.601	1.008	1.041	0.953	0.897	0.571	1.303	0.768	0.956	1.461	1.042	1.132	0.647	0.990	1.511	0.790	0.919	1.062
151	0.975	1.056	0.540	0.733	0.719	0.706	0.618	0.310	1.108	0.496	0.688	0.991	0.753	1.006	0.494	0.729	1.361	0.471	0.671	0.859
152	1.255	1.761	1.369	1.395	1.308	1.298	1.332	0.821	1.341	1.421	1.311	1.410	1.257	1.528	1.103	1.283	1.825	1.139	1.530	1.222
153	0.475	1.362	0.689	0.483	0.383	0.561	0.437	0.536	0.540	0.608	0.807	0.487	0.451	0.885	0.783	0.556	1.124	0.265	0.879	0.391
154	1.027	1.622	1.237	0.908	0.801	1.059	0.741	0.786	0.972	1.020	1.336	0.953	0.809	1.367	0.975	0.867	1.317	0.650	1.333	0.710
155	1.002	1.507	1.444	0.944	0.845	1.125	0.894	0.950	0.770	1.106	1.274	0.804	0.955	1.250	1.196	0.847	1.235	0.749	1.281	0.840
156	-0.452	0.415	0.155	-0.528	-0.625	-0.368	-0.454	-0.421	-0.888	-0.367	-0.179	-0.769	-0.601	0.248	-0.211	-0.473	-0.402	-0.641	-0.128	-0.670
157	-0.488	0.580	0.451	-0.460	-0.413	-0.097	-0.304	-0.233	-1.101	-0.499	0.040	-0.526	-0.403	0.244	-0.140	-0.274	-0.464	-0.669	-0.014	-0.864
#Reported_Model_Average	0.981	0.970	0.856	0.923	0.864	0.917	0.913	0.949	0.855	0.840	0.918	0.885	0.867	0.845	0.864	0.803	0.983	0.847	0.864	0.844
#Overall_Average_Reported	0.889
