#verify3d
#Residue\Model	1	2	3	4	5	6	7	8	9	10	11	12	13	14	15	16	17	18	19	20
63	0.17	0.17	0.17	0.17	0.17	0.17	0.17	0.17	0.17	0.17	0.17	0.17	0.17	0.17	0.17	0.34	0.17	0.34	0.17	0.17
64	-0.22	-0.22	-0.22	-0.22	-0.22	-0.22	-0.22	-0.22	-0.22	-0.22	-0.22	-0.22	-0.22	-0.22	-0.22	-0.22	-0.22	-0.22	-0.22	-0.22
65	0.63	0.63	0.63	0.63	0.63	0.63	0.63	0.63	0.63	0.63	0.63	0.63	0.63	0.63	0.63	0.63	0.63	0.63	0.63	0.63
66	0.29	0.29	0.29	0.29	0.29	0.29	0.29	0.29	0.29	0.44	0.44	0.29	0.44	0.29	0.29	0.29	0.29	0.44	0.29	0.44
67	0.86	0.86	0.86	0.86	0.86	0.86	0.86	0.86	0.86	0.86	0.86	0.86	0.86	0.86	0.86	0.86	0.86	0.86	0.86	0.86
68	-0.02	-0.02	-0.02	-0.02	-0.02	-0.02	-0.02	-0.02	-0.02	-0.02	-0.02	-0.02	-0.02	-0.02	-0.02	-0.02	-0.02	-0.02	-0.02	-0.02
69	0.62	0.62	0.62	0.62	0.62	0.62	0.62	0.62	0.60	0.62	0.62	0.62	0.62	0.62	0.62	0.62	0.62	0.62	0.62	0.09
70	0.66	0.66	0.66	0.66	0.66	0.56	0.66	0.66	0.66	0.66	0.66	0.66	0.66	0.66	0.66	0.56	0.66	0.66	0.66	0.66
71	-0.22	-0.22	-0.22	-0.22	-0.22	-0.22	-0.22	-0.22	-0.22	-0.22	-0.22	-0.22	-0.22	-0.22	-0.22	-0.22	-0.22	-0.22	-0.22	-0.22
72	0.16	0.16	0.16	0.16	0.16	0.16	0.16	0.16	0.16	0.16	0.16	0.16	0.16	0.16	0.16	0.16	0.16	0.16	0.16	0.16
73	0.66	0.66	0.66	0.66	0.66	0.07	0.66	0.66	0.66	0.66	0.66	0.66	0.66	0.66	0.66	0.66	0.66	0.66	0.66	0.66
74	-0.38	0.16	0.16	0.16	-0.38	0.16	-0.38	0.16	0.16	-0.38	0.16	0.16	-0.38	0.16	-0.38	0.16	0.16	0.16	-0.38	0.16
75	0.56	0.56	0.56	0.56	0.56	0.56	0.56	0.56	0.56	0.56	0.56	0.56	0.56	0.56	0.56	0.56	0.56	0.56	0.56	0.56
76	0.62	0.62	0.62	0.62	0.62	0.62	0.62	0.62	0.62	0.62	0.62	0.62	0.62	0.62	0.62	0.62	0.62	0.62	0.62	0.62
77	0.44	0.44	0.44	0.44	0.44	0.44	0.44	0.44	0.44	0.44	0.44	0.44	0.44	0.44	0.44	0.44	0.44	0.44	0.44	0.44
78	0.29	0.44	0.29	0.29	0.29	0.29	0.29	0.29	0.29	0.29	0.29	0.29	0.29	0.29	0.29	0.29	0.29	0.29	0.44	0.29
79	1.10	1.10	1.10	1.10	1.10	1.10	1.10	1.10	1.10	1.10	1.10	1.10	1.10	1.10	1.10	1.10	1.10	1.10	1.10	1.10
80	-0.74	-0.74	-0.40	-0.74	-0.74	-0.40	-0.74	-0.74	-0.74	-0.74	-0.40	-0.74	-0.74	-0.74	-0.74	-0.74	-0.74	-0.40	-0.74	-0.40
81	0.34	0.34	0.34	0.34	0.34	0.34	0.34	0.34	0.34	0.34	0.34	0.34	0.34	0.34	0.34	0.34	0.34	0.34	0.34	0.34
82	-1.25	-1.25	-1.25	-1.25	-1.25	-1.25	-1.25	-1.25	-1.25	-1.25	-1.25	-1.25	-1.25	-1.25	-1.25	-1.25	-1.25	-1.25	-1.25	-1.25
83	0.16	0.16	0.16	0.16	0.16	0.16	0.16	0.16	0.16	0.16	0.16	0.16	0.16	0.16	0.16	0.16	0.16	0.16	0.16	0.16
84	0.62	0.62	0.62	0.62	0.62	0.62	0.62	0.62	0.62	0.62	0.62	0.62	0.62	0.62	0.62	0.62	0.62	0.62	0.62	0.62
85	0.16	0.16	0.16	0.16	0.16	0.16	0.16	0.16	0.16	0.16	0.16	0.16	0.16	0.16	0.16	0.16	0.16	0.16	0.16	0.16
86	-0.02	-0.02	-0.02	-0.02	-0.02	0.32	-0.02	-0.02	0.32	0.32	-0.02	0.32	0.32	0.32	-0.02	-0.02	-0.02	-0.02	-0.02	-0.02
87	-0.38	-0.38	-0.38	-0.38	-0.38	-0.38	-0.38	-0.38	-0.38	-0.38	-0.38	-0.38	-0.38	0.16	-0.38	-0.38	-0.38	-0.38	-0.38	-0.38
88	0.50	0.50	0.50	0.50	0.50	0.50	0.50	0.50	0.50	0.50	0.50	0.50	0.50	0.50	0.50	0.50	0.50	0.50	0.50	0.50
89	0.66	0.66	0.66	0.66	0.66	0.66	0.66	0.66	0.56	0.66	0.66	0.66	0.66	0.66	0.66	0.66	0.66	0.66	0.66	0.56
90	-0.02	-0.02	0.32	-0.02	-0.02	-0.02	-0.02	-0.02	0.32	-0.02	-0.02	-0.02	-0.02	-0.02	-0.02	-0.02	-0.02	-0.02	0.32	0.32
91	0.50	0.50	0.50	0.50	0.50	0.50	0.50	0.50	0.50	0.50	0.50	0.50	0.50	0.50	0.50	0.50	0.50	0.50	0.50	0.50
92	-0.70	-0.70	-0.70	-0.70	-0.70	-0.70	-0.70	-0.70	-0.70	-0.70	-0.70	-0.70	-0.70	-0.70	-0.70	-0.70	-0.70	-0.70	-0.70	-0.70
93	0.56	0.56	-0.20	-0.20	-0.20	0.56	0.56	0.56	0.56	1.10	0.56	-0.20	-0.20	-0.20	-0.20	-0.20	0.56	0.56	0.56	0.56
94	-0.02	0.32	0.32	0.32	-0.02	0.32	-0.02	-0.02	0.32	0.32	0.32	0.32	0.32	-0.02	0.32	-0.02	0.32	0.32	0.32	0.32
95	1.04	1.04	1.04	1.04	1.04	1.04	1.04	1.04	1.04	1.04	1.04	1.04	1.04	1.04	1.04	1.04	1.04	1.04	1.04	1.04
96	0.29	0.29	0.29	0.29	0.29	0.29	0.29	0.29	0.29	0.29	0.29	0.29	0.29	0.29	0.29	0.29	0.29	0.29	0.29	0.29
97	0.16	0.16	0.16	-0.38	-0.38	0.16	0.16	0.16	-0.38	0.16	0.16	-0.38	0.16	0.16	-0.38	0.16	-0.38	0.16	-0.38	-0.38
98	-0.25	-0.25	-0.25	-0.25	-0.25	-0.25	-0.25	-0.25	-0.25	-0.25	-0.25	-0.25	-0.25	-0.25	-0.25	-0.25	-0.25	-0.25	-0.25	-0.25
99	0.16	0.16	0.16	0.16	0.16	0.16	0.16	0.16	0.16	0.16	0.16	0.16	0.16	0.16	0.16	0.16	0.16	0.16	0.16	0.16
100	0.50	0.50	-0.55	0.50	0.50	0.50	0.50	0.50	0.50	0.50	0.50	0.50	0.50	0.50	0.50	-0.55	0.50	0.50	0.50	0.50
101	-0.83	-0.83	-0.83	-1.30	-1.30	-1.30	-1.30	-1.30	-1.30	-1.30	-0.83	-1.30	-1.30	-1.30	-1.30	-1.30	-0.83	-1.30	-1.30	-1.30
102	0.08	0.08	0.47	0.08	0.08	0.08	0.08	0.08	0.08	0.08	0.08	0.47	0.08	0.08	0.08	0.08	0.08	0.08	0.08	0.08
103	0.17	0.17	0.17	0.34	0.17	0.17	0.17	0.17	0.17	0.17	0.17	0.17	0.17	0.17	0.17	0.17	0.17	0.17	0.17	0.17
104	0.29	0.29	0.29	0.29	0.29	0.29	0.29	0.29	0.29	0.29	0.29	0.29	0.29	0.29	0.29	0.29	0.29	0.29	0.29	0.29
105	0.34	0.34	0.17	0.17	0.34	0.34	0.17	0.34	0.34	0.17	0.34	0.17	0.34	0.34	0.17	0.34	0.34	0.34	0.34	0.34
106	0.28	0.28	0.28	0.28	0.28	0.28	0.28	0.28	0.28	0.28	0.28	0.04	0.28	0.28	0.28	0.28	0.28	0.28	0.28	0.28
107	-0.54	-0.54	-0.54	-0.54	-0.54	-0.54	-0.54	-0.54	-0.54	-0.54	-0.54	-0.54	-0.54	-0.54	-0.54	-0.54	-0.54	-0.54	-0.54	-0.54
108	-0.68	-0.68	-0.68	-0.68	-0.68	-0.68	-0.68	-0.68	-0.68	-0.68	-0.68	-0.68	-0.68	-0.68	-0.68	-0.68	-0.68	-0.68	-0.68	-0.68
109	-0.25	-0.25	-0.25	-0.25	-0.25	-0.25	-0.25	-0.25	-0.25	-0.25	-0.25	-0.25	-0.25	-0.25	-0.25	-0.25	-0.25	-0.25	-0.25	-0.25
110	0.44	0.44	0.44	0.44	0.44	0.44	0.44	0.44	0.44	0.44	0.44	0.44	0.44	0.44	0.44	0.44	0.44	0.44	0.44	0.44
111	0.29	0.29	0.29	0.29	0.29	0.29	0.29	0.29	0.29	0.29	0.29	0.29	0.29	0.29	0.29	0.29	0.29	0.29	0.29	0.29
112	-0.02	-0.02	-0.02	-0.02	-0.02	-0.02	-0.02	-0.02	-0.02	-0.02	-0.02	-0.02	-0.02	-0.02	-0.02	-0.02	-0.02	-0.02	-0.02	-0.02
113	0.62	0.62	0.62	0.16	0.62	0.62	0.62	0.16	0.62	0.62	0.62	0.16	0.62	0.62	0.62	0.62	0.62	0.16	0.16	0.62
114	0.16	0.16	0.16	0.16	0.16	0.16	0.16	0.16	0.16	0.16	0.16	0.16	0.16	0.16	0.16	0.16	0.16	-0.38	0.16	0.16
115	-0.02	-0.02	-0.59	-0.02	-0.02	-0.02	-0.02	-0.02	-0.02	-0.02	-0.02	-0.02	-0.02	-0.02	-0.02	-0.02	-0.02	-0.02	-0.02	-0.02
116	-0.02	-0.02	-0.02	-0.02	-0.02	-0.02	-0.02	-0.02	-0.02	-0.02	-0.02	-0.02	-0.02	-0.02	-0.02	-0.02	-0.02	-0.02	-0.02	-0.02
117	0.32	-0.02	0.32	0.32	-0.02	-0.02	-0.02	-0.02	-0.02	0.32	-0.02	-0.02	-0.02	-0.02	0.32	-0.02	-0.02	-0.02	-0.02	0.32
118	0.62	0.60	0.60	0.60	0.60	0.60	0.62	0.62	0.62	0.60	0.60	0.60	0.62	0.60	0.60	0.60	0.60	0.60	0.60	0.60
119	0.08	0.08	0.08	0.08	0.08	0.08	0.08	0.08	0.08	0.08	0.08	0.08	0.08	0.08	0.08	0.08	0.08	0.08	0.08	0.08
120	-0.10	-0.10	-0.10	-0.10	-0.10	0.47	0.47	-0.10	-0.10	-0.10	-0.10	-0.10	-0.10	-0.10	-0.10	-0.10	-0.10	-0.10	-0.10	-0.10
121	-0.68	-0.68	-0.68	-0.68	-0.68	-0.68	-0.68	-0.68	-0.68	-0.68	-0.68	-0.68	-0.68	-0.68	-0.68	-0.68	-0.68	-0.68	-0.68	-0.68
122	0.14	0.14	0.14	0.14	0.14	0.14	0.14	0.14	0.14	0.14	0.14	0.14	0.14	0.14	0.14	0.14	0.14	0.14	0.14	0.14
123	0.66	0.66	0.66	0.66	0.66	0.07	0.66	0.66	0.56	0.66	0.66	0.66	0.66	0.66	0.66	0.66	0.66	0.66	0.66	0.66
124	0.32	0.32	0.32	0.32	0.32	0.32	0.32	0.32	-0.02	0.32	0.32	0.32	0.32	0.32	0.32	0.32	0.32	0.32	0.32	0.32
125	-0.13	-0.13	-0.13	-0.13	-0.13	-0.13	-0.13	-0.13	-0.13	-0.13	-0.13	-0.13	-0.13	-0.13	-0.13	-0.13	-0.13	-0.13	-0.13	-0.13
126	0.16	0.16	0.16	0.16	0.16	0.16	0.16	0.16	0.16	0.16	0.16	0.16	0.16	0.16	0.16	0.16	0.16	0.16	0.16	0.16
127	0.66	0.56	0.66	0.66	0.66	0.66	0.66	0.66	0.66	0.66	0.66	0.66	0.66	0.66	0.66	0.66	0.66	0.66	0.66	0.66
128	-0.02	0.44	-0.02	0.44	-0.02	-0.02	-0.02	-0.02	-0.02	0.44	-0.02	0.44	-0.02	0.44	-0.02	-0.02	-0.02	-0.02	-0.02	-0.02
129	-0.02	-0.02	-0.02	-0.02	-0.02	-0.02	-0.02	-0.02	-0.02	-0.02	-0.02	-0.02	-0.02	-0.02	-0.02	-0.02	-0.02	-0.02	-0.02	-0.02
130	1.10	1.10	1.10	1.10	1.10	1.10	1.10	1.10	1.10	1.10	1.10	1.10	1.10	1.10	1.10	1.10	1.10	1.10	1.10	1.10
131	-0.02	-0.02	0.32	-0.02	-0.02	-0.02	-0.02	-0.02	0.32	-0.02	-0.02	-0.02	-0.02	-0.02	0.32	0.32	-0.02	-0.02	0.32	-0.02
132	-0.13	-0.13	-0.13	-0.13	-0.13	-0.13	-0.13	-0.13	-0.13	-0.13	-0.13	-0.13	-0.13	-0.13	-0.13	-0.13	-0.13	-0.13	-0.13	-0.13
133	-0.02	-0.02	-0.02	-0.02	-0.02	-0.02	-0.02	-0.02	-0.02	-0.02	-0.02	-0.02	-0.02	-0.02	-0.02	-0.02	-0.02	-0.02	-0.02	-0.02
134	-0.38	-0.38	-0.38	-0.38	-0.38	-0.38	-0.38	-0.38	-0.38	-0.38	-0.38	-0.38	-0.38	-0.38	-0.38	-0.38	-0.38	-0.38	-0.38	-0.38
135	0.62	0.62	0.62	0.62	0.62	0.62	0.62	0.62	0.62	0.62	0.62	0.62	0.62	0.62	0.62	0.62	0.62	0.62	0.62	0.62
136	-0.02	-0.02	-0.02	-0.02	-0.02	-0.02	-0.02	-0.02	-0.02	-0.02	-0.02	-0.02	-0.02	-0.02	-0.02	-0.02	-0.02	-0.02	-0.02	-0.02
137	-0.22	-0.22	-0.22	-0.22	-0.22	-0.22	-0.22	-0.22	-0.22	-0.22	-0.22	-0.22	-0.22	-0.22	-0.22	-0.22	-0.22	-0.22	-0.22	-0.22
138	0.56	0.56	0.56	0.56	0.56	0.56	0.56	0.56	0.56	0.56	0.56	0.56	0.56	0.56	0.56	0.56	0.56	0.56	0.56	0.56
139	0.16	0.16	0.16	0.16	0.16	-0.46	0.16	-0.46	0.16	0.16	0.16	0.16	0.16	0.16	-0.46	-0.46	0.16	0.16	0.16	0.16
140	-0.02	-0.02	-0.02	-0.02	-0.02	-0.02	-0.02	-0.02	-0.02	-0.02	-0.02	-0.02	-0.02	-0.02	-0.02	-0.02	-0.02	-0.02	-0.02	-0.02
141	-0.59	-0.59	-0.59	-0.59	-0.02	-0.59	-0.59	-0.59	-0.59	-0.59	-0.59	-0.59	-0.59	-0.59	-0.59	-0.59	-0.59	-0.59	-0.59	-0.59
142	0.62	0.62	0.62	0.62	0.62	0.62	0.62	0.62	0.62	0.62	0.60	0.62	0.62	0.62	0.62	0.60	0.62	0.62	0.62	0.62
143	0.51	0.51	0.51	0.51	0.51	0.51	0.51	0.51	0.51	0.51	0.51	0.51	0.51	0.51	0.51	0.51	0.51	0.51	0.51	0.51
144	-0.41	-0.41	-0.41	-0.41	0.24	-0.41	-0.41	-0.41	-0.41	-0.41	-0.41	-0.41	-0.41	-0.41	-0.41	-0.41	-0.41	-0.41	0.24	0.24
145	-0.25	-0.25	-0.25	-0.25	-0.25	-0.25	-0.25	-0.25	-0.25	-0.25	-0.25	-0.25	-0.25	-0.25	-0.25	-0.25	-0.25	-0.25	-0.25	-0.25
146	-0.54	-0.54	-0.54	-0.54	-0.54	-0.54	-0.54	-0.54	-0.54	-0.54	-0.54	-0.54	-0.54	-0.54	-0.54	-0.54	-0.54	-0.54	-0.54	-0.54
147	0.23	0.23	0.23	0.23	0.23	0.23	0.23	0.23	0.23	0.23	0.23	0.23	0.23	0.23	0.23	0.23	0.23	0.23	0.51	0.51
148	-0.84	-0.84	-0.84	0.71	-0.84	0.71	-0.84	-0.84	-0.84	-0.84	-0.84	-0.84	0.71	-0.84	0.71	-0.84	-0.84	-0.84	-0.84	-0.84
149	0.51	0.51	0.51	0.51	0.51	0.51	0.51	0.51	0.51	0.51	0.51	0.51	0.51	0.51	0.51	0.51	0.51	0.51	0.51	0.51
150	-0.11	-0.11	-0.11	-0.11	-0.11	-0.11	-0.11	-0.11	-0.11	-0.11	-0.11	-0.11	-0.11	-0.11	-0.11	-0.11	-0.11	-0.11	-0.11	-0.11
151	-0.25	-0.25	-0.25	-0.25	-0.25	-0.25	-0.25	-0.25	-0.25	-0.25	-0.25	-0.25	-0.25	-0.25	-0.25	-0.25	-0.25	-0.25	-0.25	-0.25
152	0.51	0.51	0.23	0.51	0.51	0.23	0.51	0.23	0.23	0.23	0.51	0.51	0.51	0.51	0.23	0.51	0.51	0.51	0.51	0.51
153	-0.43	-0.43	-0.43	-0.43	-0.43	-0.43	-0.43	-0.43	-0.43	-0.43	-0.43	-0.43	-0.43	-0.43	-0.43	-0.43	-0.43	-0.43	-0.43	-0.43
154	-0.40	-0.40	-0.40	-0.40	-0.40	-0.40	-0.40	-0.40	-0.40	-0.40	-0.40	-0.40	-0.40	-0.40	-0.40	-0.40	-0.40	-0.40	-0.40	-0.40
155	-0.41	-0.41	-0.41	-0.41	-0.41	-0.41	-0.41	0.24	-0.41	-0.41	0.24	-0.41	-0.41	-0.41	0.24	-0.41	-0.41	0.24	0.24	0.24
156	-0.54	-0.54	-0.54	-0.54	-0.54	-0.54	-0.54	-0.54	-0.54	-0.54	-0.54	-0.54	-0.54	-0.54	-0.54	-0.54	-0.54	-0.54	-0.54	-0.54
157	0.44	0.44	0.44	0.44	0.44	0.44	0.44	0.44	0.44	0.44	0.44	0.44	0.44	0.44	0.44	0.44	0.44	0.44	0.44	0.44
#Reported_Model_Average	0.110	0.121	0.105	0.117	0.101	0.117	0.106	0.100	0.107	0.120	0.128	0.101	0.119	0.113	0.111	0.086	0.110	0.114	0.120	0.128
#Overall_Average_Reported	0.112
