   124.265      1.714      6.766       134871 
   124.277      2.228      6.759        89755 
   129.660      7.218      7.217      2865148 
   129.624      7.428      7.217       842388 
   132.483      2.770      7.476       102657 
   132.350      2.924      7.473       147875 
   132.370      1.106      7.470       138741 
   131.654      7.222      7.436       503674 
   131.743      7.439      7.435      3088656 
   134.218      1.914      7.187       106263 
   134.243      7.673      7.192       127763 
   134.150      2.985      7.192       246659 
   134.247      7.185      7.189      7676415 
   134.219      6.739      7.190       834769 
   134.305      1.563      7.185       114760 
   134.227      1.081      7.188       123673 
   117.881      4.094      6.743        92157 
   117.770      1.893      6.737        89080 
   117.764      7.185      6.739       862519 
   117.717      1.088      6.734        88312 
   117.869      3.741      6.744       159912 
   127.057      3.069      7.099       171994 
   127.090      7.098      7.102      3918229 
   127.113     10.039      7.097       240192 
   120.762      7.402      7.403      1220401 
   124.198      6.763      6.768      1955048 
   124.198      7.315      6.767       149105 
   114.883     10.037      7.310        99658 
   114.896      6.760      7.318       238308 
   114.817      7.315      7.317      2898154 
   121.252      6.659      6.657       767341 
   124.266      1.070      6.940       221977 
   124.297      7.832      6.931        81888 
   124.265      6.936      6.938      3766800 
   124.260     10.085      6.938       361944 
   119.960      1.692      7.300        70441 
   119.974      0.982      7.298       185871 
   120.071      3.120      7.301        79985 
   119.985      7.293      7.295      1251111 
   123.428      7.394      5.881        65568 
   123.327      0.881      5.884       103706 
   123.416      5.874      5.878      2573268 
   123.367      7.077      5.874       235777 
   123.455      6.453      5.876       268787 
   114.653      7.467      7.079       149035 
   114.895      2.875      7.089        80018 
   114.843      0.501      7.087       103783 
   114.821     10.080      7.086       120420 
   114.695      5.872      7.078       330631 
   114.689      7.080      7.082      3099828 
   120.745      1.692      6.458       132017 
   120.737      5.875      6.455       115232 
   120.806      6.455      6.457      1510677 
   120.781      0.844      6.450        94413 