    38.846      1.925      1.173       201309 
    42.364      8.198      1.575       200528 
    43.219      1.577      1.839       222952 
    49.239      1.856      0.776       367157 
    50.340      0.899      1.618       286005 
    51.124      1.181      1.848       174894 
    37.850      1.106      4.292       429048 
    37.194      6.720      3.986       140911 
    35.677      1.218      4.578       171051 
    33.874      2.804      2.467       126061 
    31.912      2.592      2.838       224455 
    31.748      1.284      2.828       128967 
    31.555      4.058      2.074       242543 
    30.993      1.372      1.620       641361 
    30.993      3.086      1.607       147332 
    31.042      4.329      1.641       853913 
    31.546      4.571      2.038       226012 
    45.315      1.209      4.254       788962 
    45.315      1.209      4.254       788962 
    31.647      7.425      2.853       128211 
    45.599      1.109      4.219      1152692 
    45.538      4.222      1.101       878908 
    32.430      8.045      4.276       139735 
    54.901      4.319      1.634            0 
    54.831      1.374      1.618      1029731 
    43.296      1.357      3.105       426359 
    43.333      1.614      3.114       400827 
    54.339      3.184      1.822       184248 
    35.080      8.240      3.952        84345 
    32.883      7.364      3.205        72444 
    35.038      0.946      4.264        88550 
    45.436      2.789      1.121       122188 
    45.302      6.974      0.621        98501 
    45.902      0.505      0.855       149427 
    45.495      7.739      1.006       104982 
    45.548      7.974      1.010        95089 
    30.993      4.315      1.769       241935 
    41.639      7.492      0.884       172452 
    40.362      0.598      4.100        83792 
    42.123      1.241      3.387       135602 
    54.469      3.988      1.975       106790 
    30.993      1.109      2.488       563280 
    54.466      6.964      3.503        96334 
    54.507      6.977      3.220        67775 
    31.706      1.322      0.704       100242 
    54.504      0.680      1.962        81546 
    50.268      8.602      3.894       101882 
    42.260      7.554      0.832        85951 
    42.156      8.233      0.828       100425 
    52.810      7.499      2.043        95342 
    52.806      7.500      1.929        79638 
    52.852      1.175      1.936        72059 
    53.719      7.210      1.909        69883 
    53.714      6.738      1.932        82999 
    33.278      0.818      3.852       133263 
    46.344      3.622      1.410        79382 
    45.489      4.244      0.961        78604 
    50.920      3.090      1.370       139804 
    50.773      3.090      1.307       206309 
    50.981      1.618      1.384      1942925 
    37.801      1.206      4.367       241687 
    37.752      8.480      4.360       109317 
    45.757      1.209      4.221      1242600 
    45.541      4.349      1.183       688876 
    45.783      4.222      1.215      2064222 
    32.181      1.390      4.291       273453 
    32.300      1.869      4.298       612554 
    32.162      1.802      4.299       880516 
    32.973      4.297      1.831       329197 
    32.988      1.446      1.835       618014 
    32.967      4.313      1.780       195112 
    33.004      1.448      1.780       630449 
    53.008      1.445      1.684      4173138 
    42.051      1.680      2.998      1951124 
    45.173      1.241      4.233       416136 
    45.288      4.229      1.228       615632 
    32.300      8.454      4.295       295127 
    32.259      1.617      4.289       978195 
    54.708      4.304      1.855       390427 
    54.532      3.197      1.809       213054 
    54.765      3.194      1.779       180640 
    54.579      3.189      1.876       245085 
    54.663      4.311      1.773       326900 
    43.374      1.800      3.217      1925073 
    43.300      1.641      3.202      2687156 
    51.037      4.300      1.623       274110 
    51.102      3.199      1.640      1120284 
    40.295      2.769      2.940      1447088 
    40.335      2.941      2.776      1708538 
    40.301      7.479      2.779       215629 
    40.382      7.480      2.935       275341 
    32.698      4.006      4.605       407697 
    32.777      4.383      4.610       210311 
    32.690      3.892      4.607      1088802 
    38.508      8.513      4.030       225683 
    38.600      8.514      4.388        77733 
    38.519      4.609      4.030       149104 
    38.557      4.576      4.392       173719 
    38.484      4.028      4.392      1415910 
    38.492      4.389      4.031      1146401 
    38.504      3.896      4.392       546143 
    38.528      1.166      4.027       133932 
    41.895      1.880      3.917       323811 
    41.900      2.320      3.922       560976 
    41.944      7.778      3.917        79100 
    41.947      0.811      3.923       202094 
    41.862      1.203      3.927       232496 
    31.578      2.313      1.888      1597818 
    31.537      3.933      1.891       406667 
    31.555      3.919      2.324       479548 
    50.185      4.609      3.891       308115 
    50.145      4.392      3.891       311069 
    50.187      1.982      3.893       392770 
    50.143      2.212      3.895       508379 
    50.180      3.891      3.892      6357008 
    51.976      1.991      2.206      1817052 
    51.958      3.901      1.996       465420 
    36.075      8.603      3.990       193552 
    35.950      1.959      3.986       467177 
    35.999      2.290      3.984       366830 
    36.000      7.514      3.969        82158 
    36.036      8.053      3.993       116737 
    35.949      2.055      3.984       823544 
    52.844      8.604      1.926       163715 
    52.781      8.617      2.056       172015 
    52.865      2.314      1.926       649058 
    52.714      3.984      2.059       205248 
    52.852      3.978      1.929       305153 
    36.585      1.939      2.353       425352 
    36.690      2.077      2.352      1143527 
    36.639      3.962      2.276       329825 
    42.374      7.509      3.608       257211 
    42.423      2.234      3.605       242606 
    42.367      1.944      3.604       468257 
    42.382      1.153      3.607      1155017 
    42.441      7.774      3.610       169929 
    31.521      8.515      2.243        76714 
    31.523      7.514      2.239       432651 
    31.574      3.608      2.240       148204 
    31.523      7.793      2.242       218685 
    31.560      1.146      2.240       830584 
    45.457      7.484      1.120       521601 
    45.400      3.606      1.128       267782 
    45.416      7.788      1.118       107349 
    45.623      1.725      1.121       126175 
    45.458      2.240      1.121       668763 
    47.383      8.534      1.180        54665 
    47.433      4.347      1.168        69454 
    47.514      1.936      1.173        99151 
    47.429      7.513      1.178       604610 
    47.458      3.609      1.179       765074 
    47.430      2.245      1.178       838084 
    47.380      7.791      1.173        90690 
    35.358      7.796      3.447       159660 
    35.388      1.204      3.449       171095 
    35.386     -0.919      3.445       195708 
    35.296      1.718      3.447       320707 
    35.382      7.322      3.445       119202 
    35.362      0.827      3.442       310354 
    35.311      6.473      3.450       119187 
    53.640      3.909      1.214        60654 
    53.734      7.787      1.220       159057 
    53.596      3.429      0.827       185978 
    53.709      3.443      1.212       103858 
    53.655      1.208      0.832       971638 
    53.703     -0.913      0.830       285163 
    53.729     -0.900      1.218       135225 
    53.704      8.052      1.216       107553 
    53.668      0.827      1.214       995528 
    43.217      1.234      1.829       114320 
    43.202      1.822      2.164      1452293 
    43.203      2.161      1.825      1384145 
    43.259     -0.913      1.817       158966 
    43.165     -0.918      2.156       184983 
    43.258      0.833      1.822       292992 
    43.162      0.828      2.165       261048 
    49.840      7.810      0.834       112845 
    49.766      3.478     -0.906       102323 
    49.773      1.216      0.830       298400 
    49.626      1.215     -0.926        93867 
    49.727      1.799     -0.907       104754 
    49.846      2.172     -0.897        78162 
    49.732     -0.915      0.828       602694 
    49.740     -0.914     -0.910      1390170 
    49.371      6.961      0.776       109979 
    49.742      0.825     -0.910       785919 
    34.601      8.057      3.856       324465 
    34.613      2.428      3.843       173450 
    34.631      2.035      3.854       790437 
    34.725      8.239      3.854       149359 
    34.631      1.972      3.853       601269 
    34.652      1.055      3.855       136287 
    34.710      7.894      3.844       101100 
    52.221      3.985      2.039       171556 
    52.270      8.053      2.046       426295 
    52.221      3.852      2.039       358948 
    52.241      7.755      2.055       223003 
    33.990      8.050      2.366       116491 
    33.961      8.051      2.463       156583 
    33.898      2.073      2.448       909250 
    35.190      7.752      3.968       352847 
    35.156      1.713      3.965       344438 
    35.212      3.185      3.964       184758 
    35.190      7.908      3.964        57434 
    35.264      8.230      3.970        60524 
    35.146      1.930      3.963      1217048 
    54.054      7.752      1.939       556386 
    54.060      3.967      1.937       498046 
    53.996      8.498      1.936       301855 
    53.975      3.611      1.944       307830 
    54.070      3.215      1.943       496165 
    43.300      1.706      3.183      1189564 
    43.461      1.929      3.219      1331802 
    51.473      3.965      1.582       106936 
    51.506      3.970      1.724       142535 
    51.518      1.928      1.593       845748 
    51.494      3.211      1.591       467079 
    51.515      3.211      1.715       551498 
    31.297      8.501      4.042       340060 
    31.263      1.719      4.043       923369 
    31.259      2.346      4.042       272220 
    31.272      0.794      4.039       256782 
    31.187      8.230      4.027       190180 
    31.192      2.075      4.044       172606 
    43.660      3.436      1.726       242329 
    43.675      8.498      1.722       598174 
    43.674      4.043      1.723       632855 
    43.678      8.233      1.724       345451 
    43.642      0.771      1.720       487296 
    43.692      0.983      1.721       750656 
    43.709      7.312      1.717       290417 
    43.679      6.469      1.721       386437 
    43.676      1.204      1.725       378039 
    43.078      8.234      3.355       279845 
    43.078      1.976      3.358       268653 
    43.071      0.625      3.356       667891 
    43.043      7.789      3.361       116349 
    43.076      2.399      3.357       280061 
    43.078      0.893      3.356       236409 
    43.075      1.067      3.356      1054410 
    31.601      8.233      1.975       484426 
    31.642      3.358      1.978       181565 
    31.596      0.622      1.974       581879 
    31.581      1.064      1.976       498060 
    31.568      7.908      1.974       207128 
    31.602      3.851      1.970       186420 
    45.366      8.249      0.630       130664 
    45.312      3.349      0.622       444561 
    45.319      1.971      0.622       874948 
    45.310      0.621      0.622     27136856 
    45.309      1.069      0.622      1633680 
    45.386      7.914      0.620       110273 
    45.332      3.845      0.624       150634 
    45.312      0.770      0.618       981161 
    45.347      1.871      0.625       238031 
    45.307      3.684      0.623       280019 
    45.345      3.228      0.621       210618 
    45.320      3.514      0.629       275900 
    47.707      8.230      1.069       622683 
    47.734      1.972      1.070       771690 
    47.696      0.626      1.072      1875760 
    47.755      3.226      1.066       199762 
    47.725      3.547      1.071       396742 
    47.701      3.352      1.072       880188 
    35.715      7.902      3.841       265553 
    35.652      1.720      3.840       233091 
    35.608      3.166      3.844       137592 
    35.672      0.768      3.840       293782 
    35.688      1.881      3.839       891394 
    35.644      1.542      3.838       269060 
    35.665      8.250      3.841       166985 
    53.180      3.962      1.873       126248 
    53.225      7.903      1.885       310829 
    53.178      7.895      1.935       266532 
    53.258      3.837      1.886       225111 
    53.236      1.582      1.933       253830 
    53.218      3.187      1.880       129078 
    53.259      3.173      1.930       155649 
    53.245      8.207      1.881       139852 
    53.183      8.226      1.934       169888 
    53.235      3.829      1.929       217220 
    43.300      1.551      3.189       835497 
    51.142      3.180      1.549       332116 
    51.142      3.181      1.702       401646 
    51.039      3.843      1.717       202425 
    35.411      8.207      4.087       308378 
    35.399      2.487      4.088       499010 
    35.380      2.809      4.087       230962 
    35.468      7.753      4.076       107564 
    35.323      8.699      4.095        70885 
    35.430      2.346      4.092       458965 
    35.384      2.081      4.089       855850 
    33.659      4.055      2.091       331615 
    33.594      8.227      2.096       109782 
    33.662      8.226      2.344       240664 
    33.770      4.114      2.084       393767 
    33.659      2.347      2.093      1367458 
    33.630      7.780      2.351       116231 
    33.751      0.662      2.097       167948 
    33.675      0.654      2.337        68622 
    33.588      0.840      2.082       117243 
    33.632      0.837      2.345       138734 
    33.631      4.057      2.339       177433 
    33.680      2.099      2.374      1465222 
    40.749      4.064      2.047       192680 
    40.752      2.490      2.051       358663 
    40.670      2.795      2.056       129906 
    40.733      0.682      2.051       385441 
    40.729      0.813      2.051       595729 
    40.710      1.630      2.052       412858 
    40.728      2.048      2.050     67507912 
    32.355      8.228      2.818       249559 
    32.275      4.088      2.494       245674 
    32.421      4.093      2.819       137874 
    32.315      2.366      2.494       596913 
    32.472      2.351      2.818       208094 
    32.290      2.493      2.493      5723537 
    32.334      2.491      2.814      1469922 
    32.327      2.811      2.494      1555889 
    32.458      2.081      2.503       242394 
    42.041      2.400      3.387       218212 
    42.012      7.600      3.390        65101 
    42.114      1.114      3.389       483684 
    42.077      0.664      3.388       291359 
    42.121      7.786      3.392       240454 
    42.088      0.887      3.392       669174 
    31.570      7.785      2.402       432340 
    31.571      8.291      2.406       306263 
    31.607      1.069      2.406       163119 
    31.628      3.361      2.404       209535 
    31.555      0.875      2.402       617223 
    44.990      3.389      0.838       431805 
    44.982      2.389      0.838       967713 
    44.936      8.281      0.836       122552 
    45.053      4.054      0.831       116166 
    45.018      1.851      0.839       284776 
    44.905      2.230      0.839        97845 
    44.924      7.981      0.835        57783 
    45.004      2.074      0.837       120715 
    44.936      4.417      0.843        62542 
    44.959      7.787      0.840       128143 
    45.017      1.082      0.837      1009950 
    47.960      7.785      0.919       507557 
    47.938      2.396      0.920       734257 
    47.973      8.312      0.927       103636 
    47.954      3.161      0.922       203506 
    47.883      1.839      0.935       106448 
    47.981      1.531      0.918       208183 
    47.952      0.670      0.920      1411265 
    48.000      1.345      0.922       170984 
    47.934      3.383      0.921       596124 
    33.901      8.280      4.067       281800 
    33.855      1.543      4.065       468438 
    33.874      0.854      4.065      1035154 
    33.998      7.776      4.067        95869 
    33.912      6.925      4.061        55392 
    33.908      2.382      4.059       148903 
    33.837      2.575      4.063       120448 
    33.875      1.859      4.062       462486 
    33.921      8.691      4.071        63502 
    40.838      3.842      1.853       194114 
    40.776      8.302      1.547       156884 
    40.786      8.287      1.859       306439 
    40.829      4.069      1.547       247157 
    40.839      4.068      1.863       158580 
    40.815      1.543      1.861      1763737 
    40.810      0.782      1.545       416127 
    40.806      0.781      1.861       282778 
    40.966      8.720      1.878       106143 
    40.936      8.696      1.859       146196 
    40.905      2.110      1.852      1974908 
    40.815      1.856      1.548      1988944 
    49.242      7.911      0.773        58818 
    49.355      3.841      0.773       165681 
    49.459      1.540      0.775       313476 
    49.705      1.864      0.777       398256 
    45.831      8.284      0.864       139962 
    45.929      4.066      0.863       826607 
    45.967      1.550      0.862       360800 
    45.884      6.942      0.862       123599 
    45.847      2.346      0.866       107057 
    45.890      7.961      0.856       206225 
    45.935      7.195      0.862        80515 
    45.906      1.865      0.865       923463 
    50.696      0.625      1.865       130541 
    50.841      8.287      1.871       436528 
    51.157      0.787      1.867       201696 
    50.847      0.866      1.870       369058 
    33.895      2.355      4.233       402559 
    33.928      2.494      4.232       213999 
    33.924      2.083      4.233       891954 
    33.918      8.694      4.230       294284 
    53.772      2.485      2.081       481559 
    53.780      8.712      2.081       505433 
    53.781      4.244      2.077       623182 
    36.915      8.724      2.340       115046 
    36.747      8.691      2.354       119167 
    36.768      8.696      2.493       163954 
    36.778      4.219      2.355       202369 
    36.763      2.353      2.497      3630424 
    36.777      2.488      2.356      3424810 
    36.769      2.493      2.498      6880613 
    36.767      2.086      2.497       701678 
    40.588      7.593      3.935       258255 
    40.443      7.579      4.112       124227 
    40.607      7.784      3.918       152140 
    40.543      6.753      4.110       185815 
    40.499      1.110      3.934       189874 
    40.561      1.108      4.109       194729 
    40.489      0.666      3.935        95683 
    52.197      0.838      2.135        65370 
    52.063      0.834      2.201        86082 
    52.140      7.775      2.153       173951 
    52.171      7.778      2.197       196917 
    52.099      1.103      2.155       112275 
    52.175      2.572      2.132       384245 
    52.119      2.358      2.200      2669522 
    52.138      2.602      2.202       320194 
    32.617      7.782      2.573       257573 
    32.687      2.196      2.379       756069 
    32.657      2.185      2.572       608236 
    32.654      7.465      2.574       171174 
    32.619      2.372      2.572      1935034 
    32.608      2.570      2.376      2164325 
    45.872      8.687      3.862       468630 
    45.895      8.684      4.103       318891 
    45.871      3.856      4.102      2413832 
    45.873      4.104      3.858      2355089 
    32.041      8.103      4.211       161734 
    32.101      2.152      4.209       346300 
    32.084      1.904      4.207       744613 
    53.695      8.102      1.906       263429 
    53.808      4.220      1.933       348117 
    36.227      8.101      2.128       154680 
    36.049      4.205      2.124       188096 
    36.163      4.217      2.211       295707 
    42.097      7.686      2.985       164097 
    42.071      2.997      3.124      2838906 
    42.187      7.202      2.984       269555 
    42.160      7.194      3.107       294122 
    41.999      8.842      2.997        67451 
    42.043      8.853      3.106        82246 
    42.235      7.559      3.106       144089 
    31.471      8.870      4.513       211965 
    31.398      2.742      4.517       799624 
    41.310      8.862      2.749       270907 
    41.273      4.518      2.743       339153 
    41.830      4.174      4.307      1042783 
    41.840      4.301      4.175       992223 
    36.227      2.086      3.933       275532 
    36.121      7.427      3.946       107893 
    36.255      4.408      3.936       169056 
    36.264      2.284      3.931       442803 
    53.942      3.934      2.229       243842 
    35.536      0.857      2.360       119127 
    35.576      3.939      2.342       191103 
    35.579      7.962      2.064       140715 
    35.569      7.969      2.344       276149 
    35.549      2.088      2.353      1600461 
    35.550      2.234      2.074       616503 
    35.559      0.944      2.081       233325 
    35.550      0.928      2.357       101843 
    35.572      2.344      2.078      1673948 
    35.359      3.479      4.703       169878 
    35.332      7.421      4.696       200628 
    35.382      1.976      4.697       258814 
    35.347      0.949      4.700       155934 
    53.889      3.088      3.507       755271 
    53.884      3.492      3.099       768944 
    53.874      7.118      3.095        97081 
    31.358      8.351      3.778       121167 
    31.199      1.584      3.782       742911 
    31.199      1.584      3.782       742911 
    31.250      8.102      3.774        71269 
    31.215      2.470      3.780       164206 
    42.411      2.970      1.605       137769 
    42.316      3.103      1.583       249980 
    42.347      7.200      1.588       140565 
    42.410      8.839      1.587        31354 
    42.299      7.553      1.587       331316 
    42.338      8.360      1.588       388678 
    42.322      3.768      1.581       552429 
    42.348      7.425      1.588       159872 
    42.235      7.425      2.629       111401 
    42.241      1.105      2.622       453809 
    42.294      7.190      2.628       118936 
    42.244      3.745      2.626       161966 
    42.301      7.663      2.624        67696 
    43.801      0.830      4.414       138735 
    43.764      4.118      4.410        82193 
    43.748      3.928      4.410       161398 
    43.763      7.423      4.416       171475 
    43.668      1.108      4.411       330011 
    43.666      8.478      4.415       205435 
    46.188      3.392      1.109       377323 
    46.209      3.929      1.109       188511 
    46.123      7.788      1.108       142551 
    46.197      2.168      1.106       199361 
    46.204      6.742      1.103        92749 
    46.131      2.619      1.109       348557 
    46.167      4.413      1.103       249998 
    46.168      0.663      1.107       354142 
    46.106      0.854      1.111       683183 
    46.240      7.199      1.115       104696 
    41.771      8.477      3.183        99814 
    41.928      1.852      3.170       254994 
    41.886      1.528      3.169       175663 
    41.800      8.195      3.173        74591 
    41.939      0.931      3.165       430952 
    41.920      0.681      3.167       904551 
    37.418      8.382      1.947        99209 
    37.552      8.491      1.966       212445 
    37.565      0.952      1.967       215645 
    37.625      0.687      1.971       348734 
    37.907      7.414      0.941       167252 
    37.993      8.435      0.942        83055 
    37.861      3.128      0.935       100409 
    37.856      1.846      0.935       529852 
    37.920      3.881      0.943       302108 
    37.920      1.641      0.944        71199 
    37.920      1.730      0.941       111023 
    37.910      1.973      0.942       486140 
    37.894      0.941      0.943     15219778 
    37.939      2.318      0.943       254656 
    37.894      0.700      0.944      1165695 
    31.752      8.509      1.846       125618 
    31.765      3.166      0.716       146827 
    31.739      0.935      0.710       354693 
    31.770      0.916      1.838       350262 
    31.749      1.842      0.711       674769 
    31.742      1.295      1.813       146875 
    31.741      0.708      0.713      1264335 
    31.763      0.708      1.842       849410 
    42.480      3.164      0.688       238981 
    42.478      0.942      0.699       818044 
    42.475      8.070      0.693        63130 
    42.327      1.154      0.689       127392 
    42.445      3.669      0.692       328398 
    42.444      1.633      0.690       577926 
    42.496      1.318      0.694       196017 
    42.482      8.425      0.690       119191 
    42.439      1.970      0.690       541594 
    42.419      1.796      0.686       296346 
    39.738      8.064      3.611       112511 
    39.762      3.605      3.605      3399610 
    39.798      2.346      3.598       196198 
    39.890      3.875      3.616       710541 
    39.905      1.166      3.598        98800 
    39.748      1.640      3.609       282650 
    39.718      1.802      3.604       198530 
    50.521      3.787      2.473       172044 
    50.513      8.070      2.489       114913 
    50.477      3.612      2.340       233327 
    50.462      2.339      2.481      1001873 
    50.458      2.478      2.335      1093836 
    50.436      2.478      2.481      1233537 
    36.139      7.144      4.256       190339 
    36.152      3.752      4.260       851656 
    39.713      6.766      3.756       103983 
    39.674      2.619      3.753       182992 
    39.627      7.148      3.749       470253 
    39.643      4.258      3.749       579737 
    39.645      7.654      3.749       145363 
    37.703      1.537      3.854       367754 
    37.714      0.656      3.856       392568 
    37.733      1.213      3.859       178612 
    37.733      1.430      3.856       285711 
    37.719      0.824      3.856       476419 
    37.813      2.068      3.857       108044 
    37.678      7.657      3.853       224168 
    37.689      7.646      1.531       312079 
    37.694      3.852      1.531       254943 
    37.726      0.660      1.532       300232 
    37.691      1.213      1.537       205951 
    37.704      0.849      1.532       350789 
    35.719      4.084      0.663        98614 
    35.675      3.385      0.657       286721 
    35.722      1.136      0.658       384756 
    35.640      7.659      0.659        62887 
    35.654      3.858      0.657       415703 
    35.671      0.659      0.659     31005062 
    35.687      1.224      0.658       399154 
    35.677      1.441      0.660       392849 
    35.667      0.799      0.658      1034945 
    35.723      2.080      0.658       374270 
    52.573      3.846      1.230       116886 
    52.604      3.848      1.433       169888 
    52.503      0.666      1.217       281383 
    52.485      0.649      1.431       207636 
    52.527      1.432      1.218      1633178 
    52.525      3.393      1.223        84381 
    52.549      3.388      1.432        88003 
    52.551      7.656      1.228       125072 
    52.564      7.687      1.473        82376 
    52.526      1.217      1.431      1626716 
    52.552      0.842      1.220       273261 
    52.507      0.835      1.432       208536 
    52.602      2.029      1.437        79904 
    42.304      4.040      0.830       103991 
    42.344      1.529      0.836       735233 
    42.329      2.064      0.836       392324 
    42.336      3.854      0.832       490308 
    42.352      0.684      0.832      1800757 
    42.383      1.215      0.833       494832 
    42.327      2.343      0.835       277428 
    42.346      1.727      0.832       381644 
    33.280      8.199      3.847       182515 
    33.351      7.542      3.856        84303 
    33.377      2.351      3.854       148367 
    33.352      1.753      3.859       197241 
    33.336      0.661      3.856       429544 
    33.331      1.170      3.856       854233 
    38.871      0.819      1.168       286736 
    38.888      8.201      1.165       558534 
    38.874      3.852      1.168       929301 
    38.872      1.166      1.168     24959016 
    38.865      3.408      1.168       786084 
    38.869      3.668      1.170       714129 
    38.920      1.654      1.169       240629 
    38.873      0.669      1.168       748203 
    41.561      1.771      4.471       341076 
    41.558      2.336      4.470       889306 
    41.618      3.414      4.468       138256 
    41.513      1.976      4.469       332459 
    41.576      7.686      4.481       101628 
    41.547      8.423      4.472       117541 
    41.622      7.391      4.467        39043 
    54.901      4.471      2.338            0 
    30.993      4.468      2.337       395610 
    54.901      1.779      2.339            0 
    30.993      1.778      2.339      1879958 
    30.993      2.338      1.781      1938214 
    30.993      3.393      1.783       178947 
    54.901      3.400      2.336            0 
    30.993      3.417      2.334       163237 
    54.901      1.973      2.341            0 
    30.993      1.971      2.341       653763 
    50.622      8.198      3.367       117526 
    50.600      8.227      3.420       116702 
    50.700      1.156      3.377       382085 
    50.649      1.166      3.411       483432 
    50.640      1.817      3.363       125540 
    50.604      1.803      3.406       135396 
    50.647      3.400      3.413      5860321 
    50.700      1.962      3.377       369934 
    50.648      1.975      3.410       682656 
    50.657      7.680      3.372       120863 
    50.576      3.840      3.404       115256 
    52.039      1.798      1.979      1287338 
    52.072      3.398      1.975       694391 
    52.219      7.673      1.982        81771 
    34.025      7.671      4.152       236347 
    33.634      2.029      4.113       330861 
    34.031      1.492      4.153       406376 
    33.636      0.903      4.133       137394 
    33.980      1.946      4.157      1244742 
    33.992      1.623      4.156       338728 
    32.061      3.851      2.076        60207 
    31.926      7.658      2.083       224716 
    31.925      1.594      2.083       258715 
    53.462      1.503      1.633       814290 
    53.412      2.999      1.629       272191 
    42.091      1.490      3.005       214986 
    49.351      1.943      1.484       208257 
    49.299      1.947      1.587       225031 
    49.369      2.063      1.486       162543 
    49.413      2.070      1.586       174710 
    49.338      1.559      1.481      2473231 
    35.614      7.554      4.121       172287 
    35.600      0.772      4.124       780178 
    35.578      1.748      4.125       193597 
    35.587      0.876      4.117       446614 
    35.777      7.377      4.106        35931 
    37.274      3.848      2.349        88163 
    37.281      7.548      2.355       302467 
    37.082      4.142      2.350        79357 
    37.276      1.204      2.352       398216 
    37.317      1.741      2.358       287081 
    37.271      0.879      2.353       548034 
    37.167      8.456      2.365       133060 
    37.328      7.367      2.345       124542 
    33.349      2.067      0.769       244483 
    33.336      4.109      0.763       692943 
    33.332      2.347      0.767       132226 
    33.339      0.761      0.763     30047264 
    33.334      1.200      0.762       532493 
    33.240      8.553      0.773        85691 
    33.343      1.725      0.763      1092862 
    51.016      7.533      1.220       112987 
    50.922      7.555      1.741       184889 
    50.961      2.348      1.213       310828 
    51.008      2.348      1.744       318077 
    50.972      0.785      1.208       472799 
    50.963      1.736      1.209      1584592 
    50.983      1.208      1.741      1604960 
    50.982      4.125      1.223        89367 
    50.983      0.815      1.741       453157 
    41.519      8.448      0.887       138005 
    41.631      2.349      0.882       780301 
    41.569      7.352      0.882       181411 
    41.647      6.473      0.883       292688 
    41.630      1.726      0.882       640126 
    41.567      4.119      0.883       427294 
    44.826      8.447      4.541       271966 
    44.797      8.427      3.781       461439 
    44.784      4.537      3.783      1039574 
    44.790      3.782      4.542      1782060 
    44.767      7.377      3.783       123653 
    53.348      7.379      5.210       135481 
    53.355      5.209      5.210      3163652 
    53.360      1.821      5.213       370180 
    53.385      2.837      5.214       399258 
    53.363      8.566      5.212       315596 
    31.726      7.391      1.828        98667 
    31.680      5.210      1.823       272873 
    31.731      5.211      2.840       248617 
    31.724      1.816      2.837      1166764 
    31.740      2.839      1.822      1063488 
    31.774      8.562      2.847       187639 
    31.809      3.794      2.828       135160 
    31.777      0.541      2.848       159491 
    35.881      1.414      4.562       501240 
    35.868      3.640      4.560       594814 
    35.875      3.988      4.557       479173 
    36.023      1.842      4.575       206151 
    46.273      8.561      1.414       430392 
    46.361      4.556      1.420       201266 
    46.194      3.982      1.416       119007 
    41.226      1.169      3.682       516918 
    41.263      1.629      3.681       609018 
    41.229      1.758      3.679       310654 
    41.276      7.047      3.694        91414 
    41.229      0.833      3.679       107275 
    41.227      0.681      3.683       533140 
    32.411      1.641      1.759      1158236 
    32.396      1.756      1.643      1360581 
    32.395      2.192      1.635        82613 
    32.417      2.196      1.753       151158 
    32.386      3.638      1.648       317174 
    32.401      0.676      1.642       168997 
    32.414      0.685      1.761       119257 
    50.003      1.169      3.644       134559 
    49.950      1.167      3.969        96123 
    49.991      4.545      3.636       229912 
    50.006      4.561      3.985       174025 
    49.961      3.634      3.983      1342441 
    49.964      3.981      3.637      1335552 
    50.005      1.809      3.635       232961 
    49.957      1.810      3.981       193419 
    50.005      2.196      3.631       153893 
    49.913      2.206      3.990       209979 
    52.014      3.629      1.822       275527 
    52.005      3.623      2.202       175282 
    51.976      1.820      2.202      1319771 
    51.989      2.201      1.817       914895 
    37.343      8.908      3.990       210697 
    37.276      1.926      3.982       335860 
    37.232      2.121      3.983       210909 
    37.304      2.291      3.985       405232 
    37.253      2.579      3.982       108391 
    37.298      8.428      3.982        80237 
    52.291      8.909      2.113       127561 
    52.132      8.911      2.132       105071 
    52.315      3.983      1.926       189683 
    52.235      3.986      2.120       183409 
    52.226      2.247      1.922       360427 
    52.283      2.576      1.917       334600 
    52.239      7.655      2.133       110876 
    37.347      1.912      2.279       272444 
    37.428      1.925      2.587       328789 
    37.378      2.116      2.278       450727 
    37.431      2.123      2.585       398083 
    37.375      2.271      2.581      1629085 
    37.417      2.579      2.278      1776734 
    42.285      7.686      3.562       192657 
    42.298      0.534      3.560       456395 
    42.285      7.403      3.562        50691 
    42.315      2.484      3.557       171605 
    42.302      1.134      3.561       405850 
    44.020      2.837      3.798       148061 
    44.006      7.679      3.810       336620 
    44.021      3.557      3.801       231362 
    43.945      0.532      3.807       437429 
    43.939      7.052      3.810       204147 
    45.516      2.839      0.551       187816 
    45.433      3.564      0.542       239985 
    45.437      3.798      0.543       354081 
    45.477     10.097      0.550       174372 
    45.425      7.073      0.546       196968 
    32.704      0.522      3.173       114407 
    32.758      7.056      3.181       101042 
    32.724      0.839      3.169       333358 
    32.753      0.986      3.172       628355 
    32.761      3.556      3.160       114816 
    32.803      8.835      3.186        57378 
    40.394      3.666      0.828        77713 
    40.468      3.649      1.638       129036 
    40.452      3.810      0.826        64997 
    40.512      7.051      0.835       199806 
    40.412      7.058      1.624       208442 
    40.370      3.175      0.835       190278 
    40.521      3.179      1.635       120881 
    40.463      0.838      0.837      1288835 
    40.460      0.834      1.632       841764 
    40.453      1.631      0.836       928751 
    40.495      0.678      0.834       315753 
    40.457      0.678      1.629       443253 
    40.485      1.302      0.836       258317 
    40.457      1.335      1.644       161638 
    40.440      8.439      0.829        71825 
    40.448      8.432      1.624        67744 
    48.985      1.715      0.992       663150 
    48.928      3.348      0.992       139554 
    48.986      1.325      0.992       529844 
    48.939      3.535      0.989       210315 
    48.984      7.311      0.993       404274 
    49.119      6.452      0.993        92849 
    49.001      3.172      0.992       534348 
    48.977      0.665      0.992      1028797 
    50.605      8.218      0.683        81835 
    50.546      3.855      0.660       198350 
    50.569      1.164      0.664       285597 
    50.574      0.941      0.661       788731 
    50.515      3.165      0.665       244630 
    50.544      0.864      0.661       751234 
    50.469      1.629      0.663       198449 
    50.917      1.652      1.340       645804 
    50.917      0.985      1.340       166840 
    50.917      0.670      1.338       410197 
    36.290      0.941      3.872       483689 
    36.318      8.427      3.875       133871 
    36.261      1.975      3.877       284838 
    36.293      1.713      3.874       274910 
    36.263      8.808      3.872        61578 
    36.247      2.293      3.874       503716 
    36.263      1.076      3.881       179037 
    36.263      8.741      3.870        87595 
    54.456      0.942      1.968       136905 
    54.431      0.969      2.340       119560 
    54.469      3.975      2.343        72954 
    54.469      3.890      1.976       115068 
    54.498      3.863      2.344        90565 
    54.498      1.970      2.346       534181 
    54.446      2.335      1.970       638086 
    54.398      2.079      2.355       511607 
    44.146      1.981      3.134        78605 
    44.104      1.965      3.244       115878 
    44.222      2.308      3.117       116104 
    44.208      2.338      3.233        98637 
    44.110      1.698      3.114       196064 
    44.090      1.707      3.190       124187 
    44.145      7.436      3.112        75057 
    50.401      0.901      1.654       484441 
    50.171      3.882      1.647       114251 
    50.181      3.878      1.729       124451 
    50.289      2.332      1.653       110433 
    50.137      2.340      1.741       141451 
    50.351      3.145      1.703       124774 
    50.298      3.210      1.640       244627 
    50.231      3.214      1.732       287853 
    43.163      7.411      3.636       290541 
    43.167      2.490      3.636       203612 
    43.158      8.724      3.636        51777 
    43.158      1.950      3.632       119085 
    43.140      2.064      3.627       247252 
    43.158      1.823      3.634        82503 
    43.158      1.109      3.635      1146404 
    30.993      3.597      2.484       139767 
    54.806      7.417      2.487       293469 
    30.993      7.414      2.482       200590 
    54.825      3.611      2.482       230810 
    54.810      7.860      2.492       156455 
    30.993      7.857      2.490       100062 
    54.811      1.106      2.488       935737 
    45.314      3.626      1.095       527513 
    45.298      2.481      1.089       935614 
    45.347      6.953      1.085       230443 
    45.434      8.512      1.105       106383 
    46.812      7.421      1.127       522370 
    46.843      3.617      1.127       800607 
    46.814      2.484      1.130       886855 
    52.718      3.087      3.558      1034589 
    52.711      3.554      3.090      1096694 
    52.624      7.299      3.082       120063 
    52.583      7.284      3.536       127472 
    52.690      8.811      3.553       118733 
    52.734      1.061      3.089       337299 
    52.721      1.062      3.554       286795 
    42.875      0.614      3.687       409076 
    42.936      8.812      3.685       178774 
    42.867      2.289      3.688       232286 
    42.867      0.966      3.687       588044 
    42.863      7.990      3.690        89459 
    42.928      3.214      3.682       174774 
    42.867      3.518      3.683       383116 
    42.895      1.072      3.686      1094564 
    31.976      3.851      2.282       168629 
    32.014      8.811      2.286       396243 
    32.010      1.062      2.282       503021 
    32.031      0.966      2.283       605816 
    45.433      0.632      0.968       385549 
    45.530      8.009      0.969       107907 
    45.516      7.230      0.965       180583 
    45.437      3.862      0.978       118792 
    45.561      8.820      0.972       153850 
    45.545      3.682      0.962       392913 
    45.498      2.279      0.964       840522 
    45.447      2.584      0.967        88323 
    47.675      1.295      1.080       277798 
    47.670      8.815      1.083       549666 
    47.676      2.281      1.083       758089 
    47.747      1.710      1.072       207061 
    47.742      3.880      1.082       169741 
    47.711      3.087      1.071       480709 
    47.783      7.315      1.070       128498 
    47.692      3.681      1.077       759900 
    34.754      0.970      4.250        69533 
    34.865      8.737      4.254       250867 
    34.916      1.953      4.252       454373 
    34.932      3.218      4.251       241212 
    34.876      8.476      4.266        61978 
    34.904      2.290      4.260       302268 
    34.926      1.807      4.255       400495 
    34.916      2.064      4.256       305992 
    53.757      8.724      1.960       204136 
    53.932      3.234      2.063       135623 
    53.699      3.655      2.055        87009 
    51.533      8.733      1.785       137883 
    51.455      8.733      1.836       130115 
    51.488      4.249      1.797       140224 
    51.501      4.254      1.817       136312 
    51.491      3.215      1.783       361646 
    51.527      3.214      1.838       338887 
    34.665      8.550      4.043       331272 
    34.603      2.197      4.043       312711 
    34.632      2.364      4.046       467318 
    34.698      2.650      4.044       137969 
    34.632      1.817      4.045       126042 
    34.627      1.960      4.046       350039 
    34.655      8.287      4.029        81180 
    34.639      8.002      4.045       162323 
    52.174      1.101      2.195       117098 
    52.187      8.553      2.199       247525 
    52.209      8.548      2.371       323710 
    52.173      4.044      2.369       161664 
    52.142      2.197      2.367      1879112 
    52.142      2.364      2.367      3135081 
    52.188      2.638      2.362       216023 
    52.109      8.012      2.200       151529 
    52.062      4.022      2.198       379835 
    34.006      8.560      2.476       106867 
    33.967      8.545      2.640       151314 
    33.906      2.206      2.647       254509 
    33.983      7.740      2.475       161871 
    33.921      7.739      2.649       193455 
    33.924      2.469      2.645      3047977 
    33.926      2.639      2.472      2513430 
    33.926      2.645      2.647      7452638 
    35.674      8.009      4.410       304231 
    35.639      3.236      4.415       448698 
    35.721      3.517      4.415       235660 
    35.654      8.476      4.410        69125 
    35.652      8.337      4.423        67012 
    35.648      2.728      4.412       245652 
    54.529      0.614      3.225       167521 
    54.448      0.630      3.515       149661 
    54.495      1.068      3.244       101908 
    54.525      1.042      3.504        77916 
    54.390      3.698      3.216        87027 
    54.529      3.677      3.522       140031 
    54.508      8.007      3.232       227217 
    54.534      8.008      3.515       235361 
    54.481      4.428      3.235       160269 
    54.513      3.237      3.521       989183 
    54.527      3.518      3.237      1139548 
    54.475      8.462      3.516       133556 
    34.749      8.453      3.939       278811 
    34.711      2.041      3.937       444510 
    34.819      2.574      3.940       251447 
    34.741      8.005      3.935       191368 
    34.751      2.285      3.937       632331 
    53.770      8.446      2.289       152128 
    53.839      3.940      2.045       242494 
    53.881      3.935      2.304       212442 
    53.827      2.040      2.295      1672811 
    53.768      2.567      2.044       248877 
    53.786      2.575      2.304       352390 
    54.114      4.140      2.034       206311 
    53.814      2.289      2.044      3093445 
    53.819      8.450      2.042       152701 
    36.713      0.974      2.579       122681 
    36.730      8.450      2.586       249974 
    36.712      2.044      2.585       340123 
    36.671      2.578      2.273      2127373 
    36.704      2.275      2.581      2403022 
    36.625      8.440      2.266       122317 
    33.904      7.996      4.162       273394 
    33.900      8.292      4.163       168894 
    54.157      8.003      1.938       281296 
    54.139      4.163      1.973       344320 
    54.301      8.319      1.937       144241 
    43.350      1.656      3.209      2607083 
    51.042      4.165      1.652       186377 
    51.065      4.157      1.793       163452 
    51.083      3.217      1.795       352872 
    50.954      8.330      1.791       104218 
    50.996      8.013      1.676       187919 
    31.576      8.298      4.573       279826 
    31.713      2.735      4.567       644046 
    31.711      7.916      4.556       150124 
    40.929      4.407      2.731       163131 
    40.843      8.293      2.734       453818 
    40.958      4.575      2.739       352420 
    40.796      7.882      2.738       159854 
    38.113      7.899      4.324       150968 
    38.175      1.054      4.324       615273 
    38.126      8.093      4.323       130073 
    45.630      3.963      4.231       383210 
    45.764      1.064      4.243       622557 
    45.267      7.903      1.059       184804 
    45.247      4.322      1.056       396621 
    45.247      4.245      1.056       639830 
    45.314      4.225      1.091       255230 
    45.615      8.090      4.016       633734 
    45.565      8.277      4.015       155529 
    45.229      8.269      3.987       412163 
    45.229      8.351      3.957       518145 
    54.177      8.408      4.648       273370 
    54.224      2.686      4.647       363217 
    41.300      4.647      2.706        81219 
    41.300      8.394      2.706        83256 
    54.229      2.721      4.603       668963 
    54.188      8.461      4.595       173104 
    41.079      4.597      2.724       212280 
    45.712      8.498      3.944       421197 
    45.283      8.029      3.954       252909 
    31.189      1.602      4.455       424414 
    31.199      0.851      4.459       363754 
    31.199      1.665      4.455       292215 
    42.451      4.428      1.681       203481 
    42.356      0.890      1.688       285823 
    49.433      1.631      0.914       415776 
    47.303      4.461      0.842       226429 
    37.599      1.260      4.439       458582 
    37.631      8.379      4.445       201620 
    46.183      1.264      4.447       340922 
    46.187      8.345      4.452       166591 
    45.607      4.440      1.266       488931 
    39.843      1.221      4.123       267708 
    39.817      8.334      4.114       163071 
    33.710      8.097      4.114       141198 
    33.654      2.279      4.111       233962 
    33.506      8.302      4.136       159376 
    53.960      4.114      2.083       169491 
    54.029      2.241      1.947      1967833 
    36.544      4.119      2.294       219255 
    36.596      8.094      2.262       137682 
    33.665      8.284      4.124       239890 
    33.532      1.645      4.143       266016 
    33.542      1.848      4.138       409485 
    33.506      8.201      4.136        98869 
    54.281      8.286      1.873       186399 
    54.342      4.124      1.840       301777 
    51.406      4.171      1.624       120649 
    51.406      3.200      1.624       483578 
    51.406      3.185      1.691       265051 
    51.447      4.163      1.697       104993 
    32.883      8.235      4.192       171305 
    32.765      2.073      4.205       404820 
    52.779      8.212      2.088       135263 
    32.741      8.005      4.253       330875 
    54.556      4.251      1.802       180095 
    31.255      8.046      4.286       330777 
    31.112      1.592      4.314       434856 
    31.281      0.864      4.294       448255 
    42.240      4.292      1.684       244381 
    42.314      0.862      1.548       165123 
    42.218      4.298      1.572       340672 
    42.235      0.898      1.571       333456 
    42.320      8.018      1.686       179650 
    47.171      4.292      0.863       295269 
    32.103      8.045      4.295       150583 
    32.178      8.380      4.295       552252 
    54.524      8.354      4.564        93081 
    54.530      2.039      4.556       159219 
    54.562      2.291      4.555       130475 
    54.427      3.717      4.554       464891 
    54.429      3.777      4.551       468771 
    53.485      4.558      1.892       105550 
    53.554      4.555      2.039       144577 
    53.543      2.281      1.898       290268 
    39.242      2.302      4.403       320855 
    39.265      1.972      4.405       226309 
    31.983      1.937      2.297      2481505 
    50.579      4.553      3.687       322448 
    50.503      4.548      3.784       322771 
    50.650      2.291      3.690        84000 
    50.478      2.305      3.788       101210 
    50.530      2.026      3.687       441474 
    50.558      2.023      3.787       477445 
    51.293      2.279      2.003       608429 
    51.346      3.676      2.007       319189 
    51.346      3.785      2.008       260135 
    51.286      2.009      2.010     40909216 
    32.692      2.012      4.231       453022 
    32.720      2.253      4.235       223661 
    32.681      8.361      4.229       283881 
    36.206      4.199      2.278       182033 
    32.660      1.873      4.259       436338 
    54.557      4.255      1.879       308733 
    32.712      8.507      4.234       263918 
    54.888      4.274      1.607       178256 
    32.655      8.151      4.243       142806 
    54.114      8.092      2.032       139907 
    42.195      4.329      1.645       244274 
    42.216      0.905      1.634       170940 
    34.140      4.475      4.475     18281800 
    39.884      3.872      3.873     57064984 
    51.155      1.169      1.454      1779831 
    51.194      1.454      1.178      1528562 
    51.067      0.843      1.204       507307 
    41.453      1.861      0.888       339001 
    41.617      1.143      0.881       841263 
    32.507      1.578      4.193       147038 