   121.583      1.969      8.460      1383418 
   115.388      1.262      7.361      1341689 
   115.468      2.623      7.367       538288 
   119.264      2.687      8.015       725752 
   121.022      7.678      8.395       887001 
   121.070      8.046      8.394      1528780 
   108.625      7.599      8.363       635254 
   108.609      8.741      8.365       578795 
   124.576      8.038      8.330       902175 
   119.230      4.408      8.102       521881 
   119.165      8.527      8.083       735558 
   120.789      2.100      8.063       374533 
   121.300      7.669      8.019       646817 
   120.932      4.799      8.580      2667878 
   122.081      1.774      8.342      1681536 
   120.091      4.797      8.526      9223131 
   120.902      2.924      8.407      2082594 
   121.865      1.763      8.260       572673 
   125.894      4.795      8.112      4812575 
   115.719      7.751      8.069      -485675 
   120.628      1.254      7.047       819535 
   113.621      8.260      7.163       405019 
   113.775      1.675      7.171       363007 
   120.509      7.433      7.736       598129 
   119.300      6.922      8.003       715460 
   117.396      0.834      8.209       572256 
   121.355      0.848      8.812       547053 
   119.175      6.871      8.006       673536 
   122.344      0.769      8.491       515011 
   111.545      1.277      8.560       681479 
   113.341      0.945      7.214       625602 
   121.091      2.713      8.402      4489160 
   121.744      1.817      7.990      1029966 
   121.210      0.886      8.039       652610 
   120.010      1.863      8.514       445955 
   111.535      3.643      8.559       425558 
   116.041      7.745      8.691       328091 
   124.133      1.869      8.489      2888100 
   119.897      4.329      8.542       467966 
   119.897      4.765      8.542      1925777 
   119.897      2.868      8.544       456256 
   113.093      2.783      7.637       780289 
   113.142      7.643      6.956     21592496 
   113.126      6.946      7.639     29869776 
   114.903      4.260      8.133       746418 
   114.864      8.138      8.137     10634744 
   123.551      1.608      8.163      1995066 
   123.582      4.282      8.165      3460059 
   121.550      4.270      8.462      2589962 
   121.583      1.777      8.461       423563 
   121.583      1.860      8.461       577729 
   121.443      2.772      8.518       815876 
   121.487      7.503      8.516       765168 
   121.513      4.617      8.517      1943125 
   121.450      4.033      8.518      3564992 
   121.496      4.385      8.517      1432358 
   121.547      2.251      8.516      1720942 
   121.443      1.158      8.515      1598161 
   116.674      4.396      8.610      1424845 
   116.660      2.043      8.606      3097249 
   116.638      7.514      8.607      2767515 
   116.739      3.922      8.605      2374034 
   116.640      1.911      8.608      3576413 
   116.664      2.302      8.607      1702411 
   116.624      3.990      8.602      2929255 
   122.664      8.601      7.514      2624822 
   122.718      3.972      7.508       948979 
   122.700      1.922      7.507      1188049 
   122.659      2.054      7.515      1721679 
   122.675      7.514      7.513     53716088 
   122.695      3.605      7.513      2581128 
   122.698      2.242      7.514      6325394 
   122.688      1.169      7.512      4305480 
   122.684      7.786      7.514      3798596 
   122.644      8.057      7.506       469505 
   118.671      3.925      7.783       935801 
   118.751      7.513      7.791      3973634 
   118.719      3.614      7.796       681508 
   118.850      2.234      7.798      2239329 
   118.702      1.118      7.792       972599 
   118.759      7.789      7.793     44072380 
   118.783      3.429      7.791      1953186 
   118.786      1.188      7.793      3637892 
   118.840      1.844      7.790       428803 
   118.840      1.844      7.790       428803 
   118.802     10.505      7.794      1252219 
   118.749      8.055      7.792      2354814 
   118.805      2.043      7.795       757375 
   118.757      0.820      7.796      4587819 
   117.689      1.815      6.504       945868 
   117.696      2.171      6.508       437345 
   117.618      6.501      6.505     12124292 
   117.467      0.800      6.502       719674 
   116.155      3.979      8.054      1051685 
   116.224      3.436      8.048       534056 
   116.165      0.822      8.051      1651361 
   116.210      1.192      8.054      1957596 
   116.155      3.860      8.053      3462316 
   116.134      2.353      8.052      1610924 
   116.161      2.048      8.052      7544830 
   116.210      8.505      8.055      1010599 
   116.124      8.052      8.053     75207312 
   116.158      7.768      8.053      5799530 
   111.378      7.399      6.842     20123092 
   111.373      6.844      7.402     24470580 
   111.442      2.315      6.839       641436 
   111.301      2.452      7.402       488027 
   111.482      2.448      6.849       511967 
   111.360      2.072      7.401       400574 
   120.437      3.604      7.753      1160048 
   120.431      8.056      7.754      3324383 
   120.416      3.870      7.751      1112053 
   120.398      2.342      7.753       719064 
   120.398      2.448      7.753       785383 
   120.398      2.053      7.757      5367074 
   120.391      7.752      7.753     68780240 
   120.412      1.733      7.752      2187430 
   120.425      1.948      7.752      9777824 
   120.469      3.201      7.756       647673 
   120.416      8.497      7.752      4424679 
   120.420      3.962      7.751      3335287 
   122.331      3.579      8.492       644244 
   122.340      1.137      8.492       688249 
   122.331      3.440      8.495       843900 
   122.362      8.066      8.498       757391 
   122.362      7.752      8.495      4328462 
   122.331      3.965      8.494      1193725 
   122.404      1.943      8.495      4118159 
   122.381      3.240      8.477       537203 
   122.359      4.035      8.493      3181050 
   122.380      1.720      8.494      7904944 
   122.391      8.225      8.492      3189041 
   122.469      0.673      8.483       571370 
   122.419      1.023      8.493       540068 
   116.467      3.849      8.228      1052634 
   116.524      8.495      8.226      3202138 
   116.564      4.043      8.233       692395 
   116.507      1.721      8.230      3118394 
   116.544      8.227      8.228     61409860 
   116.527      3.362      8.230      2262773 
   116.530      1.970      8.231      5728586 
   116.492      0.628      8.231      1122755 
   116.550      1.063      8.227      5052406 
   116.549      7.904      8.227      3083864 
   118.899      3.973      7.893      1161093 
   118.918      3.357      7.891       587647 
   118.962      1.975      7.898      4765927 
   119.030      0.608      7.894      1015253 
   119.031      1.046      7.898       937268 
   118.980      1.921      7.899      7378386 
   118.962      1.549      7.898       659743 
   118.968      1.733      7.900      2027371 
   118.950      0.768      7.905       422359 
   119.000      8.222      7.899      5434071 
   118.982      3.836      7.896      3092712 
   117.335      3.959      8.210       469859 
   117.327      7.901      8.207      3237238 
   117.252      3.846      8.206       882039 
   117.259      1.894      8.209      2301574 
   117.259      1.942      8.210      2029271 
   117.203      1.725      8.213       643663 
   117.319      8.207      8.207     51360344 
   117.329      2.083      8.207      2319704 
   117.285      2.345      8.212      4141226 
   117.335      2.480      8.212      1531107 
   117.315      2.807      8.212      3694813 
   117.286      7.793      8.213      2976152 
   117.396      0.920      8.210       592308 
   117.307      4.074      8.211      3436988 
   119.925      8.214      7.786      4301080 
   119.962      0.914      7.784      5628148 
   119.925      8.287      7.786      3933376 
   119.936      0.674      7.779       960409 
   119.917      4.082      7.778      2232214 
   119.967      2.382      7.781      7682465 
   119.944      3.374      7.780      3223036 
   118.455      3.838      8.286      1412058 
   118.453      7.783      8.285      3262955 
   118.431      2.398      8.284      4036353 
   118.427      8.281      8.284     50635256 
   118.453      4.056      8.283      2178694 
   118.431      1.550      8.290      1645184 
   118.435      8.694      8.285      2085612 
   118.445      3.374      8.284       858827 
   118.470      0.850      8.283      2583150 
   118.422      1.865      8.284      9781772 
   115.961      8.281      8.691      2609781 
   115.913      1.542      8.690      1115649 
   115.936      1.864      8.691      2389820 
   115.970      8.689      8.691     50358772 
   116.002      4.238      8.696      2257988 
   115.961      2.350      8.689       830636 
   115.957      2.492      8.690      1996599 
   115.967      2.086      8.693      4836982 
   115.960      7.588      8.694      2517386 
   115.958      4.077      8.692      1714729 
   113.135      3.355      7.584       594212 
   113.040      4.233      7.587      1276400 
   113.015      2.353      7.587       695054 
   113.061      2.083      7.584      2124162 
   113.062      3.928      7.583      3288555 
   113.101      7.762      7.583      5980727 
   113.163      1.090      7.588       435428 
   113.190      0.692      7.584       582792 
   113.077      8.691      7.580      3950573 
   113.051      4.103      7.587      2436954 
   119.858      7.597      7.783      5096432 
   119.880      3.911      7.780       969862 
   119.880      2.188      7.778      4391538 
   119.915      7.438      7.771      1125901 
   119.890      2.565      7.776      3589177 
   119.901      1.100      7.778      2220991 
   119.892      4.799      7.778      5120176 
   119.925      8.680      7.774      2022250 
   110.281      4.058      7.445       518027 
   110.351      0.868      7.458       961947 
   110.349      0.839      6.932       834584 
   110.363      7.455      6.930     19648108 
   110.360      6.931      7.456     22541816 
   110.384      2.378      7.456       776539 
   110.363      2.560      7.454      1167930 
   108.493      7.753      8.684      1244973 
   108.465      4.801      8.683      4231015 
   108.435      2.182      8.687       894908 
   108.405      2.383      8.684       603524 
   108.536      2.570      8.686       760718 
   108.451      3.857      8.684      4762375 
   108.414      8.108      8.684      2136680 
   108.470      4.104      8.682      2731702 
   118.283      8.681      8.107      2507444 
   118.255      3.851      8.105      2049186 
   118.229      4.111      8.108      2517206 
   118.237      8.106      8.107     67683528 
   118.229      4.208      8.108      2326950 
   118.240      2.169      8.106      3294564 
   118.237      1.914      8.107      5202066 
   118.244      7.694      8.106      4338599 
   117.725      4.121      7.691       896450 
   117.807      4.790      7.694      1826398 
   117.753      8.107      7.694      3611833 
   117.815      4.202      7.698      1257326 
   117.765      1.923      7.695       897168 
   117.783      4.678      7.692      1722415 
   117.748      2.980      7.697      2985229 
   117.725      3.097      7.697      1397073 
   117.726      7.209      7.696      1229968 
   117.892      8.844      7.693       481402 
   117.495      7.702      8.855       611901 
   117.497      4.678      8.850      3143275 
   117.474      2.995      8.856      1512738 
   117.483      3.099      8.852      2982246 
   117.488      8.852      8.853     40282044 
   117.474      4.518      8.854      1802052 
   117.461      2.743      8.851      3636429 
   117.456      7.551      8.852      1879282 
   117.481      1.583      8.851       930566 
   108.972      2.995      7.546      1263740 
   108.919      3.096      7.551      2069333 
   109.084      7.169      7.557       583709 
   108.981      8.850      7.551      1560170 
   109.030      4.527      7.546      1348596 
   108.996      2.738      7.546      1066609 
   108.984      7.551      7.551     50774352 
   108.932      4.759      7.547      2598426 
   109.008      4.173      7.548      1265821 
   109.048      8.327      7.556       664961 
   108.995      1.584      7.550      3226148 
   113.255      0.874      7.971      1087213 
   113.208      7.973      7.220     12023652 
   113.200      7.215      7.971     13101216 
   113.069      2.078      7.971       805477 
   113.216      2.345      7.973      1863042 
   113.247      2.335      7.225      1086197 
   113.182      0.945      7.227       776561 
   113.182      0.840      7.226       533613 
   121.472      4.152      9.002       428191 
   121.408      4.307      9.006       740158 
   121.439      2.044      9.013       398617 
   121.452      2.237      9.008      1362178 
   121.399      3.085      9.009      1529218 
   121.405      3.506      9.008      2083699 
   121.462      8.350      9.009       858150 
   129.190      7.306     10.049      1828233 
   121.586      9.009      8.358      1604255 
   121.632      3.091      8.357      1384202 
   121.659      3.519      8.358       725876 
   121.631      3.780      8.351      1639309 
   121.638      1.586      8.356      4757022 
   121.659      7.431      8.356      2187566 
   121.824      1.931      8.393      1091530 
   115.734      2.995      7.432       571962 
   115.734      3.095      7.426       638045 
   115.709      4.138      7.427      3068296 
   115.763      3.940      7.426       819925 
   115.787      2.212      7.421       506252 
   115.747      8.370      7.425      1924114 
   115.722      3.789      7.426       882562 
   115.734      1.581      7.425      1689396 
   115.731      7.427      7.426     35937216 
   115.728      2.621      7.426      1498314 
   115.744      4.408      7.427      2689180 
   115.796      1.130      7.425       474427 
   115.755      8.479      7.425      2226821 
   124.204      7.430      8.483      1984200 
   124.166      3.165      8.491      1076308 
   124.147      1.971      8.484      3000350 
   124.215      0.937      8.484      1053137 
   124.198      8.059      8.482      1253283 
   124.215      0.871      8.483      1025567 
   124.201      0.701      8.487      1487092 
   124.153      4.402      8.489      2852383 
   115.911      1.633      8.066       857309 
   115.917      8.488      8.060      1770864 
   115.877      0.964      8.064      3212356 
   115.893      0.690      8.065      1063085 
   115.881      3.601      8.063      2002402 
   115.877      2.345      8.060      1726541 
   115.874      7.161      8.062      1975405 
   115.877      3.787      8.062      1776452 
   116.004      2.455      8.060      3008888 
   113.553      2.607      7.155       475539 
   113.635      8.060      7.152      1801558 
   113.716      2.342      7.155       523324 
   113.641      2.476      7.163       770685 
   113.653      7.154      7.154     45414140 
   113.661      4.256      7.154      1578511 
   113.644      3.745      7.154      5128860 
   113.652      7.648      7.153      3456413 
   113.646      1.536      7.148       478710 
   120.682      3.159      7.653       508696 
   120.738      7.157      7.652      3012682 
   120.663      4.233      7.650       372914 
   120.657      3.744      7.647      1937863 
   120.727      7.652      7.651     41173776 
   120.738      3.851      7.647      1548803 
   120.733      1.520      7.646      4792110 
   120.793      1.205      7.651      1275325 
   120.709      1.425      7.647      1708420 
   120.669      0.852      7.651       748807 
   120.729      8.202      7.647      2896956 
   120.716      0.666      7.654      1430096 
   122.381      3.155      8.190       399904 
   122.231      7.656      8.201      3663030 
   122.227      1.526      8.202      1641004 
   122.249      0.859      8.200       847126 
   122.243      1.164      8.200      4003730 
   122.249      3.387      8.201      2760873 
   122.290      1.980      8.204       393502 
   122.241      0.665      8.200      2046924 
   122.249      3.842      8.201      2524540 
   115.535      3.856      7.680       795121 
   115.501      8.209      7.673       353288 
   115.403      4.481      7.680       591785 
   115.522      2.341      7.676       682598 
   115.510      3.380      7.681      1723658 
   115.546      7.684      7.685     37071448 
   115.511      4.158      7.680      1501471 
   115.542      2.070      7.684      3039949 
   115.491      1.584      7.688      2589521 
   115.510      7.548      7.684      3605188 
   115.545      8.422      7.676       352048 
   117.481      4.482      7.551       950798 
   117.643      1.960      7.546       765030 
   117.553      2.071      7.544      1237609 
   117.495      1.604      7.542       950786 
   117.557      2.351      7.544      3676439 
   117.599      1.737      7.545      3471464 
   117.505      0.867      7.551      1353890 
   117.600      8.443      7.548      3788324 
   117.605      3.843      7.545       720883 
   117.592      4.126      7.549      2379821 
   117.577      1.204      7.541      1568478 
   105.165      4.464      8.440      1077300 
   105.219      7.694      8.436       669725 
   105.137      7.550      8.437      4351560 
   105.165      4.140      8.437       734770 
   105.151      2.360      8.436      1824621 
   105.196      1.755      8.433       639126 
   105.243      0.862      8.452       694919 
   105.156      8.437      8.438     28423320 
   105.176      4.520      8.439      2104066 
   105.187      3.781      8.436      3508523 
   105.176      7.354      8.438      3575357 
   115.422      4.437      7.366      1168433 
   115.491      4.099      7.368      1319341 
   115.447      2.342      7.363      2668483 
   115.491      0.751      7.366       627694 
   115.491      0.869      7.364      1593735 
   115.461      8.425      7.365      4619022 
   115.422      4.545      7.363      1439600 
   115.403      3.794      7.366      1654122 
   115.438      7.363      7.366     59369260 
   115.404      5.205      7.365      1692524 
   115.460      1.795      7.364      1516576 
   115.355      2.834      7.362       852806 
   111.566      5.207      8.557      3378003 
   111.563      1.815      8.552       961684 
   111.599      2.841      8.554      2662886 
   111.517      4.563      8.551      1418790 
   111.607      4.798      8.561      1307288 
   111.577      1.415      8.558      3656800 
   111.611      7.655      8.561       420272 
   111.578      3.809      8.557      1901106 
   111.525      0.565      8.558       730000 
   117.128      4.796      8.902      2349966 
   117.080      3.640      8.903       810748 
   117.129      2.200      8.906      2062717 
   117.139      8.903      8.903     37991528 
   117.122      1.903      8.900      1653520 
   117.156      2.130      8.905      2587723 
   117.147      7.671      8.899      1743848 
   117.156      1.777      8.904       915903 
   117.126      3.982      8.904      3078638 
   118.701      8.543      7.675       497461 
   118.756      4.798      7.677      2458599 
   118.805      8.888      7.676      2228510 
   118.776      3.968      7.674       774877 
   118.741      1.949      7.678      1038165 
   118.804      2.102      7.682      1353903 
   118.752      7.670      7.677     43817716 
   118.787      3.555      7.676      2603570 
   118.769      3.805      7.678      5631507 
   118.788      0.547      7.676       651958 
   118.786      7.053      7.677      2263473 
   118.908      1.319      7.686       366355 
   120.696      3.684      7.050       974626 
   120.564      7.681      7.054      2137624 
   120.750      3.564      7.044       611440 
   120.617      3.808      7.049      2654121 
   120.583      0.550      7.050      1108834 
   120.618      7.045      7.046     34709024 
   120.623      3.164      7.050      1464190 
   120.638      0.829      7.047      3186402 
   120.630      1.626      7.048      3544560 
   120.539      0.665      7.060      1232967 
   120.628      1.327      7.045      1215007 
   120.635      8.437      7.044      1698044 
   118.232      0.940      8.435       706990 
   118.202      3.985      8.432       659999 
   118.137      7.709      8.436       577528 
   118.234      7.045      8.434      1741194 
   118.202      3.153      8.433       650972 
   118.276      0.866      8.435       865087 
   118.235      1.630      8.434      1612430 
   118.267      8.432      8.432     25251366 
   118.235      3.879      8.432      1493954 
   118.250      1.962      8.436      2519712 
   118.230      2.344      8.434      2633011 
   118.261      7.406      8.432      1747758 
   118.187      0.678      8.436      1458568 
   120.266      3.560      7.411      1489120 
   120.269      0.517      7.411       676540 
   120.356      7.037      7.401       489070 
   120.438      3.176      7.403       525287 
   120.293      8.442      7.401      1468819 
   120.266      3.882      7.408       824146 
   120.239      1.964      7.404       693412 
   120.266      2.347      7.405      1783630 
   120.288      1.642      7.405       434525 
   120.286      7.403      7.404     39700256 
   120.252      3.615      7.406      2413138 
   120.279      2.484      7.406      4535632 
   120.267      7.843      7.405      2263688 
   120.158      8.824      7.399       475781 
   120.288      1.117      7.405      4515928 
   120.187      8.447      7.847       398592 
   120.273      7.406      7.851      2242658 
   120.351      3.636      7.854      1461616 
   120.311      2.490      7.851      2677966 
   120.350      1.087      7.852      2840680 
   120.351      7.851      7.851     45947184 
   120.358      6.954      7.855      1192332 
   120.356      8.808      7.852      2282530 
   120.351      2.336      7.850       672849 
   120.326      3.143      7.851      1858288 
   120.301      3.566      7.853      2356712 
   129.130      1.836     10.102       420545 
   129.056      2.168     10.103       969482 
   129.122      0.528     10.101      2977466 
   128.983      1.067     10.103       469892 
   129.109      6.955     10.103      4978286 
   129.126      7.071     10.099      3616999 
   121.295      3.181      8.816       432184 
   121.295      3.868      8.814      1074301 
   121.318      7.864      8.816      1926412 
   121.281      3.095      8.816      1118430 
   121.291      3.561      8.816      2556758 
   121.285      8.813      8.815     46422816 
   121.291      3.666      8.814      2181036 
   121.303      2.284      8.815      5072622 
   121.290      1.075      8.815      5485829 
   120.348      3.881      8.728       558679 
   120.288      3.643      8.729      1163854 
   120.230      2.279      8.728      2620014 
   120.175      1.090      8.724       699106 
   120.234      8.731      8.731     46268028 
   120.234      4.257      8.733      1928984 
   120.288      1.945      8.729      2448510 
   120.230      1.812      8.732      2835600 
   120.227      8.550      8.731      2623103 
   120.204      7.997      8.734       421334 
   120.261      0.973      8.731      1045407 
   120.235      2.064      8.731      3660422 
   119.110      3.654      8.543       517196 
   118.972      1.062      8.549       655396 
   119.090      4.736      8.550       757823 
   119.082      8.725      8.540      3081476 
   119.060      4.264      8.543       611973 
   119.090      1.960      8.548      1456085 
   119.068      2.078      8.547      1628900 
   119.011      1.833      8.561       614638 
   119.075      8.543      8.546     53808140 
   119.052      4.045      8.548      2546610 
   119.089      2.216      8.549      2972553 
   119.076      2.364      8.545      3777674 
   119.083      2.641      8.545      1393587 
   119.081      8.007      8.551      3079172 
   113.317      7.736      6.874     20907844 
   113.322      6.872      7.734     19887496 
   113.275      2.465      7.737       636705 
   113.315      2.481      6.871       373875 
   113.251      2.646      7.737      1121430 
   113.240      2.616      6.879       382858 
   119.285      0.619      8.008       546322 
   119.268      1.083      8.005       782193 
   119.329      3.674      8.003      1270552 
   119.270      4.411      8.003      2777956 
   119.280      3.229      8.005      4349430 
   119.277      3.514      8.006      4488636 
   119.158      4.044      7.994      2114661 
   119.210      8.451      7.996      5453139 
   119.840      3.678      8.446       549503 
   119.775      4.254      8.444       817790 
   119.827      4.406      8.445       843712 
   119.820      3.259      8.444       633705 
   119.758      3.521      8.449      2114298 
   119.760      3.942      8.450      2191826 
   119.840      2.028      8.449      1396693 
   119.728      2.577      8.446      3180962 
   119.803      7.999      8.447      4673810 
   119.748      2.294      8.450      4277305 
   119.158      3.947      7.994      1809061 
   119.221      2.315      7.992      3108790 
   119.141      4.158      7.993      3073400 
   119.424      1.647      7.991       819212 
   119.174      1.950      7.991      7878794 
   119.145      8.292      7.991      3453257 
   120.014      4.050      8.294       379396 
   120.094      4.416      8.291       589518 
   120.014      7.962      8.292      3377968 
   120.030      1.961      8.297      2479715 
   120.040      4.567      8.294      2982860 
   120.015      2.732      8.294      5749303 
   120.014      7.881      8.294      2406165 
   111.335      3.959      7.890       625265 
   111.376      8.288      7.888      2583496 
   111.397      4.554      7.890      1945286 
   111.316      2.731      7.895      1790892 
   111.371      7.890      7.892     73567864 
   111.373      4.294      7.893      2924127 
   111.364      1.056      7.890      2121635 
   111.393      8.057      7.888      3422555 
   110.645      4.539      8.075       417761 
   110.608      7.910      8.086      3504838 
   110.643      4.328      8.083      1863607 
   110.642      1.055      8.077       536648 
   110.620      8.084      8.084     76399824 
   110.626      4.011      8.083      8696826 
   108.733      8.266      8.267    129580752 
   108.726      3.982      8.264      9530016 
   120.496      3.976      8.325      5035030 
   120.459      4.625      8.326      1686014 
   120.453      2.641      8.325      2551158 
   120.453      2.708      8.325      1665916 
   121.108      3.962      8.407       496063 
   121.103      4.627      8.403      6669560 
   121.091      2.713      8.402      4489160 
   109.446      4.608      8.499      2138058 
   109.427      2.747      8.496       865488 
   109.445      8.495      8.495    160728448 
   109.428      3.946      8.498      7570415 
   108.699      8.359      8.359    156413248 
   108.714      8.002      8.358      1945565 
   108.685      3.952      8.362      9463863 
   121.334      3.951      8.023      4251393 
   121.377      4.444      8.021      1237722 
   121.132      8.371      8.043      2047900 
   121.272      8.030      8.030    105545456 
   121.401      0.890      8.017       602327 
   121.418      1.663      8.011      4623396 
   114.187      8.060      8.457       841946 
   114.364      1.601      8.460       885460 
   114.358      8.459      8.460     70546544 
   114.406      1.242      8.453      1360145 
   114.313      2.086      8.465      1358578 
   114.314      2.304      8.472       442373 
   114.329      4.449      8.459      6092506 
   116.577      1.285      8.359       668323 
   116.531      4.207      8.357      1258133 
   116.569      4.444      8.357      3962798 
   124.550      1.401      8.339      2947404 
   124.577      4.205      8.339      2922864 
   119.030      1.406      8.101      1396793 
   119.072      4.169      8.092      2215231 
   119.071      2.076      8.094      3033988 
   119.106      2.273      8.098      1366676 
   119.152      8.284      8.088      2252359 
   120.500      8.110      8.280      1548158 
   120.472      1.691      8.285      1750656 
   120.507      1.852      8.283      3518876 
   120.406      4.129      8.288      3995138 
   119.506      4.154      8.190      3244182 
   119.530      1.885      8.194      1255792 
   119.610      8.198      8.198     83097488 
   119.574      2.077      8.195      2693139 
   119.566      2.427      8.201       896260 
   112.438      7.524      6.880     17609176 
   112.401      6.879      7.524     18246278 
   112.368      2.404      7.523       485966 
   120.700      2.077      8.006       721961 
   120.792      1.832      7.998      1515367 
   120.628      1.692      7.993       595233 
   120.797      4.206      8.003      2626032 
   121.744      1.817      7.990      1029966 
   121.556      4.256      7.981      2545668 
   121.164      1.759      8.044      2335930 
   121.096      4.280      8.045      4377324 
   123.846      8.013      8.351       688842 
   123.885      4.304      8.360      2081097 
   123.833      8.359      8.360     67474272 
   123.881      4.538      8.362       512230 
   123.849      1.872      8.363       776256 
   123.851      2.055      8.360       460802 
   120.832      4.396      8.584      2949498 
   120.889      8.583      8.583     67770672 
   120.838      4.233      8.579       904189 
   120.893      1.951      8.581      1667577 
   120.893      1.951      8.581      1667577 
   120.874      2.296      8.588       724097 
   121.999      2.020      8.337       664579 
   121.989      4.228      8.338      3485277 
   120.075      4.229      8.518      1846859 
   120.148      2.818      8.520       497464 
   120.010      1.863      8.514       445955 
   122.834      4.245      8.119      1448964 
   122.858      8.119      8.119     44455320 
   122.787      1.622      8.116      1204815 
   121.847      1.625      8.265       637856 
   121.840      4.314      8.261      1608243 
   125.914      4.460      8.114       548685 
   112.884      7.525      6.821     13624682 
   112.874      6.817      7.525     13484791 
