   119.987      8.915      8.573      4634531 
   119.986      7.897      8.574      6034022 
   119.992      7.113      8.575      5582711 
   119.997      4.795      8.573     13897315 
   119.962      4.666      8.580      7254437 
   120.034      4.557      8.575      6067068 
   120.002      4.433      8.574    104392240 
   120.099      4.343      8.569     -3887725 
   120.013      4.258      8.575     27791232 
   120.005      2.349      8.574     23596708 
   120.003      2.020      8.574     80828680 
   120.017      1.905      8.572      9575570 
   120.013      1.779      8.575     20159968 
   120.003      2.100      8.581     24328988 
   128.508      8.733      8.919      4473140 
   128.538      8.578      8.917      4050795 
   128.513      4.799      8.915     16493633 
   128.504      4.669      8.916     12708937 
   128.517      4.254      8.916     90862328 
   128.522      2.351      8.915      9720842 
   128.527      2.022      8.916     14840203 
   128.541      1.877      8.916      3539603 
   128.519      1.709      8.916     44487916 
   128.524      1.478      8.915     16369703 
   128.524      0.867      8.916     10465427 
   128.505      0.628      8.917      9887368 
   121.010      9.077      8.747      3191761 
   121.078      8.251      8.751      5079400 
   121.022      8.572      8.752      3202579 
   121.022      8.916      8.752      5764145 
   121.457      4.793      8.746     20007308 
   121.444      4.387      8.723      5433163 
   121.513      4.348      8.723      4902148 
   121.470      4.251      8.721    148756288 
   121.541      4.105      8.723      3513388 
   121.172      4.923      8.742      9873738 
   121.113      4.545      8.753     13134251 
   121.032      4.664      8.748     49626652 
   121.018      3.656      8.748     25412836 
   121.034      2.958      8.744      4450026 
   121.054      1.123      8.747      8612436 
   121.055      0.991      8.747      7180774 
   121.088      0.858      8.750      7683673 
   120.995      0.736      8.752      3782129 
   121.049      0.621      8.746     17229392 
   121.463      1.807      8.716      3047542 
   121.048      1.718      8.747     10638746 
   121.037      1.477      8.746     13425583 
   126.339      9.862      9.078      3296677 
   126.340      8.749      9.079      3196958 
   126.292      7.497      9.081      4387166 
   126.329      4.438      9.080     16281815 
   126.191      4.666      9.089      9034746 
   126.298      4.543      9.080     82222688 
   126.267      3.656      9.080      4476064 
   125.839      4.796      9.099     45881420 
   125.773      4.693      9.098      7470132 
   125.826      4.010      9.099     34934000 
   126.322      2.199      9.081     12553324 
   126.310      1.715      9.080     26826350 
   126.302      2.910      9.081      9458614 
   126.279      2.649      9.080     10713570 
   126.305      1.530      9.080     36412208 
   126.303      1.117      9.080     34959112 
   125.870      2.714      9.100      7348412 
   126.299      0.761      9.081      5381346 
   124.661      8.345      9.850      4594363 
   124.670      6.935      9.851      6431052 
   124.683      3.238      9.851      6500227 
   124.681      4.429      9.850     15380821 
   124.683      2.198      9.850      4757929 
   124.683      1.683      9.852     12867970 
   124.679      1.594      9.850     15782885 
   124.691      1.124      9.851      3122258 
   124.674      0.611      9.850      9711484 
   124.653      0.493      9.851      7293537 
   119.506      9.854      8.344      8857486 
   119.506      9.598      8.344      4005965 
   119.506      7.510      8.340     13352412 
   119.506      6.953      8.340     14297526 
   119.506      4.191      8.346     13511273 
   119.506      3.935      8.346     20709778 
   119.506      4.426      8.353      4098100 
   119.506      4.579      8.364      4549923 
   119.506      3.250      8.344      4733666 
   119.506      2.202      8.348      6050546 
   119.506      1.953      8.342     40189796 
   119.506      1.718      8.346      8149512 
   119.506      1.576      8.346     10303215 
   119.506      1.055      8.339     16738366 
   119.506      0.770      8.340     42488592 
   119.126      8.343      7.503     19639924 
   119.133      6.949      7.511      3262900 
   119.099      7.305      7.508      3485681 
   119.135      4.728      7.503     21259534 
   119.132      3.930      7.505      9080518 
   119.140      3.787      7.507      2870126 
   119.127      2.649      7.504     31325152 
   119.126      2.905      7.504     19912730 
   119.121      3.238      7.506      4747280 
   119.128      2.204      7.506      5458072 
   119.125      1.976      7.503      8452978 
   119.139      1.715      7.504      8448831 
   119.128      1.556      7.504      3812261 
   119.132      1.413      7.507      3877000 
   119.132      1.108      7.504     13715471 
   119.129      0.761      7.503     36337560 
   119.095      0.632      7.501      4168885 
   119.137      0.475      7.505      5663076 
   124.244      8.348      7.460      3026880 
   124.187      8.520      7.463      4268544 
   124.254      6.941      7.465      3113152 
   124.222      4.728      7.460     12937847 
   124.221      3.927      7.461      6683402 
   124.222      3.789      7.459     16491464 
   124.224      3.236      7.461      6221036 
   124.228      2.909      7.463      4463514 
   124.232      2.637      7.461      5225340 
   124.216      1.984      7.460     52069584 
   124.221      1.420      7.461     19954666 
   124.214      1.129      7.459      7640150 
   124.214      0.731      7.461     25881856 
   124.201      0.587      7.458      7130363 
   124.218      0.464      7.459     25776974 
   124.199      1.063      7.458      4357083 
   118.478      7.807      8.523      2518962 
   118.482      7.427      8.520     28976172 
   118.455      6.917      8.521      4816147 
   118.451      4.257      8.519      6067566 
   118.466      3.789      8.519     29837156 
   118.468      2.293      8.519      3094103 
   118.435      2.142      8.522      2383990 
   118.423      1.850      8.522      2471146 
   118.466      0.700      8.519     27962136 
   118.472      0.449      8.519      7259085 
   125.861      8.648      9.099      5359169 
   125.877      6.995      9.101      3480430 
   125.839      2.405      9.106      3772355 
   110.585      9.590      7.637     74383648 
   110.593      8.962      7.637     23072912 
   110.593      6.942      7.638     24653772 
   110.575      8.010      7.635      5499359 
   110.606      4.194      7.637      6925406 
   110.595      3.996      7.637     43075604 
   110.595      4.587      7.638     13363588 
   110.607      1.581      7.637      9855556 
   110.588      1.103      7.638     12533435 
   110.591      0.827      7.636      7999866 
   110.587      0.637      7.639      9931880 
   110.591      0.481      7.635      8107814 
   113.941      5.436      7.992      8642076 
   113.942      3.997      7.992     48580420 
   113.945      1.696      7.993     13201239 
   113.948      1.456      7.992      9591299 
   113.948      1.036      7.992     11926716 
   113.937      0.835      7.993     13266944 
   113.941      0.484      7.992     10794758 
   113.955      7.650      7.992      4726258 
   123.658      5.442      9.336     31281846 
   123.664      4.640      9.338      6995536 
   123.677      1.691      9.336     17803420 
   123.663      0.838      9.338     14757712 
   123.670      0.670      9.337     24386976 
   123.640      0.488      9.337      5866305 
   123.663      1.470      9.338      2625649 
   123.671      1.191      9.338      3612739 
   123.698      1.029      9.336      2759150 
   123.644      7.985      9.339      2629752 
   123.676      3.544      9.336      2292588 
   129.102      8.559      8.350      2618318 
   129.102      9.087      8.353      1803169 
   129.102      9.365      8.342      2071404 
   129.102      7.006      8.350      1477179 
   129.102      6.808      8.357      1061336 
   129.132      5.103      8.350      3697870 
   129.140      4.958      8.352      2335204 
   129.122      4.806      8.351      9278447 
   129.123      4.642      8.349     31581806 
   129.119      1.881      8.348     12836978 
   129.128      1.723      8.349     23230040 
   129.132      1.520      8.350     12586767 
   129.145      1.284      8.355      2594206 
   129.138      1.156      8.356      2792570 
   129.132      0.920      8.351      4713377 
   129.111      0.786      8.348      8518440 
   129.109      0.689      8.350      6831551 
   129.074      0.461      8.353      2129310 
   122.657      9.428      8.561      4019208 
   122.533      9.269      8.549      4141549 
   122.533      9.100      8.554      5260438 
   122.647      8.357      8.560      6077349 
   122.614      8.179      8.565      4484738 
   122.647      6.743      8.560      4033736 
   122.667      6.592      8.562     15882815 
   122.659      6.449      8.564     13186329 
   122.650      5.832      8.563      7696393 
   122.534      5.447      8.549     12143092 
   122.541      4.939      8.549     78761760 
   122.614      4.813      8.558     47975976 
   122.624      4.166      8.560      3317978 
   122.689      2.409      8.563      6324808 
   122.544      2.833      8.556      1950258 
   122.672      2.556      8.562      4146994 
   122.542      1.595      8.548     41752352 
   122.538      1.453      8.549     26970188 
   122.624      1.313      8.559      5918366 
   122.585      1.175      8.555     17453244 
   122.595      0.880      8.555     15737971 
   122.596      0.724      8.555     16060678 
   122.548      0.611      8.549     25417190 
   114.446      9.085      8.189      4315826 
   114.421      8.864      8.194      3344060 
   114.423      8.689      8.191      4313964 
   114.320      8.555      8.188      3572809 
   114.428      6.596      8.190      6846936 
   114.437      5.836      8.188     35652496 
   114.430      5.017      8.190     10980095 
   114.417      4.324      8.190      8593211 
   114.429      3.390      8.188     13631334 
   114.431      2.542      8.190     12495110 
   114.432      2.412      8.188      9617578 
   114.395      2.289      8.189      3488946 
   114.445      1.814      8.189      5770224 
   114.411      0.778      8.190      6920928 
   114.406      0.653      8.189      7667347 
   114.450      0.188      8.189      5081771 
   123.402      7.388      8.872     10789562 
   123.429      6.741      8.875      3109854 
   123.414      6.597      8.871      4787219 
   123.403      6.445      8.871      2046367 
   123.462      4.660      8.869      7942516 
   123.392      4.322      8.871     42501872 
   123.404      4.153      8.871      7305396 
   123.389      3.545      8.867      2277548 
   123.370      3.393      8.870      4956752 
   123.393      1.753      8.870     17678786 
   123.799      0.874      8.859     15005708 
   123.375      0.518      8.870      9608399 
   123.377      0.189      8.871     14288176 
   123.408      2.247      8.872      3123692 
   123.359      1.995      8.870      2529792 
   123.359      0.764      8.862      5645257 
   123.359      1.643      8.870      8297952 
   129.583      9.002      8.020      3581380 
   129.552      8.871      8.021      2671220 
   129.591      8.689      8.014      3756321 
   129.564      7.672      8.020      3330768 
   129.571      7.198      8.020      7017926 
   129.585      5.242      8.019      3387876 
   129.566      4.642      8.019     35588920 
   129.533      4.742      8.020      9439535 
   129.560      3.694      8.017      9739866 
   129.573      3.130      8.019     15808693 
   129.564      2.252      8.019      7183744 
   129.577      1.327      8.019      6207867 
   129.568      0.892      8.020     19388572 
   129.533      0.764      8.016      2941702 
   129.533      0.654      8.013      4278378 
   125.530      7.670      8.984      5012990 
   125.509      8.610      8.981      5184864 
   125.467      4.764      8.987     12151159 
   125.467      4.603      8.987      3890513 
   125.467      4.501      8.976      3059832 
   125.467      4.083      8.991     22912936 
   125.467      3.717      8.983      6492681 
   125.467      3.563      8.980      4169399 
   125.467      3.131      8.980      4621138 
   125.504      1.822      8.982     16752000 
   125.502      1.697      8.985      5185522 
   125.495      1.579      8.982     18874808 
   125.482      1.362      8.984      8122842 
   125.509      0.513      8.978      3174942 
   125.500      0.234      8.985      1667676 
   128.521      8.684     10.096      2532571 
   128.490      8.026     10.092      2133544 
   128.481      7.428     10.100      2315625 
   128.511      7.288     10.095     32564618 
   128.512      7.195     10.096     80919888 
   128.494      7.064     10.098      8308988 
   128.486      6.867     10.101      4336237 
   128.507      5.016     10.098      4860053 
   128.508      4.794     10.094      7364474 
   128.499      5.255     10.101      2885502 
   128.497      3.385     10.093      5568198 
   128.502      3.124     10.100      3412006 
   128.506      2.635     10.097      4141144 
   128.493      2.191     10.098      9502953 
   128.533      2.024     10.097      8288088 
   128.507      1.838     10.096     20313114 
   128.433      0.660     10.095      2206149 
   128.478      0.512     10.095      4554594 
   128.484      0.384     10.095      3234982 
   128.516      0.185     10.097      8639899 
   119.718      0.493      8.342      8712453 
   119.181      9.854      7.507      2619392 
   119.139      9.077      7.505      3600678 
   121.443      7.548      8.720      4647120 
   121.443      2.632      8.720     47876544 
   121.443      2.259      8.723      9628054 
   121.443      1.936      8.723     30896834 
   121.443      2.200      8.727      8455027 
   120.441      0.871      8.644     52198200 
   120.445      1.800      8.644     26560046 
   120.718      1.923      8.613     67628176 
   120.507      2.294      8.635     14426729 
   120.715      2.894      8.613     17511810 
   120.708      3.228      8.613     29423392 
   120.707      4.249      8.614     21678802 
   120.710      5.171      8.615     55498092 
   120.702      6.899      8.612      6715713 
   120.715      8.866      8.614      5126648 
   127.736      6.893     10.101     57637376 
   127.730      7.255     10.102     20150388 
   127.728      5.173     10.103      4623828 
   127.757      4.560     10.106      2504638 
   127.721      2.478     10.101      7465727 
   127.753      2.314     10.104      4904316 
   127.725      1.879     10.101     23823020 
   127.736      1.279     10.102      9666506 
   127.742      0.896     10.101     15566784 
   127.729      0.744     10.102      5753132 
   123.955      6.892      8.846      2848764 
   123.392      4.322      8.871     42501872 
   123.938      5.172      8.849      7177310 
   123.954      4.713      8.850     25132792 
   123.939      3.682      8.850      6048162 
   123.941      3.226      8.849      6716544 
   123.944      2.893      8.850      9224462 
   123.947      1.941      8.850      6888963 
   123.939      1.495      8.849      5176514 
   123.925      1.790      8.855      5171978 
   123.627      8.860      8.467      4344981 
   123.627      7.709      8.474      2609970 
   123.627      7.578      8.467      4379515 
   123.627      6.889      8.459      4463500 
   123.627      4.720      8.467     11053891 
   123.627      4.552      8.463     85122680 
   123.627      2.486      8.467      8514073 
   123.627      2.303      8.463     11142816 
   123.627      2.046      8.470      8518948 
   123.627      1.900      8.478     11814604 
   123.627      1.797      8.467     24558322 
   123.627      1.519      8.474      9070281 
   123.627      1.416      8.463     15772966 
   123.627      0.962      8.463      8302099 
   123.627      0.889      8.467      8903964 
   123.627      0.735      8.463      5197200 
   117.163      8.432      7.584     45402560 
   117.162      6.750      7.587      3185664 
   117.135      5.314      7.590      3329450 
   117.272      4.978      7.593      2092878 
   117.165      4.560      7.585     16636338 
   117.171      4.206      7.586      8863154 
   117.156      4.103      7.585     10018952 
   117.175      3.693      7.588      3894180 
   117.194      2.481      7.587      4221052 
   117.179      2.308      7.584      5231954 
   117.171      1.878      7.585     17054518 
   117.165      1.792      7.584     19135070 
   117.165      1.301      7.585     15145611 
   117.175      1.030      7.586      8108668 
   117.172      0.856      7.584     14315006 
   117.161      0.713      7.585     28666578 
   117.133      0.037      7.584      2645256 
   127.360      9.219      8.422      7782596 
   127.287      9.082      8.420      5962375 
   127.484      7.591      8.434     25751258 
   127.304      6.673      8.418      5844998 
   127.469      5.324      8.433     12255167 
   127.296      5.110      8.416     18433712 
   127.884      4.751      8.422     34435080 
   127.430      4.764      8.423      4388003 
   127.430      4.479      8.416     10082770 
   127.430      4.215      8.430     10969550 
   127.430      4.090      8.426     57697640 
   127.430      1.812      8.430     11409225 
   127.430      1.643      8.412      7827602 
   127.430      1.468      8.419     22589350 
   127.430      1.306      8.419     34800044 
   127.430      1.050      8.430     18725140 
   127.430      0.874      8.434     12723203 
   127.430      0.713      8.426     25957930 
   127.430      0.046      8.434      7041766 
   121.112      5.079      9.194      8956660 
   121.111      4.822      9.192     51212944 
   121.135      4.654      9.195      5525211 
   121.085      5.331      9.192      6434798 
   121.058      3.556      9.193      2783110 
   121.127      3.031      9.187      2264043 
   121.076      1.651      9.188     15326350 
   121.076      1.409      9.192     21997432 
   121.076      1.189      9.188     30740050 
   121.076      0.881      9.196     16043515 
   121.076      0.706      9.199     15533736 
   121.076      0.054      9.192      2751364 
   121.076      0.603      9.199      3308516 
   121.076      1.035      9.188      6444858 
   125.640      9.065      8.613      4407602 
   125.640      9.182      8.617      6029393 
   125.640      6.676      8.613      6513042 
   125.640      7.578      8.610      5509254 
   125.640      5.365      8.621      8329804 
   125.640      5.065      8.621     29380484 
   125.640      4.127      8.606     16526692 
   125.640      3.680      8.606      2912716 
   125.640      3.175      8.635      5005604 
   125.640      3.043      8.635      5608841 
   125.640      2.479      8.621     25671868 
   125.640      1.643      8.617      7418148 
   125.640      1.409      8.624      5492884 
   125.640      0.999      8.613     15542750 
   125.640      0.852      8.610     18633136 
   125.640      0.735      8.606     46125232 
   125.640      0.054      8.617      4266759 
   123.183      9.475      9.093      5238714 
   123.183      8.559      9.093      6097259 
   123.211      4.986      9.095     11846478 
   123.220      4.821      9.094     19024410 
   123.216      5.449      9.094     84130272 
   123.183      1.621      9.090     18232762 
   123.183      1.468      9.093      8065167 
   123.183      1.336      9.090      5430986 
   123.183      1.189      9.093     39445328 
   123.183      0.720      9.101     20421892 
   123.183      0.596      9.104     13064229 
   123.183      0.039      9.101      2465436 
   123.183      0.281      9.101      1531909 
   123.183      0.435      9.097      2440812 
   123.183      0.830      9.104      4930790 
   123.183      0.918      9.104      3787958 
   123.183      2.186      9.086      1968065 
   123.183      2.698      9.093      2599708 
   121.758      5.709      9.269     55189184 
   121.758      4.962      9.269     16488915 
   121.758      2.962      9.273      4861039 
   121.758      2.325      9.269      9499778 
   121.758      1.680      9.269      8314739 
   121.758      1.585      9.265     11191668 
   121.758      1.424      9.262     19428852 
   121.758      0.596      9.269     26539176 
   121.758      0.706      9.273     14876524 
   116.491      9.274      8.254      3361738 
   116.503      9.020      8.257      4122650 
   116.525      8.756      8.254      7450488 
   116.488      7.889      8.255      5289868 
   116.507      7.105      8.255      3258836 
   116.516      5.710      8.254     10877346 
   116.566      4.921      8.254      2706439 
   116.523      4.795      8.253     13587435 
   116.508      4.647      8.254     67403760 
   116.515      3.652      8.254      5976329 
   116.515      2.952      8.253     13133298 
   116.485      2.335      8.254      8679065 
   116.542      2.065      8.254      2243286 
   116.482      1.764      8.253      2654443 
   116.565      1.119      8.255      4120458 
   116.517      0.993      8.253     43429856 
   116.500      0.604      8.256      7856170 
   123.993      8.758      9.019     15575865 
   123.980      8.624      9.022      3585504 
   123.944      8.397      9.025      2183606 
   123.993      8.254      9.022      3317917 
   124.023      7.299      9.020      4532911 
   123.990      5.399      9.019     52755360 
   123.991      4.757      9.019      9046552 
   123.992      4.639      9.020     13810900 
   123.965      3.883      9.022      3974829 
   123.990      3.154      9.020     10709947 
   124.002      3.028      9.017      6805304 
   123.994      0.995      9.019     29115204 
   123.963      0.711      9.020      7087838 
   123.997      0.563      9.020     15754758 
   123.996      0.111      9.022      3319346 
   121.454      8.435      7.287      5251784 
   121.454      8.662      7.287     22269876 
   121.473      4.144      7.285     22055824 
   121.475      3.468      7.285      7569750 
   121.471      2.449      7.287      5308892 
   121.476      2.156      7.285     34136688 
   121.472      1.856      7.285     29365380 
   121.473      0.712      7.285     15413256 
   121.475      0.477      7.285      2940751 
   121.484      0.104      7.289      2753641 
   129.239      7.329      9.952     86560392 
   129.242      7.416      9.951     33926856 
   129.220      4.794      9.951      6438603 
   129.226      4.116      9.953      4424120 
   129.247      3.877      9.954      5047050 
   129.231      3.160      9.956      1912825 
   129.251      3.016      9.954      2842696 
   129.211      5.394      9.958      2066341 
   125.503      7.321      8.643      7648369 
   125.503      4.164      8.635     30268528 
   125.503      2.156      8.635      6654298 
   114.925      7.288      8.640     19402172 
   114.928      7.067      8.644      2808174 
   115.036      8.423      8.640      4827125 
   115.411      5.113      8.611      2354960 
   114.913      5.119      8.643      3968585 
   114.908      4.113      8.640     63428920 
   114.910      3.468      8.640     25611672 
   115.074      2.794      8.634      7653993 
   114.923      2.108      8.640     10905338 
   114.912      0.691      8.640     11339654 
   114.914      0.495      8.647      2990380 
   114.894      0.106      8.639      5034310 
   121.538      7.072      8.798     11578746 
   121.548      4.583      8.798     59019448 
   121.535      4.109      8.798     11017144 
   121.548      2.808      8.798     35534760 
   121.564      2.108      8.799      6730394 
   121.519      1.847      8.799      8017305 
   121.572      0.689      8.798      4885509 
   120.117      8.797      7.427      5296601 
   120.100      8.527      7.426     59685432 
   120.092      7.061      7.428      5959925 
   120.115      6.914      7.432      3150606 
   120.103      3.788      7.427     14642042 
   120.105      4.265      7.426     11303333 
   120.107      4.585      7.426     18276868 
   120.105      1.858      7.426     19371276 
   120.111      1.768      7.426     13828678 
   120.103      2.302      7.426      5645892 
   120.109      2.155      7.427     16902460 
   120.100      0.693      7.426     39491368 
   120.106      0.447      7.427     10112633 
   109.581      0.856      6.440     48391460 
   109.601      1.944      6.440     15776710 
   109.581      1.732      6.440     15704567 
   109.585      3.685      6.441     13370701 
   109.591      4.152      6.441     69246144 
   109.591      4.312      6.441      8493438 
   109.549      4.810      6.441      5031503 
   109.588      4.704      6.443      3970072 
   109.584      6.742      6.441      7231582 
   109.564      8.861      6.442      4220782 
   109.594      8.566      6.441     17676032 
   109.599      8.387      6.441      5990678 
   120.546      7.885      8.639      2500853 
   120.446      7.383      8.644      5267566 
   120.454      6.447      8.646      3490694 
   120.407      4.694      8.644     72478232 
   120.439      4.153      8.645     12444849 
   120.484      2.633      8.639      4258124 
   120.451      0.519      8.644      4869238 
   116.507      9.012      7.389     49312544 
   116.500      8.888      7.389     15707396 
   116.516      8.639      7.389      4519102 
   116.499      4.695      7.390     17354774 
   116.512      4.476      7.389      8474738 
   116.485      4.324      7.389      4598134 
   116.507      4.080      7.390      9394996 
   116.492      3.556      7.389     34155192 
   116.505      2.290      7.389      6176140 
   116.502      1.767      7.389     35247584 
   116.477      1.651      7.390      4419836 
   116.509      0.882      7.389     14498426 
   116.492      0.755      7.390      9203346 
   116.501      0.517      7.390     41015612 
   119.118      7.388      9.012     34127828 
   119.137      4.732      9.013     11687839 
   119.134      4.478      9.015     12432894 
   119.120      4.077      9.013     34855776 
   119.117      3.557      9.013     26558488 
   119.106      1.797      9.014      8087637 
   119.115      1.335      9.015      5892779 
   119.103      0.878      9.013      5009930 
   119.126      0.515      9.012     26618596 
   119.118      0.209      9.014      3402504 
   119.157      0.391      9.016      4696009 
   125.883      7.150      7.920      6599457 
   125.925      7.543      7.922      3639444 
   125.881      9.010      7.921      7329139 
   125.864      9.427      7.919     10150242 
   125.865      4.795      7.919     12447045 
   125.895      4.569      7.920     10121256 
   125.891      4.095      7.919     16332758 
   125.874      3.123      7.920     10137873 
   125.881      1.825      7.919     41687612 
   125.896      1.331      7.920     14354847 
   125.889      1.706      7.922      6366107 
   125.903      1.588      7.923      4794460 
   125.877      0.512      7.920     14322491 
   125.892      0.387      7.920     11979373 
   125.855      0.254      7.918      8077408 
   113.473      7.924      9.421      3653740 
   113.424      4.151      9.421      3724525 
   113.419      4.574      9.421      3209932 
   113.431      4.799      9.421     22577022 
   113.462      2.049      9.417      2362480 
   127.573      8.814      9.084      5659045 
   127.579      6.685      9.081      8546378 
   127.577      4.715      9.080    101433584 
   127.570      4.105      9.081     18466880 
   127.572      2.182      9.081     17288544 
   127.571      2.013      9.081     14075002 
   127.576      1.697      9.081     54663168 
   127.583      1.327      9.081      8756925 
   127.576      1.070      9.080      7717878 
   127.595      0.602      9.083      6219956 
   122.543      8.299      7.844     10885010 
   122.531      9.016      7.843      4017479 
   122.534      7.531      7.842      7833014 
   122.530      7.156      7.844     15839888 
   122.536      4.797      7.843     78097944 
   122.525      4.687      7.844      9202158 
   122.528      4.558      7.843     21878558 
   122.531      4.420      7.843     19392026 
   122.537      3.121      7.843     61298384 
   122.521      2.633      7.844      5860108 
   122.529      1.831      7.843      7720458 
   122.534      1.070      7.842      5026292 
   122.535      0.381      7.842      7333862 
   122.531      0.516      7.845      4739463 
   114.195      7.838      8.305      4082006 
   114.200      4.800      8.305     60846692 
   114.191      1.065      8.305      3208342 
   118.042      9.593     10.137     10008177 
   118.093      7.651     10.141      1877708 
   118.017      6.940     10.130      2231740 
   118.017      4.802     10.134      4108068 
   118.020      4.639     10.135     14015658 
   118.029      4.367     10.134     11705426 
   118.035      3.238     10.135     22775130 
   118.037      3.030     10.135     15610435 
   118.011      2.564     10.135      5040299 
   118.038      2.289     10.133      7081540 
   118.030      2.181     10.135     11974082 
   118.038      2.045     10.135      9998540 
   118.039      1.112     10.139      4120004 
   118.041      0.877     10.134      9046504 
   118.014      0.710     10.135      3450448 
   121.947      9.204      8.954      5209467 
   121.985      9.590      8.954      4737332 
   121.954     10.134      8.956      2520533 
   121.965      7.638      8.954     15368688 
   121.950      6.939      8.959      2043267 
   121.947      5.350      8.955     29752372 
   121.945      4.647      8.954     10541470 
   121.954      3.977      8.955      3832880 
   121.553      3.976      8.909      2346836 
   121.944      3.551      8.953     22219284 
   122.022      3.256      8.957      3376126 
   121.911      3.034      8.957      4360173 
   121.945      0.834      8.954     14799264 
   121.946      0.648      8.953     26578284 
   121.951      0.487      8.955      4890399 
   121.997      1.183      8.961      3983682 
   104.634      8.967      9.211      5039848 
   104.620      8.441      9.207      5890581 
   104.620      9.394      9.209      5093625 
   104.606      3.550      9.206     16512381 
   104.617      4.094      9.206      4991066 
   104.609      4.823      9.210      4035878 
   104.605      5.325      9.207     53992400 
   104.598      1.662      9.206      9752965 
   104.604      1.537      9.208      3551946 
   104.602      1.408      9.209      6601250 
   104.595      1.299      9.208      8118156 
   104.600      1.173      9.207     30600254 
   104.612      1.037      9.207      9370496 
   104.606      0.847      9.208     15473300 
   104.613      0.704      9.208     16327960 
   104.607      0.400      9.216      1793274 
   104.600      0.275      9.206      4661970 
   104.601      0.040      9.207     12609990 
   122.700      8.381      9.413      3129320 
   122.771      6.743      9.411      2902760 
   122.729      6.598      9.410      7320580 
   122.775      5.443      9.407      2204189 
   122.740      5.322      9.411      7652298 
   122.740      4.982      9.409     33429056 
   122.736      4.834      9.412      5079051 
   122.735      1.678      9.409     13405888 
   122.748      1.592      9.409      9447592 
   122.727      1.321      9.409      5675358 
   122.722      1.199      9.408     11051697 
   122.741      0.885      9.407      7037148 
   122.738      0.721      9.410     11255730 
   122.711      0.281      9.409      5032256 
   122.755      0.040      9.410      5964951 
   119.755      8.644      7.879     23218626 
   119.759      8.426      7.881     15084310 
   120.028      4.742      7.907     22446334 
   119.750      4.366      7.879     15479964 
   119.762      4.234      7.880     13261713 
   120.041      3.936      7.906     50857148 
   120.064      3.797      7.907      7099289 
   120.033      3.426      7.906      5593384 
   120.042      1.326      7.907     77127096 
   120.040      0.661      7.907     18043512 
   120.041      0.902      7.906     22657624 
   120.040      1.515      7.907     26877380 
   119.763      1.788      7.879     16100096 
   119.770      1.657      7.879     12916008 
   120.039      2.116      7.906     11850474 
   119.762      2.402      7.882      4862827 
   119.754      2.721      7.880      6554359 
   112.554      7.633      7.880     31381954 
   112.580      4.785      7.878      5600368 
   112.557      4.506      7.883      6749638 
   112.562      3.941      7.880     91763136 
   112.559      2.146      7.880     38210080 
   112.559      1.329      7.880     24567428 
   112.698      0.903      7.881      4354480 
   112.566      0.653      7.876      1994089 
   121.242      8.992      7.625      3100228 
   121.213      8.607      7.627     10831794 
   121.240      7.886      7.628     35938772 
   121.224      4.793      7.627     19851198 
   121.227      4.507      7.627     12585329 
   121.179      4.229      7.628      4707612 
   121.204      4.092      7.626      6143520 
   121.225      3.962      7.627     26893304 
   121.208      3.702      7.627      4897434 
   121.234      3.120      7.627      8036917 
   121.269      2.804      7.625      2923286 
   121.188      2.148      7.629      3664773 
   121.171      1.822      7.629      3047526 
   121.193      1.535      7.630      2711632 
   121.226      1.326      7.627     76399336 
   121.248      0.896      7.629      5070199 
   121.265      0.652      7.634      3167904 
   115.537      9.020      8.754     16459265 
   115.566      7.288      8.755      3127267 
   115.544      5.707      8.753      4196960 
   115.483      5.406      8.756      2945239 
   115.580      4.770      8.753      5724076 
   115.545      4.613      8.754     14756023 
   115.526      4.096      8.755      7429822 
   115.545      3.881      8.753     36151108 
   115.662      1.861      8.749      1986724 
   115.547      1.996      8.752      6373396 
   115.540      0.719      8.753     25377950 
   115.543      0.561      8.754     60394960 
   115.564      0.993      8.753      6456970 
   115.549      7.949      8.757      3437701 
   115.552      9.281      8.758      2503511 
   114.430      9.271      8.801      3489707 
   114.428      5.714      8.800     11234681 
   114.428      4.849      8.799     36316700 
   114.453      4.078      8.799      8278330 
   114.426      3.877      8.799     31021062 
   114.441      2.973      8.801      2513562 
   114.462      2.336      8.801      2868430 
   114.435      1.792      8.798     10544887 
   114.405      1.518      8.797      2791448 
   114.433      1.213      8.801      3407924 
   114.422      0.725      8.800      3367802 
   114.488      0.567      8.799      3665218 
   121.532      9.458      8.904      3304934 
   121.508      8.199      8.902     13725905 
   121.504      5.006      8.901     59760056 
   121.497      4.856      8.902      9698139 
   121.484      3.832      8.902      3850743 
   121.533      2.997      8.904      2851511 
   121.508      1.791      8.901     24592162 
   121.540      1.664      8.903      6651368 
   121.510      1.531      8.902      9649642 
   121.501      1.372      8.903      8045844 
   121.507      1.189      8.902      9242030 
   121.661      0.852      8.909      4565647 
   121.587      0.708      8.906      7374846 
   121.584      0.609      8.907      7758043 
   121.538      0.436      8.900      5016523 
   128.540      9.266      9.454     10073747 
   128.545      9.091      9.452      3451870 
   128.558      8.841      9.458      1986159 
   128.553      5.706      9.452      2067794 
   128.539      5.450      9.455      8497857 
   128.543      4.996      9.454     53818656 
   128.549      1.843      9.452      3449148 
   128.527      1.649      9.454     12890674 
   128.535      1.370      9.455     14745875 
   128.550      1.170      9.454     10441672 
   128.541      0.795      9.453      4630745 
   128.533      0.692      9.453     22826972 
   128.534      0.584      9.453     19981576 
   128.513      0.441      9.456      4578089 
   128.548      1.512      9.455      4059673 
   121.814      9.450      9.270     15764866 
   121.785      9.086      9.237      7341480 
   121.832      8.803      9.238     13166506 
   121.796      8.415      9.235      4924290 
   121.822      6.668      9.236      6300028 
   121.820      5.111      9.235     41949064 
   121.777      4.991      9.240     15286632 
   121.828      4.099      9.235      5938785 
   121.816      2.710      9.236     12648640 
   121.820      2.174      9.236     11896644 
   121.804      2.000      9.236      8536584 
   121.811      1.847      9.236     19293974 
   121.818      1.342      9.237     20853040 
   121.824      0.806      9.237     14717524 
   118.960      9.223      9.086     10605948 
   118.999      8.692      9.095      4423051 
   118.950      8.593      9.091      4376904 
   118.890      8.370      9.087      2798159 
   118.879      8.181      9.091      3425039 
   119.001      6.669      9.087     14500784 
   118.866      5.832      9.088     14657506 
   118.993      5.441      9.084      5556141 
   119.009      5.333      9.085     44932440 
   118.930      5.106      9.088     46020184 
   118.936      4.977      9.087      4820424 
   118.887      4.370      9.089      7909262 
   118.983      4.808      9.087      4629670 
   118.907      4.628      9.094      2852507 
   118.942      4.513      9.093      2860460 
   118.978      4.101      9.090      4278581 
   119.002      3.483      9.088      9516481 
   118.996      2.713      9.086      9462722 
   118.869      2.548      9.088      4059672 
   118.909      2.425      9.086      3848868 
   119.009      2.168      9.087     15811355 
   118.890      2.040      9.090      3932783 
   118.877      1.795      9.089     31025552 
   119.003      1.457      9.089      5626050 
   119.000      1.301      9.084      3737776 
   118.985      1.171      9.089      6046136 
   118.937      1.017      9.089      3966870 
   118.904      0.901      9.089      4482664 
   118.881      0.770      9.089     32962112 
   118.973      0.595      9.088      9110375 
   118.915      0.447      9.088      4859324 
   118.933      0.300      9.092      2698573 
   116.608      9.087      8.699      4870944 
   116.584      8.432      8.702      3446934 
   116.533      7.596      8.697      4584227 
   116.552      6.699      8.699      3904826 
   116.591      5.807      8.699      3352390 
   116.561      5.337      8.701      8964997 
   116.518      5.081      8.701      4943973 
   116.568      4.484      8.700     51139564 
   116.537      4.798      8.699     11578523 
   116.559      3.561      8.700     16301080 
   116.536      3.468      8.698      8327534 
   116.558      2.214      8.700     14729071 
   116.571      1.617      8.699      3475192 
   116.541      1.975      8.701      6801888 
   116.558      1.753      8.699     21145946 
   116.579      1.466      8.698      2730598 
   116.602      1.069      8.701      3450428 
   116.587      0.859      8.702      2417631 
   116.558      1.310      8.700      4273764 
   116.549      0.724      8.700      4651625 
   115.051      0.977      9.144      3768226 
   115.098      0.836      9.141      5041200 
   115.086      0.715      9.142     24228840 
   115.067      1.448      9.150      2538577 
   115.082      2.486      9.142     19286140 
   115.096      2.318      9.142     12241693 
   115.074      2.029      9.142     13958218 
   115.084      3.695      9.142     61178352 
   115.083      3.584      9.142     32822774 
   115.073      4.386      9.142     22487740 
   115.067      4.240      9.148      4491150 
   115.086      7.590      9.142     20636000 
   115.101      8.774      9.145      4277547 
   115.039      8.620      9.145      4050002 
   123.299      9.148      8.778      3505669 
   123.247      8.409      8.784      3366836 
   123.298      7.595      8.784      2321063 
   123.266      4.418      8.777     82501120 
   123.268      3.696      8.778     15742026 
   123.264      2.482      8.780      2676034 
   123.275      2.309      8.779      6888406 
   123.273      2.138      8.779     12042530 
   123.263      1.997      8.777     66934380 
   123.281      1.813      8.779      9495537 
   123.284      1.418      8.777      3741647 
   123.263      0.969      8.778     28403696 
   123.283      0.716      8.776      6883501 
   120.538      9.674      8.399      2839104 
   120.473      9.043      8.390      3398280 
   120.473      8.779      8.401      4155000 
   120.662      7.879      8.414      3002488 
   120.473      7.057      8.401      7694188 
   120.507      6.702      8.400     11914456 
   120.700      5.420      8.410      7236454 
   120.171      5.118      8.375     33271330 
   120.503      4.925      8.404      6617440 
   120.494      4.798      8.403     45534032 
   120.167      4.702      8.376     16689652 
   120.276      4.552      8.388      5707441 
   120.686      4.376      8.409     26549414 
   120.035      4.157      8.425     27390188 
   120.501      4.038      8.401     41136652 
   120.152      3.746      8.375     35506032 
   120.719      3.213      8.414      3970131 
   120.713      3.057      8.408      9071140 
   120.707      2.761      8.409     13668900 
   120.475      2.136      8.402     18533234 
   120.583      1.957      8.401     26175588 
   120.473      1.812      8.397     30093478 
   120.473      1.665      8.412      9284254 
   120.496      1.296      8.402      9250416 
   120.513      0.949      8.401     13074540 
   120.513      0.749      8.403      9805350 
   120.015      0.822      8.426     10991338 
   120.548     -0.134      8.403      4361898 
   120.490     -0.384      8.401     10392114 
   122.333      7.883      9.675      9971586 
   122.361      7.679      9.676     15955866 
   122.272      4.791      9.668      1959723 
   122.333      4.029      9.675      8902961 
   122.338      3.913      9.676     47557228 
   122.341      1.778      9.674      2203252 
   122.310      1.674      9.677      3061876 
   122.359      1.528      9.676      6073320 
   122.347      1.282      9.676     36075780 
   122.346      0.964      9.677      8823286 
   122.335      0.897      9.674      9608724 
   122.343      0.756      9.676     18063140 
   122.327     -0.382      9.675      8632192 
   122.351     -0.137      9.677      6476006 
   117.573      9.678      7.861      6329108 
   117.574      4.372      7.862    123176688 
   117.568      3.915      7.862     25513206 
   117.571      2.249      7.862     22116932 
   117.571      1.670      7.862     74786560 
   117.567      1.537      7.862     52930708 
   117.578      1.292      7.862     26899908 
   117.564      0.882      7.862     24644356 
   117.570      0.752      7.862     25025298 
   119.739      8.209      8.641      4807481 
   119.736      5.020      8.643     17345812 
   119.779      4.682      8.642     81230400 
   119.736      3.823      8.641     44409560 
   119.733      1.531      8.642     31709616 
   119.724      1.371      8.643     14079346 
   120.441      0.871      8.644     52198200 
   119.736      0.621      8.642     16196324 
   119.710      0.903      8.643     19457210 
   113.239      8.906      8.202     19644922 
   113.240      8.782      8.205      4109035 
   113.232      8.639      8.205      4921224 
   113.245      5.121      8.201     45408520 
   113.251      5.010      8.199      8855830 
   113.249      4.696      8.202     17916180 
   113.214      4.786      8.203     11877061 
   113.239      3.963      8.201     29812102 
   113.245      3.850      8.201     22672168 
   113.247      1.793      8.202     17462884 
   113.256      1.536      8.202      3259054 
   113.296      1.374      8.208      2848730 
   113.230      0.837      8.201      8219858 
   113.227      0.698      8.202      6564470 
   117.513      8.740      8.145     13287427 
   117.520      8.600      8.144     55746020 
   117.494      7.362      8.143      2631890 
   117.531      5.120      8.143     18063168 
   117.522      4.774      8.143     21855404 
   117.536      4.233      8.144      9312325 
   117.521      3.909      8.143     29032466 
   117.517      2.981      8.143      8736687 
   117.524      0.826      8.143     10664952 
   117.543      0.673      8.143      7398399 
   117.500      1.333      8.145      3675786 
   115.725      9.070      8.645      2279894 
   115.676      8.420      8.638      5906579 
   115.813      7.882      8.643      9436663 
   115.708      7.239      8.638     35057360 
   115.658      4.799      8.632    104115656 
   115.696      4.488      8.637     53709176 
   115.682      4.632      8.635      8243970 
   115.698      4.350      8.638     20738698 
   115.794      4.236      8.641     17536940 
   115.853      2.729      8.644     13360091 
   115.840      2.403      8.645     10039063 
   115.693      1.472      8.637     14810089 
   115.686      1.307      8.636     10165561 
   115.706      0.825      8.638     13934424 
   115.676      0.715      8.636      4168042 
   124.028      8.154      8.743      7062709 
   124.041      8.549      8.744      4368148 
   124.017      7.380      8.748      3136824 
   124.076      6.367      8.743      3179457 
   124.036      5.239      8.743      8498959 
   124.030      5.117      8.744      3287197 
   124.064      4.613      8.742      5648036 
   124.029      4.749      8.744     14927930 
   124.037      4.279      8.742     48032928 
   124.031      3.919      8.742      9937922 
   124.006      3.326      8.742      4399972 
   124.038      2.631      8.745      4404024 
   124.035      2.248      8.744      3543405 
   124.104      1.335      8.740      3716420 
   124.043      0.831      8.742     19178676 
   124.039      0.660      8.742     10372733 
   125.517      9.272      8.689      3077206 
   125.478     10.089      8.690      1915562 
   125.505      8.196      8.684      4337796 
   125.485      8.025      8.687      3867608 
   125.549      7.197      8.686      2159292 
   125.495      5.015      8.686     51651072 
   125.495      4.643      8.686     11175889 
   125.476      4.284      8.686      9630265 
   125.490      2.244      8.686     20033976 
   125.538      2.005      8.684      5753383 
   125.532      1.846      8.644      4259282 
   125.488      1.834      8.687      7741607 
   125.506      0.833      8.686     11838911 
   125.489      0.643      8.686     30404376 
   124.817      7.937      9.272     10009122 
   124.853      8.699      9.281      2540759 
   124.820      9.067      9.277      5232609 
   124.792      6.855      9.272      1793011 
   124.818      4.571      9.275      7598538 
   124.803      4.368      9.273     42381376 
   124.801      5.014      9.275      7643314 
   124.816      2.279      9.273     11608388 
   124.810      2.192      9.274     12191036 
   124.799      2.004      9.274      9933644 
   124.801      1.830      9.274     14139764 
   124.805      0.763      9.273      9864514 
   124.798      0.673      9.273     15620918 
   124.808      0.529      9.272      8674806 
   114.998      9.043      8.939     13894703 
   115.052      8.413      8.942      4785100 
   115.011      7.046      8.943      6241096 
   115.031      4.698      8.943      4465895 
   115.024      4.557      8.946      3068952 
   115.030      5.420      8.943     27553888 
   115.021      5.111      8.942      7006010 
   115.037      3.056      8.943     11222939 
   115.051      2.762      8.944      7755324 
   115.037      2.089      8.942      9867148 
   115.035      1.768      8.943     10814309 
   115.009      0.795      8.943      4998926 
   115.046      0.686      8.942     11498340 
   115.055      0.452      8.945      2719662 
   116.029      8.406      9.036      4318762 
   116.036      9.276      9.037      2800498 
   116.010      5.117      9.035      8782430 
   116.001      4.562      9.035     39778728 
   116.018      4.385      9.030      4626480 
   116.010      3.749      9.035     13077938 
   116.025      2.286      9.034      3295307 
   115.993      2.093      9.035      5574072 
   116.026      1.795      9.036      4596960 
   115.995      0.690      9.036     23643816 
   127.360      9.219      8.422      7782596 
   127.879      7.291      8.425      4581114 
   127.902      2.106      8.421     21909664 
   127.848      0.496      8.422      9881368 
   118.234      8.422      7.938      3967397 
   118.209      8.744      7.936      4713480 
   118.210      9.276      7.936     12302679 
   118.241      7.376      7.938      4569050 
   118.231      6.360      7.936      3582380 
   118.231      5.399      7.934      2223190 
   118.217      4.744      7.935     17142636 
   118.219      4.612      7.935     46237632 
   118.208      4.330      7.936      4233929 
   118.217      2.210      7.936      4891034 
   118.209      1.997      7.935     36040152 
   118.198      1.835      7.935      5954684 
   118.225      0.709      7.935     17514700 
   118.220      0.523      7.935     38215896 
   118.211      0.105      7.935      9675160 
   118.187      0.398      7.932      9623715 
   127.571      8.416      9.081      4453709 
   125.943      9.236      8.806     12672290 
   125.948      9.088      8.804      5233924 
   125.896      6.676      8.803      3128306 
   125.927      5.021      8.805     67733960 
   125.775      4.793      8.828     29018100 
   125.926      4.082      8.815      2912381 
   125.929      2.710      8.807      3800008 
   125.929      2.180      8.804     12171717 
   125.927      1.989      8.805     16243930 
   125.921      1.839      8.805      6471396 
   125.905      1.530      8.804      6487250 
   125.918      1.354      8.805      8805610 
   125.934      0.843      8.806      4870812 
   125.905      0.788      8.808      4422345 
   125.933      0.600      8.805     21385518 
   125.877      0.449      8.808      3923510 
   117.576      7.366      8.522      2792624 
   117.575      7.197      8.531      2051008 
   117.602      5.237      8.524     20734312 
   117.600      4.795      8.525      8505702 
   117.603      4.220      8.525     15915411 
   117.598      3.964      8.524      7658921 
   117.607      3.323      8.525     24172088 
   117.597      2.629      8.525     14928726 
   117.609      1.879      8.524     20830740 
   117.596      1.787      8.524     22313188 
   117.601      1.487      8.526      8655738 
   117.596      1.337      8.525      8363115 
   127.976      7.947      8.549      6378744 
   127.964      4.248      8.547     18386762 
   127.962      4.069      8.546     73201144 
   127.951      2.151      8.547     11692598 
   127.961      1.859      8.546     39788240 
   127.985      1.740      8.546      6940074 
   127.959      1.234      8.550      4233180 
   127.968      0.880      8.546     27460992 
   127.968      0.712      8.547     10446740 
   122.712      8.555      7.914      5351919 
   122.755      5.794      7.912      3509866 
   122.708      4.799      7.909     18133900 
   122.758      4.253      7.911     61905996 
   122.752      4.077      7.911     15506761 
   122.759      3.566      7.911      7228059 
   122.752      3.488      7.912      7546366 
   122.755      2.176      7.911     12395664 
   122.769      1.918      7.913      5341917 
   122.753      1.734      7.911     43490632 
   122.757      1.622      7.911      7791832 
   122.754      1.232      7.911     18994090 
   122.758      0.875      7.911     13390733 
   122.758      0.713      7.911     12617875 
   115.678      3.885      8.635     14537663 
   121.590      8.647      7.236     44643292 
   121.590      8.420      7.240      3684170 
   121.623      4.735      7.233     38068524 
   121.623      4.491      7.234     16562685 
   121.627      4.347      7.233     23861048 
   121.619      3.868      7.234     12506915 
   121.625      3.604      7.233      7780806 
   121.590      3.790      7.229      9876463 
   121.607      2.136      7.236     26275958 
   121.617      1.925      7.234     31090310 
   121.620      1.808      7.234     54176304 
   121.624      1.473      7.233     36282040 
   121.623      1.307      7.233     19123536 
   121.627      0.825      7.234     10485922 
   121.613      0.719      7.235     11720560 
   121.143      8.531      7.967     10886480 
   121.090      4.794      7.967      4632978 
   121.134      4.248      7.967     79852024 
   121.136      3.981      7.967     13729231 
   121.134      2.153      7.969      4946289 
   121.116      2.083      7.970      3932654 
   121.136      1.914      7.967     33427482 
   121.136      0.821      7.968     12461712 
   121.134      0.699      7.968     33908928 
   120.969      8.523      8.105      6701276 
   120.940      8.420      8.109      9816694 
   120.992      8.263      8.111      3926292 
   120.957      4.798      8.106      8487838 
   120.960      4.164      8.106     12290196 
   120.960      3.968      8.107     17330778 
   120.977      3.829      8.106     14605750 
   120.880      4.381      8.101      2587639 
   120.964      0.818      8.107     12638126 
   120.962      1.535      8.106     35801616 
   120.022      8.111      8.427     12575212 
   120.028      1.523      8.425     14746212 
   119.994      2.120      8.412      9617941 
   119.994      1.834      8.430     35237464 
   114.042      8.110      8.519     10056346 
   114.056      7.974      8.519      8428074 
   114.063      4.798      8.516     14437991 
   114.061      4.368      8.517     15289707 
   114.054      4.228      8.519      4538091 
   114.091      4.100      8.516      3933816 
   114.055      3.972      8.517     78081896 
   114.054      3.832      8.517     31961352 
   114.065      2.163      8.518      3239170 
   114.049      2.052      8.519      2979686 
   114.049      1.921      8.517     11015202 
   114.058      0.820      8.518     23141588 
   114.049      0.706      8.515     10771652 
   120.333      9.139      7.587     27241894 
   120.257      9.037      7.593      1509912 
   120.309      8.624      7.588      6620362 
   120.316      8.414      7.586      3534873 
   120.329      6.704      7.589      9295576 
   120.326      4.479      7.587     19855460 
   120.328      4.400      7.588     12696793 
   120.323      3.699      7.587     12450810 
   120.330      3.576      7.587     11584412 
   120.325      2.486      7.587     15341204 
   120.324      2.219      7.587     35635608 
   120.325      1.977      7.587     25291944 
   120.324      1.759      7.587     19082924 
   120.321      0.988      7.587      3477932 
   120.350      0.855      7.586      4105768 
   120.324      0.726      7.587     13861337 
   112.076     10.138      9.596     10276046 
   112.080      9.865      9.591      2990652 
   112.100      8.960      9.595      3909416 
   112.050      8.346      9.596      3021214 
   112.075      7.641      9.595     42217420 
   112.077      6.940      9.594     28892236 
   112.078      4.800      9.593      2882975 
   112.066      4.583      9.595     12781658 
   112.063      4.361      9.598      5014847 
   112.060      4.200      9.597      5156431 
   112.084      3.995      9.594      4477230 
   112.117      3.244      9.597      3207405 
   112.067      3.029      9.594      2526402 
   112.064      2.276      9.596      3532954 
   112.064      2.196      9.597      3681086 
   112.038      2.026      9.598      2841966 
   112.031      1.581      9.597      3977421 
   112.070      1.107      9.595     27246836 
   112.102      0.764      9.596      3287667 
   124.428      9.093      8.431      2867790 
   124.403      8.941      8.430      3721007 
   124.450      7.877      8.430      9091188 
   124.454      7.011      8.430      6059822 
   124.453      5.420      8.429     10510772 
   124.451      4.697      8.429     41683576 
   124.413      4.575      8.429     10747718 
   124.459      2.719      8.429      7631779 
   124.439      2.585      8.429      7883635 
   124.447      2.027      8.429      9085522 
   124.445      1.911      8.429      7337469 
   124.446      1.815      8.429      6477925 
   127.338      4.553      9.018     29216040 
   127.334      4.127      9.017     11486510 
   127.356      3.122      9.018      5485216 
   127.341      2.270      9.017      9312369 
   127.342      2.044      9.016     29947492 
   127.344      4.798      9.017     85206568 
   125.820      4.567      9.093     31314044 
   125.934      8.430      9.108      2511338 
   112.793      7.937      6.364      2010925 
   112.885      8.747      6.358      2718520 
   112.793      8.733      7.374      2218458 
   112.989      7.959      7.370      2319314 
   112.894      7.380      6.358     64342672 
   113.093      6.966      7.354    152716144 
   112.876      6.366      7.382     56244532 
   112.940      4.768      6.353      2802312 
   112.862      4.608      6.361      2475734 
   112.784      4.285      6.353      1892656 
   112.855      3.324      6.357      2750151 
   112.910      2.635      6.358      3583780 
   112.812      2.632      7.381      6255927 
   112.803      3.319      7.380      4012806 
   112.885      4.794      7.370     10892275 
   112.866      0.515      6.359      7062396 
   112.902      0.746      6.359      1759967 
   112.947      0.092      6.356      2171623 
   112.873      0.107      7.374      2174432 
   112.867      0.512      7.380      6078092 
   112.794      0.664      7.375      1546225 
   109.557      0.512      6.865      9119833 
   109.608      0.517      7.059      5894835 
   109.585      1.827      6.863      7298072 
   109.610      1.831      7.065      2821108 
   109.611      2.018      7.060      3686334 
   109.573      2.021      6.864      8340859 
   109.577      2.283      6.864      8904773 
   109.576      2.187      6.864      6664166 
   109.607      2.274      7.061      3170591 
   109.554      3.757      6.867      3397399 
   109.578      3.748      7.059      3315154 
   109.571      4.798      6.862      5122490 
   109.577      4.798      7.058      8352868 
   109.550      5.133      6.864      2065593 
   109.582      5.108      7.057      1803933 
   109.603      6.863      7.060    144503328 
   109.842      7.151      6.836     -1588350 
   109.610      7.064      6.864    163234176 
   109.594      7.305      6.864      3652287 
   109.610      7.304      7.060      4309588 
   109.475      9.038      6.859      2386143 
   109.507      9.283      6.862      1797860 
   109.511     10.098      6.863      2330714 
   109.623      7.549      6.856      1759028 
   109.344      1.660      6.630      1654036 
   109.407      1.664      7.456      1882946 
   109.370      3.099      7.460      9750035 
   109.395      2.950      7.461      2877778 
   109.368      2.801      7.461      9001039 
   109.423      3.098      6.620      7019790 
   109.444      2.941      6.623      2578250 
   109.422      2.799      6.621      6352862 
   109.387      4.795      6.617      4963008 
   109.424      4.528      6.619      2023380 
   109.389      4.793      7.458      6670204 
   109.414      4.512      7.460      2649257 
   109.547      7.595      6.612      1579744 
   109.436      7.458      6.620    124289208 
   109.434      6.621      7.458    124306792 
   109.431      8.611      6.619      2126576 
   109.376      8.635      7.451      1608878 
   108.444      8.514      6.919      4807083 
   108.487      7.802      6.921     75685632 
   108.410      7.449      6.922      2827760 
   108.523      7.468      7.806      1784067 
   108.295      7.803      7.803    108218080 
   108.459      8.523      7.804      2595684 
   108.488      6.922      7.803     74685592 
   108.397      3.787      6.921     12503251 
   108.479      3.787      7.801      7145629 
   108.469      2.454      6.923      6249805 
   108.475      2.121      6.920      7633225 
   108.410      1.841      6.927      2140278 
   108.466      1.872      7.797      1653010 
   108.392      2.456      7.803      8603947 
   108.349      2.122      7.803     11960878 
   108.402      1.117      7.803      9491541 
   108.423      0.986      7.802      3448471 
   108.475      0.718      7.801      4856227 
   108.447      0.445      7.799      2156800 
   108.454      1.119      6.920      8269524 
   108.473      0.975      6.922      2865044 
   108.407      0.714      6.920      7390718 
   108.441      0.465      6.924      3354714 
   111.680      2.798      7.582     18570100 
   111.725      2.795      6.890     11316155 
   111.689      4.095      6.896      2293023 
   111.674      4.104      7.580      2383481 
   111.655      8.798      7.580      2563004 
   111.651      8.796      6.894      2365187 
   111.769      7.578      6.891    161457568 
   111.745      6.888      7.582    171622064 
   113.068      2.984      6.970      8241290 
   113.022      2.984      7.357     12237574 
   113.013      4.797      6.969     16473562 
   113.029      8.596      6.970      2998990 
   113.027      8.592      7.356      4225866 
   113.077      7.355      6.970    184302688 
   113.309      2.018      6.925      1936443 
   113.332      2.355      6.923      8720156 
   113.439      2.029      7.590      3228042 
   113.337      2.358      7.585     22283642 
   113.259      4.269      7.583      2355214 
   113.352      6.924      7.585    340288768 
   113.348      7.588      6.923    331164256 
   116.197      7.893      7.108     45161328 
   116.240      8.573      7.099      2237944 
   116.046      8.583      7.896      2175154 
   116.200      7.112      7.896     43573388 
   116.179      4.418      7.892      1905773 
   116.103      4.665      7.893      2382589 
   116.117      2.955      7.895      7536522 
   116.068      2.335      7.895      5877666 
   116.137      2.034      7.899      2362874 
   116.064      1.769      7.895      2990528 
   116.080      0.625      7.892      1940106 
   116.197      0.598      7.117      2086361 
   116.118      2.048      7.108      2080290 
   116.099      1.785      7.114      2371486 
   116.216      2.336      7.110      4250133 
   116.203      2.957      7.107      7004402 
   118.428      7.546      7.145    101907888 
   118.420      7.146      7.541    114103136 
   118.381      7.873      7.145      4925149 
   118.402      7.867      7.543      3766704 
   118.392      4.442      7.156      1735488 
   118.262      4.794      7.137      1900277 
   118.404      4.469      7.540      2321309 
   118.278      4.839      7.540      2912548 
   118.269      3.114      7.147      3098489 
   118.416      2.623      7.144     15587162 
   118.348      2.623      7.543     31284416 
   118.427      1.833      7.541      7012219 
   118.303      1.829      7.145      9929367 
   118.395      0.859      7.144      2379854 
   118.311      0.861      7.544      2740007 
   118.368      0.513      7.541      6512463 
   118.395      0.511      7.145      7555797 
   118.446      0.393      7.144      3161246 
   118.360      0.394      7.542      2217774 
   111.377      9.138      7.421      2050850 
   111.327      8.465      7.422      2132156 
   111.405      6.882      7.420    338358016 
   111.403      7.424      6.881    302107072 
   111.386      4.563      7.419      4888505 
   111.393      4.567      6.881      5959961 
   111.347      4.207      7.420      3328392 
   111.400      4.206      6.879      3142881 
   111.256      3.693      7.422      1936749 
   111.332      3.699      6.880      2039480 
   111.389      2.314      6.883      8759847 
   111.371      2.311      7.420     21074656 
   111.376      2.047      7.422     11097355 
   111.456      2.044      6.883      7467353 
   111.348      0.851      7.425      2434288 
   111.360      0.713      7.421      2400568 
   111.408      0.711      6.885      2246548 
   112.003      8.634      6.678      1957986 
   112.023      8.633      7.113      1661450 
   112.076      7.103      6.677    250340672 
   112.072      6.679      7.101    178955568 
   112.018      3.998      7.102      1622884 
   112.061      2.730      6.677      5973372 
   112.082      2.400      6.677      9657052 
   112.010      2.400      7.101     13126948 
   112.047      2.735      7.101      7560278 
   111.687      0.881      7.697      2912100 
   111.758      0.866      6.955      1837286 
   111.723      1.871      7.696      3388190 
   111.752      1.897      6.961      1943650 
   111.673      2.480      7.695      8065005 
   111.660      2.309      7.693     13098751 
   111.718      2.479      6.953      3387957 
   111.673      2.309      6.952      5276181 
   111.679      4.550      7.692      1933742 
   111.715      6.953      7.693    134648096 
   111.719      7.696      6.952    123881848 
   111.723      8.467      7.696      2124686 
   115.487      8.148      8.596     40399176 
   115.470      2.986      8.597     24272930 
   115.464      1.823      8.607     14017967 
   113.725      9.678      7.890      5002742 
   113.662      9.679      7.677      7830560 
   113.740      7.678      7.889     36390712 
   113.743      7.889      7.676     36774392 
   113.513      2.316      7.890     10208439 
   113.734      2.323      7.677      6123866 
   113.571      1.799      7.893      3385304 
   113.692      1.806      7.678      2776397 
   113.874      1.687      7.886      1754726 
   113.702      1.670      7.684      1709666 
   113.633      1.536      7.674      2922640 
   113.697      1.518      7.890      2194705 
   113.714      1.289      7.888      4073678 
   113.624      1.286      7.674      6257006 
   113.695      0.963      7.675      8526352 
   113.619      0.966      7.889      9525339 
   113.650      0.749      7.888      5590327 
   113.675      0.747      7.677      5032962 
   111.550      2.076      6.819      5374792 
   111.513      1.784      6.817      5102164 
   111.512      2.080      7.558      8799025 
   111.499      1.783      7.557      9830026 
   111.575      2.713      6.818      1676122 
   111.494      3.384      6.822      1955044 
   111.484      4.558      7.551      2261946 
   111.376      5.065      6.820      1545017 
   111.566      7.559      6.819     87786904 
   111.561      6.823      7.557     79619456 
   118.979      8.424      8.184      4857472 
   118.966      7.016      8.182      1973579 
   118.970      4.798      8.186    133593216 
   118.968      4.572      8.187     10286395 
   118.960      4.096      8.186     15459815 
   118.967      3.052      8.186      6372421 
   118.971      2.961      8.185      8353771 
   118.956      1.851      8.185      6102780 
   125.374      7.070      8.166      3575192 
   125.374      4.799      8.166    255060528 
   125.377      4.583      8.166     44831364 
   125.379      4.385      8.170     14540659 
   125.373      3.101      8.166     16348841 
   125.372      3.038      8.165     18800240 