    12.155      1.983      0.738      6587002 
    12.160      3.974      0.775      4765032 
    12.164      1.456      0.746     14375027 
    12.208      1.190      0.743     15129758 
    12.698      1.028      0.658     15892802 
    12.699      1.298      0.673      8621307 
    12.807      1.141      0.824     34621004 
    12.815      1.688      0.824     26677768 
    12.815      1.796      0.819     15120440 
    12.823      2.160      0.832      3574639 
    12.840      3.680      0.810      9973490 
    12.870      1.375      0.808     10770006 
    13.213      8.479      0.583      4082300 
    13.289      3.735      0.582      3580705 
    13.298      1.480      0.581     13053350 
    13.309      1.811      0.582     21558272 
    13.320      1.362      0.584      7388182 
    13.344      8.973      0.579      4563482 
    13.359      1.660      0.583     18688788 
    13.368      0.810      0.584     31117614 
    14.355      8.585      0.588      8753198 
    14.356      7.828      0.592      4730457 
    14.378      0.916      0.592     28483180 
    14.381      1.670      0.591     44840172 
    14.390      0.589      0.591    559172224 
    14.409      4.006      0.591     17680336 
    14.417      0.064      0.590     26080280 
    14.443      3.412      0.592      3759423 
    14.447      6.656      0.593     14774482 
    16.753      0.651      1.166      8290047 
    16.759      6.928      1.156      5448190 
    16.768      4.589      1.156      3916848 
    16.780      4.396      1.164     23095006 
    16.780      8.395      1.164     20598020 
    16.787      3.463      1.163      9920318 
    16.804      2.967      1.166      7096492 
    16.815      3.746      1.160      7823083 
    16.821      7.125      1.164      4425223 
    17.045      3.418      0.667     16363434 
    17.053      6.671      0.665     10599113 
    17.057      1.660      0.666     51233352 
    17.065      8.582      0.668      5809865 
    17.077      2.931      0.667     18757840 
    17.083      7.837      0.665      6938139 
    17.116      0.075      0.667     19821256 
    17.419      8.942      0.799      8080067 
    17.462      1.981      0.801     46066676 
    17.463      1.714      0.637     22370500 
    17.467      3.973      0.800     27616748 
    17.469      1.681      0.801     13272223 
    17.474      1.463      0.802     25078882 
    17.474      1.184      0.801     40839756 
    17.477      4.019      0.637     14153912 
    17.491      8.937      0.637      3521722 
    17.526      8.240      0.634      6461688 
    17.532      1.026      0.639     17025396 
    17.699      8.398      1.373     53711684 
    17.718      4.180      1.373     72266808 
    17.788      7.517      1.549     21838906 
    17.788      3.994      1.549     76165896 
    17.789      7.801      1.549     61549096 
    17.811      0.611      1.550     12832607 
    18.043      2.929      1.330      5667662 
    18.085      3.241      0.939      3288656 
    18.091      2.204      0.929      4990558 
    18.130      8.181      0.931      6126174 
    18.132      6.861      1.326      5594848 
    18.139      4.227      1.329     74879480 
    18.142      3.714      0.931     25457050 
    18.160      8.894      1.328     43320464 
    18.170      3.946      0.930      8368544 
    18.177      5.429      1.328     16031886 
    18.178      7.579      0.936      6855836 
    18.188      2.806      0.931     15818152 
    18.189      1.797      0.931     49584256 
    18.225      5.041      1.327      8603342 
    18.256      1.394      0.934     40582408 
    18.282      4.120      1.388     76698184 
    18.286      7.511      1.388     48161468 
    18.516      3.991      1.375     78439176 
    18.521      0.823      1.375     58761104 
    18.536      6.928      1.370     15900814 
    18.557      8.359      1.374     52002552 
    18.557      8.359      1.374     52002552 
    18.654      4.061      1.487     18036180 
    18.701      7.941      1.490     22962782 
    18.701      7.832      1.494     14084012 
    18.702      4.255      1.489     44456148 
    18.763      2.333      0.691      3482261 
    18.789      1.802      0.697     10108759 
    18.795      1.489      0.695     30838686 
    18.796      1.680      0.696     12637161 
    18.809      1.331      0.696     19214828 
    18.817      3.736      0.694     12152153 
    18.821      8.361      0.801     13066439 
    18.821      7.519      0.802     22432970 
    18.824      2.159      0.695      4456624 
    18.841      2.390      0.802     50398508 
    18.845      2.161      0.802     31824748 
    18.852      4.789      0.807     23182516 
    18.855      6.922      0.802     29514776 
    18.976      1.380      0.792     24061732 
    19.004      2.673      1.101      3132646 
    19.028      7.625      1.096      3552233 
    19.033      8.115      1.097     11584148 
    19.051      3.416      1.101     11330877 
    19.054      7.040      1.098     14186829 
    19.058      3.850      1.100     28460150 
    19.059      0.376      1.100     21607422 
    19.062      6.819      1.097     18006428 
    19.062      6.714      1.102     10861611 
    19.063      0.787      1.099     37042612 
    19.065      5.814      1.101      6336099 
    19.068      1.348      1.094     67689336 
    19.075      4.271      1.353     47763804 
    19.082      2.063      1.108      3479531 
    19.084      8.630      1.098     25580180 
    19.324      1.091      0.779     46923996 
    19.329      6.471      0.778      8975543 
    19.330      1.571      0.779     18226214 
    19.349      2.262      0.776     33560152 
    19.357      6.860      0.777     33307900 
    19.362      0.377      0.778     50596128 
    19.363      4.221      0.778     23189280 
    19.381      2.944      0.776      7583146 
    19.386      3.737      0.775      7348313 
    19.678      8.103      1.492     19704414 
    19.680      4.363      1.490     93155920 
    19.680      8.621      1.490    100823032 
    19.684      2.622      1.493      9097013 
    19.705      7.577      1.494      9660265 
    20.435      2.925      0.967      9195094 
    20.440      8.239      0.965     28953940 
    20.443      0.348      0.968     10521892 
    20.456      2.073      0.966     46440148 
    20.459      4.350      0.965     34269772 
    20.468      1.565      0.966     53055812 
    20.472      2.500      0.966      5165982 
    20.478      8.620      0.971     13251346 
    20.479      3.754      0.960      5599556 
    20.485      8.702      0.904     10223945 
    20.490      6.632      0.563      7535568 
    20.498      4.630      0.970      9053295 
    20.499      4.573      0.561     13640851 
    20.501      8.450      0.564     10590731 
    20.503      1.852      0.562     34516112 
    20.503      6.726      0.559      4344662 
    20.503      6.823      0.559      3366157 
    20.505      1.000      0.560     54584132 
    20.515      2.871      0.886      5549890 
    20.517      9.126      0.564      7249354 
    20.520      1.145      0.562     26245188 
    20.565      7.124      0.562      8576794 
    20.568      4.093      0.892     16966364 
    20.649      8.250      0.901     15008714 
    20.678      4.239      0.899      7079120 
    21.010      8.395      1.052     15358101 
    21.013      1.955      1.053     57139668 
    21.017      4.599      1.051     29652480 
    21.017      1.052      1.052   1284252032 
    21.021      1.561      1.052     28140052 
    21.026      8.773      1.057      7784201 
    21.027      8.220      1.564     21988376 
    21.041      8.621      1.566     23202916 
    21.043      2.081      1.565     24512716 
    21.047      7.301      1.563     20783836 
    21.047      4.225      1.564     53349176 
    21.048      0.975      1.566     60920712 
    21.053      0.348      1.564     17657972 
    21.056      7.571      1.564     46619260 
    21.085      4.796      0.651      7470484 
    21.087      8.482      0.883      8372948 
    21.101      8.967      0.657      5308758 
    21.103      4.799      1.570     10254323 
    21.112      2.165      0.649      9199633 
    21.143      0.889      0.887   7939389952 
    21.145      0.651      0.650    529874496 
    21.148      9.558      0.652      9743682 
    21.151      0.897      0.648     98122944 
    21.161      4.571      1.006     16943098 
    21.165      6.233      1.009      5384766 
    21.167      5.292      0.651     13870247 
    21.168      2.017      0.890     72266472 
    21.168      2.017      0.890     72266472 
    21.168      2.017      0.890     72266472 
    21.177      1.298      0.652     12553686 
    21.178      1.979      0.651     27824128 
    21.183      1.854      1.003     43261628 
    21.185      4.087      0.886     25696834 
    21.185      4.087      0.886     25696834 
    21.189      0.566      1.003     64869600 
    21.191      4.028      0.651      5417175 
    21.198      6.714      1.002     15571817 
    21.200      6.816      1.004     13739961 
    21.208      2.217      0.893     14037856 
    21.210      7.095      1.004     15238187 
    21.213      9.126      1.004     10277315 
    21.217      1.550      0.904     32519620 
    21.240      4.798      0.908     37078216 
    21.257      5.297      0.913     26015730 
    21.268      2.912      0.901      7554144 
    21.274      7.548      0.912     11290224 
    21.360      6.647      0.949     11821592 
    21.400      4.601      0.945     18778660 
    21.409      4.552      1.136     37149908 
    21.427      4.804      1.137     85432896 
    21.428      8.220      1.137     12791967 
    21.442      1.957      0.943     72298624 
    21.443      6.468      0.946     13604158 
    21.449      8.763      0.946     20601420 
    21.460      5.803      0.363      3305502 
    21.498      4.558      0.373      5659578 
    21.514      7.179      0.375     11681575 
    21.522      7.365      0.372     18889968 
    21.524      6.841      0.375     20071774 
    21.526      1.806      0.376      5328623 
    21.528      3.733      0.374     18258252 
    21.529      2.704      0.373      5978630 
    21.529      4.718      0.371      4215447 
    21.529      3.865      0.373      3453368 
    21.530      2.263      0.375     27332182 
    21.531      0.777      0.376     49839252 
    21.543      4.196      1.162     34742724 
    21.552      1.099      0.374     25625280 
    21.552      8.421      1.169     17138244 
    21.556      2.065      0.372      9378342 
    21.619      1.596      0.942     29046816 
    21.699      2.206      0.942     17393568 
    21.699      3.635      0.938     13151657 
    21.759      2.450      0.942     35713696 
    21.775      3.737      0.943     29023236 
    21.792      7.633      0.935      6199922 
    21.792      7.058      0.937      5924211 
    21.797      2.683      0.946      9585999 
    21.834      7.217      0.938      6467517 
    21.840      3.241      0.938      5821034 
    22.070      2.924      0.972     14760577 
    22.082      2.702      0.764      5960388 
    22.091      8.620      0.979     18440970 
    22.091      1.566      0.976     73286536 
    22.092      2.073      0.976     55106804 
    22.094      4.350      0.976     40423828 
    22.098      1.149      0.759     50680748 
    22.102      0.351      0.979     15466789 
    22.109      8.561      0.759      9763309 
    22.111      1.366      0.758     27383710 
    22.113      3.973      0.757     39976872 
    22.117      7.122      0.761      4227671 
    22.120      1.680      0.757     45081584 
    22.125      4.632      0.979      8385640 
    22.132      6.692      0.759     22570482 
    22.135      7.824      0.755      4653242 
    22.141      8.238      0.975     10246985 
    22.141      3.495      0.758     10671528 
    22.149      1.990      0.757     14299681 
    22.340      1.360      0.903     25186404 
    22.346      4.768      0.904     44718164 
    22.346      1.870      0.903     14605600 
    22.348      2.163      0.903     28720650 
    22.350      2.388      0.903     53576372 
    22.354      8.354      0.900      4823388 
    22.371      8.978      0.901      4963914 
    22.589      1.647      0.261      6657458 
    22.593      6.616      0.255      4377412 
    22.602      3.636      0.259     23778060 
    22.609      7.140      0.261      9786142 
    22.609      7.074      0.259      9526430 
    22.624      0.649      0.259     38372188 
    22.627      3.960      0.259     29329060 
    22.631      8.087      0.258     14171037 
    22.631      1.793      0.256      9152146 
    22.635      1.000      0.262     13722296 
    22.642      1.463      0.258      6409180 
    22.699      6.841      1.055      5867286 
    22.735      7.657      1.060     19762670 
    22.736      3.906      1.061     17043000 
    22.744      1.345      1.841     21281480 
    22.744      1.441      1.063     21287538 
    22.744      2.062      1.840     22681396 
    22.744      2.183      1.845     13188245 
    22.745      1.062      1.060    674281216 
    22.746      2.665      1.057     10279720 
    22.749      4.805      1.845      7859084 
    22.749      2.893      1.061      8305157 
    22.751      2.454      1.061     31330792 
    22.752      7.061      1.063      4740901 
    22.753      2.705      1.842     15649900 
    22.763      6.852      1.842     22773452 
    22.763      3.745      1.060     30053806 
    22.764      1.759      1.062     10874484 
    22.765      5.028      1.841     26208158 
    22.768      9.567      1.840     14006640 
    22.774      8.704      1.058      3853247 
    22.775      1.842      1.842    526825408 
    22.779      9.264      1.841     10160593 
    22.782      7.043      1.842     22938212 
    22.795      2.950      1.843      8869181 
    22.865      8.348      0.409     18349136 
    22.868      4.555      0.413      4653824 
    22.871      3.735      0.411     34585648 
    22.875      1.472      0.413     37339596 
    22.877      1.188      0.412     36691416 
    22.877      4.212      0.413      4873395 
    22.879      5.182      0.407      9532499 
    22.883      1.927      0.413     15952628 
    22.883      4.798      0.414      9995993 
    22.949      4.071      0.567     32958412 
    22.955      2.057      0.568      4818926 
    22.960      0.568      0.569   1476460928 
    22.965      1.408      0.568     43156420 
    22.983      2.221      0.570      5041803 
    22.988      9.017      0.572      3952208 
    23.020      1.591      0.566     12752833 
    23.023      7.355      0.568      3958114 
    23.148      8.040      0.832      4052616 
    23.201      1.712      0.858     65798948 
    23.204      2.936      0.863      9308818 
    23.216      7.906      0.864      5709954 
    23.221      1.541      0.852     39421876 
    23.225      4.248      0.833     29117382 
    23.226      4.073      0.866     32089496 
    23.590      1.844      0.487      7929938 
    23.614      1.155      0.485     36774200 
    23.617      0.487      0.485    892802112 
    23.618      4.583      0.485     16554065 
    23.620      7.133      0.493      4102252 
    23.637      6.618      0.486      7890132 
    23.648      8.405      0.482      6614678 
    23.691      8.554      0.484      4972072 
    23.873      1.685      0.828     69230328 
    23.901      4.004      0.828     30337408 
    23.907      1.836      0.829     27583570 
    23.918      7.967      0.832      4946484 
    23.924      3.166      0.826      3647177 
    23.938      3.703      0.831      7366496 
    24.128      9.184      1.157     12295324 
    24.139      8.427      1.164      7117826 
    24.142      8.661      1.157     18234314 
    24.142      4.599      1.158     11984959 
    24.158      1.157      1.157    779849856 
    24.161      6.703      1.156     16686818 
    24.161      0.574      1.162     15356360 
    24.161      0.986      1.162     70210544 
    24.162      5.620      1.159     28061066 
    24.204      1.848      1.161     17748440 
    24.403      7.088      0.651      3903161 
    24.408      6.826      0.641      4733486 
    24.465      2.296      0.682      3691956 
    24.514      6.613      0.340      3050590 
    24.589      1.407      0.334     34525172 
    24.589      2.055      0.336      5573154 
    24.591      3.630      0.331      4456444 
    24.610      2.216      0.337      3697282 
    24.621      0.275      0.665     47768380 
    24.632      4.082      0.668     20085384 
    24.633      0.942      1.205     20795408 
    24.634      0.567      0.336     70009320 
    24.634      3.914      0.333      5011336 
    24.647      0.830      0.331     20963052 
    24.650      4.021      0.339      7321084 
    24.656      1.701      0.671     46367032 
    24.656      2.206      0.674      4070584 
    24.662      1.470      0.669     28761752 
    24.667      1.579      0.335     17292916 
    24.675      3.643      0.671      6818672 
    24.679      1.827      1.202     15272011 
    24.681      0.666      0.669   1764487808 
    24.688      1.751      0.339      4754700 
    24.693      3.946      0.672     13326080 
    24.701      7.131      0.345      2784838 
    24.741      8.844      1.211      3500405 
    24.746      1.609      1.202     22545084 
    24.748      8.337      0.857      3676280 
    24.761      2.928      1.200     12560281 
    24.762      7.594      0.668      6315056 
    24.770      1.821      1.316     27289472 
    24.771      3.702      0.850     13179636 
    24.771      3.768      1.276      5514752 
    24.780      2.117      1.196      7961978 
    24.783      8.699      0.859      4885113 
    24.797      3.766      1.187      7283260 
    24.825      0.909      1.310     17877826 
    24.835      1.600      1.303     36306976 
    24.842      2.940      1.298     19540498 
    24.869      2.126      1.289      9425999 
    24.911      4.011      0.861     28130306 
    24.911      4.011      0.861     28130306 
    24.926      3.143      1.370      4545820 
    24.926      1.826      1.369     11385254 
    24.926      1.838      1.532     20418694 
    24.926      1.923      1.532     13314479 
    24.926      1.838      1.606     18372590 
    24.926      1.923      1.603     12899443 
    24.941      1.357      0.865     38297344 
    24.952      1.712      0.866    101131104 
    24.959      2.945      1.367     15058314 
    24.960      1.625      1.372     27302776 
    24.968      8.544      1.625      2141452 
    24.973      3.132      1.299      7237374 
    24.974      4.302      1.533      6982207 
    24.983      7.920      0.872      9532268 
    24.985      1.563      0.879     57271652 
    24.988      6.496      1.373      3498332 
    24.995      2.231      1.369      8469814 
    25.019      2.882      1.604      4593209 
    25.024      2.226      0.882      6403282 
    25.030      4.223      0.890     11679463 
    25.030      4.298      1.607      5903588 
    25.032      7.689      1.620      3755508 
    25.055      2.890      1.532      5127063 
    25.064      7.702      1.529      5138197 
    25.075      0.493      1.526      5803210 
    25.194      0.492      1.609      5416692 
    25.484      3.770      0.341     20006672 
    25.490      8.333      0.344      8647226 
    25.495      1.192      0.340     26430886 
    25.496      1.924      0.342     20316988 
    25.502      4.561      0.342      9960360 
    25.503      1.481      0.342     38717208 
    25.507      2.077      0.342      6789563 
    25.509      0.977      0.342     18005524 
    25.510      4.798      0.345      9814724 
    25.517      7.295      0.343      6955627 
    25.517      1.578      0.346     29775094 
    25.536      5.181      0.340      4763244 
    25.554      6.615      0.507      4616097 
    25.560      3.734      0.500      4306305 
    25.625      8.538      0.497     10146835 
    25.654      1.349      0.501     25569606 
    25.662      1.876      0.501     17131220 
    25.662      1.530      0.502     11962184 
    25.662      1.639      0.497      8959693 
    25.668      0.496      0.499    751338432 
    25.676      3.974      0.501     11139896 
    25.678      1.160      0.499     39957100 
    25.812      2.898      1.618      4626410 
    25.853      0.702      1.581     10616538 
    25.866      2.809      1.623      4033119 
    25.873      2.792      1.444      4809446 
    25.891      3.978      1.614      7518058 
    25.894      3.984      1.446     12242067 
    25.902      1.594      1.447     54362036 
    25.923      2.910      1.453      3939702 
    25.950      8.329      1.619      7229145 
    25.954      1.613      1.616     83824240 
    26.094      8.324      1.451      6164410 
    26.187      4.802      0.699      7778314 
    26.231      3.747      0.695      5478212 
    26.232      8.527      0.686      3479047 
    26.238      8.402      0.696      4617232 
    26.244      9.302      0.685      4906312 
    26.253      1.178      0.692     44113588 
    26.267      0.939      0.693     63203096 
    26.277      8.886      0.693      3734816 
    26.279      1.978      0.694     10919333 
    26.292      4.626      0.694      5388686 
    26.337      1.571      0.691     27293462 
    26.503      3.736      1.466      7985924 
    26.551      0.374      1.458     20374736 
    26.629      1.908      1.455      8129070 
    26.643      1.961      0.788     14119771 
    26.655      4.640      0.788      5736308 
    26.669      1.683      0.927     29409698 
    26.677      1.173      0.788     34501516 
    26.686      3.741      0.782      5962159 
    26.704      0.349      1.425     17529028 
    26.728      1.994      0.920     19047396 
    26.751      0.571      1.417     18940926 
    26.757      4.073      1.418      8109273 
    26.787      0.922      0.921    499385376 
    26.789      1.357      0.921     18834874 
    26.790      0.786      1.579     35188752 
    26.791      7.363      1.413      8221720 
    26.805      1.576      0.785     45201648 
    26.826      3.718      1.693      7519706 
    26.854      8.376      1.687      6561335 
    26.860      1.570      1.405     68392648 
    26.861      0.858      1.695    104708936 
    26.861      0.858      1.695    104708936 
    26.865      0.502      1.157     27302096 
    26.879      7.961      1.697     20679418 
    26.889      1.801      1.401     23091120 
    26.904      2.935      1.396      6871910 
    26.908      1.326      1.156     21461054 
    26.908      2.934      1.560      6709799 
    26.912      4.212      1.397     11806794 
    26.939      8.113      1.571      6021261 
    26.939      4.216      1.562      7532251 
    26.954      8.120      1.393      5039076 
    26.971      0.783      1.399     13171413 
    27.083      4.097      1.689     22002896 
    27.177      3.172      1.689     41591232 
    27.183      0.662      1.679     35946992 
    27.189      1.033      1.296     55301000 
    27.191      0.653      1.035     22693524 
    27.196      1.296      1.032     64752088 
    27.197      0.654      1.294     14953478 
    27.207      1.686      1.862     59552932 
    27.223      7.590      1.679     11311978 
    27.254      1.714      1.037     11180321 
    27.272      3.173      1.863      9668779 
    27.293      4.036      1.860      7536522 
    27.349      4.211      1.636     10353153 
    27.356      7.863      1.637      7872544 
    27.379      7.544      1.861      7885094 
    27.563      7.857      1.697      9721323 
    27.703      3.464      2.042     17553930 
    27.715      4.370      1.960      5112409 
    27.717      1.807      1.958     40628676 
    27.718      1.806      2.043     40357824 
    27.726      2.164      1.957     34503524 
    27.739      3.467      1.955     10559620 
    27.837      0.685      0.845     12005100 
    27.855      8.958      1.655      5453923 
    27.899      0.843      0.841     34513416 
    27.900      0.588      1.657     16168241 
    27.908      0.850      1.661     37395316 
    27.924      1.655      0.846     28895724 
    27.951      0.779      1.455     38435004 
    27.960      1.976      1.457     14953878 
    27.961      1.971      1.195     10143085 
    27.969      0.779      1.199     30154614 
    27.970      1.201      1.455     77069568 
    27.987      1.451      1.197     61381084 
    28.056      8.488      2.881      7433765 
    28.096      6.691      2.907      8230330 
    28.140      8.313      2.897     12081052 
    28.142      4.506      2.893     51548660 
    28.531      0.666      2.195      4745632 
    28.552      1.804      2.052      4655332 
    28.619      2.589      2.196     15842440 
    28.620      7.591      2.197     13518616 
    28.642      7.586      2.319     17388786 
    28.643      2.320      2.195     99625944 
    28.659      2.323      2.322    139783760 
    28.666      4.003      2.194     19985536 
    28.686      4.018      2.323     14667316 
    28.687      2.598      2.324     19425232 
    28.702      4.263      1.688      3448302 
    28.707      0.688      2.336      3962553 
    28.809      0.495      1.790      3408338 
    28.824      4.302      1.786      3546242 
    28.834      2.886      1.675      9608978 
    28.838      2.895      1.783      5642557 
    28.907      0.490      1.676      3227826 
    29.024      3.733      1.920     13012287 
    29.035      8.884      1.924      5585432 
    29.043      3.734      2.082      8306606 
    29.045      8.888      2.080      9162674 
    29.051      7.567      1.154      7188358 
    29.060      2.487      1.920     11245829 
    29.066      0.824      1.151     33909440 
    29.072      3.708      1.680      9338988 
    29.077      4.176      2.085      6664981 
    29.078      7.579      1.688     13588728 
    29.079      1.153      1.687     68529800 
    29.081      3.709      1.151     12281078 
    29.085      1.686      1.150     67933248 
    29.085      0.824      1.686     32146332 
    29.090      1.150      1.148    106739128 
    29.105      7.982      2.106      5010964 
    29.110      2.483      2.085     12489194 
    29.175      3.422      1.571      3249922 
    29.199      3.415      0.056      4528432 
    29.211      3.968      1.535      6359808 
    29.217      3.980      1.457      7186646 
    29.234      2.698      2.183      9983412 
    29.235      0.059      0.057     20684352 
    29.236      7.996      2.175      4753863 
    29.242      8.582      1.580      5869746 
    29.245      3.935      1.613      4469978 
    29.247      0.057      1.582     17490262 
    29.251      8.472      2.189      8554516 
    29.253      0.605      0.061     11738946 
    29.255      1.589      0.060     16649688 
    29.259      6.696      1.572      5613948 
    29.276      2.717      1.933      7099931 
    29.284      1.943      2.170     48062292 
    29.285      3.894      2.418      4484037 
    29.309      0.628      1.565     18915906 
    29.309      7.274      2.411      3906493 
    29.315      6.899      2.416      5093726 
    29.325      2.424      1.609     17025968 
    29.337      1.609      2.423     13990997 
    29.369      8.479      1.935      7417292 
    29.415      4.363      1.962      4819190 
    29.424      4.349      2.106      8841887 
    29.466      3.629      2.188      4840360 
    29.490      1.539      1.546    307502176 
    29.497      2.204      1.616     15503527 
    29.520      2.240      1.491      9727578 
    29.520      0.913      1.551     16399064 
    29.522      0.899      1.475     16349249 
    29.522      7.206      1.609      2547482 
    29.528      6.926      1.596      3676726 
    29.534      1.488      1.475    372031584 
    29.541      2.927      1.473     25718210 
    29.580      0.694      1.467      9560908 
    29.582      2.916      1.552     22691636 
    29.709      2.068      2.263     46166812 
    29.714      2.255      2.263     72934792 
    29.742      7.848      2.059      4653646 
    29.755      4.135      2.263      7012574 
    29.768      7.835      2.263      5136722 
    29.768      2.438      2.057     15486577 
    29.775      7.515      2.261     10896690 
    29.779      7.503      2.062      8005067 
    29.780      2.444      2.263     16864974 
    29.783      4.136      2.056     15018738 
    29.795      0.586      2.068      4481458 
    29.813      0.358      2.050      2821651 
    29.818      2.241      2.057     71354640 
    29.827      7.653      1.796      7382902 
    29.866      7.523      1.787      5546102 
    29.886      7.539      1.925     17360534 
    29.888      4.061      1.847     16406059 
    29.890      4.065      1.655      7159147 
    29.897      4.123      1.794     11265431 
    29.904      3.170      1.929      8504413 
    29.917      3.776      1.632      4806274 
    29.920      0.969      1.635     13765402 
    29.924      4.799      1.653     23540430 
    29.945      1.646      1.649    700976000 
    29.945      1.646      1.649    700976000 
    29.946      0.666      1.658     16286853 
    29.949      2.935      1.650     49112164 
    29.959      4.324      1.642     11716396 
    29.971      8.492      3.197      6391142 
    30.021      8.106      1.670      4724928 
    30.068      4.035      1.920     25450646 
    30.095      8.073      1.936      7385100 
    30.111      8.048      2.013      5460016 
    30.131      3.176      1.844     13340868 
    30.144      0.895      1.897     16142380 
    30.150      8.168      3.035      5624880 
    30.158      4.373      3.157     14305878 
    30.171      8.408      1.916     27847680 
    30.174      8.178      1.874     10921506 
    30.176      2.173      1.899    152110032 
    30.185      4.242      1.994     37354492 
    30.193      4.516      3.014     52308844 
    30.199      1.984      1.991   1853047296 
    30.200      8.182      1.985     10456787 
    30.200      3.185      3.295     29269266 
    30.215      8.517      2.005      6103656 
    30.234      4.510      2.946     31839378 
    30.272      0.887      2.003      8052202 
    30.272      4.230      1.891     40681968 
    30.283      7.637      3.177      4284850 
    30.291      8.501      3.289      5060232 
    30.299      8.326      2.000      8982829 
    30.332      0.621      1.997      4590001 
    30.405      7.843      1.877     13082126 
    30.800      3.168      1.873      9978286 
    30.983      1.700      1.875     94181064 
    31.008      8.045      1.876      5544992 
    31.021      8.027      1.707      4765970 
    31.021      8.407      1.876      8019582 
    31.061      1.872      1.705     53345968 
    31.073      4.150      1.704      6987820 
    31.106      3.182      1.708      6921674 
    31.127      8.405      1.699      4285728 
    31.308      7.168      2.267      9058928 
    31.318      0.782      2.262     17046002 
    31.344      3.733      2.266      7958021 
    31.376      0.374      2.262     14643515 
    31.379      6.871      2.263     14480069 
    31.499      1.911      1.920    114426040 
    31.530      9.255      1.940      7389130 
    31.533      9.262      2.099      5732822 
    31.550      5.130      1.939      5863352 
    31.561      5.137      2.090      7063954 
    31.612      2.100      1.941     61883044 
    31.707      8.242      1.783      6015469 
    31.750      9.337      3.029      4744148 
    31.755      8.247      2.188      8487392 
    31.766      3.768      1.790      5213132 
    31.792      7.111      2.985      3794580 
    31.794      3.476      1.791      7640291 
    31.795      2.189      1.788     80364080 
    31.798      4.264      2.190     30883572 
    31.811      1.789      2.193     82662512 
    31.861      3.493      2.204      5228636 
    31.862      1.932      1.797     51041444 
    31.864      4.266      1.789     15117152 
    31.866      1.161      2.975      6088050 
    31.870      2.975      3.317     25039240 
    31.878      3.748      2.203      4250682 
    31.889      6.921      3.314      3603595 
    31.893      3.317      2.980     29259346 
    31.918      8.698      2.452      8338022 
    31.920      5.443      2.980      4316214 
    31.926      9.315      2.974      5621654 
    31.950      0.950      2.458     19113280 
    31.955      5.431      3.315      6716288 
    31.959      7.050      2.459      3875162 
    31.965      3.745      2.461      6502064 
    31.972      7.692      1.924      5852856 
    31.989      1.059      2.455     20581364 
    32.008      9.306      3.323      5067206 
    32.023      7.650      2.455     13977209 
    32.044      7.699      1.838      6044812 
    32.059      0.495      1.919      6026936 
    32.072      0.496      1.840      7943654 
    32.079      1.902      1.911     99342176 
    32.102      4.305      1.926      6216016 
    32.164      8.516      1.912      4160987 
    32.268      7.889      1.671      3394843 
    32.322      7.903      2.242      3977810 
    32.340      2.231      1.666     19068872 
    32.342      1.668      2.235     19051648 
    32.360      6.508      2.240      5471478 
    32.362      4.147      2.254      4535390 
    32.370      1.377      1.660     10346503 
    32.393      1.673      1.674     35157396 
    32.418      3.139      1.666      6213934 
    32.439      4.163      1.668      4589281 
    32.450      1.363      2.228      6262276 
    32.478      6.519      1.666      6422250 
    32.564      4.079      2.034     17154682 
    32.577      0.891      2.036     78949672 
    32.577      0.891      2.036     78949672 
    32.578      8.495      2.041      5803752 
    32.647      8.254      2.030     17533204 
    32.730      7.371      1.763      7172874 
    32.731      2.267      1.766     13453443 
    32.738      4.589      1.899     12689861 
    32.742      7.371      1.891      5193235 
    32.766      4.588      1.770      9044086 
    32.772      2.263      1.896     15306113 
    32.817      8.293      1.897      6928510 
    32.848      1.782      1.774    220335568 
    32.903      8.321      1.740      7931690 
    32.906      8.118      1.807     11691439 
    32.943      4.224      1.824     11692247 
    32.944      7.589      1.802      4797510 
    32.945      1.448      1.786     25608600 
    32.973      3.973      1.739     11699277 
    32.984      3.988      1.788     10207448 
    32.990      0.658      1.756     10326772 
    33.139      2.954      1.844      3599853 
    33.285      1.294      1.839     10535485 
    33.344      8.369      1.830      7777803 
    33.377      1.261      2.127      8341790 
    33.402      3.770      1.853      6555506 
    33.426      1.211      2.121      8140315 
    33.433      8.233      2.118      7634444 
    33.434      3.774      2.117      8953161 
    33.435      8.230      1.838      7978048 
    33.438      2.118      1.846     32358548 
    33.451      1.846      2.119     30929984 
    33.475      8.408      2.119      5367448 
    33.495      1.638      2.120     13442564 
    33.536      4.319      2.124      4281129 
    33.579      4.335      1.852      -877460 
    33.772      2.330      2.102     27210904 
    33.806      2.327      1.938     18798812 
    33.823      4.364      2.335      6814419 
    33.834      1.015      1.953     36040952 
    33.841      0.953      1.954     41197232 
    33.861      8.772      1.953     15527310 
    33.863      4.443      1.959      3991969 
    33.910      4.592      1.954      8402767 
    33.925      7.257      2.339      7659239 
    33.945      8.405      1.951      6169846 
    34.037      1.674      1.930     45964464 
    34.053      7.190      1.928      6405058 
    34.085      5.179      1.928      9927481 
    34.091      8.375      1.674      6707360 
    34.092      7.218      1.676      5092990 
    34.098      1.930      1.672     60955280 
    34.110      5.184      1.670      9497823 
    34.157      0.655      2.614      3514004 
    34.187      2.598      2.329     93613832 
    34.203      6.801      2.614      4598399 
    34.213      7.586      2.333     11994117 
    34.219      2.334      2.606    109484376 
    34.222      4.004      2.332     20258188 
    34.233      4.019      2.608     12092464 
    34.245      1.568      2.074     17319618 
    34.267      0.976      2.075     55599304 
    34.269      7.249      2.608     11226420 
    34.272      8.241      2.077     13190707 
    34.285      4.349      2.074     14512032 
    34.285      7.583      2.604     14363394 
    34.309      8.611      2.073      9355503 
    34.421      5.215      1.132      3795609 
    34.505      1.144      1.296     12312561 
    34.522      1.287      1.136      7410958 
    34.587      1.302      1.295     12576566 
    34.591      0.657      1.284      7081980 
    34.904      7.129      1.827      4448979 
    34.923      4.442      1.820      6845407 
    34.931      8.453      1.806      3924622 
    34.945      8.774      1.821      3962896 
    34.998      0.579      1.824     10435419 
    35.057      5.301      1.978      4057948 
    35.077      0.909      1.985     20270888 
    35.125      0.651      1.983     19669492 
    35.137      0.690      1.332      4001845 
    35.144      0.898      1.824      6348516 
    35.145      9.316      1.325      3371608 
    35.156      7.544      1.984     12748290 
    35.169      8.412      1.983      8273012 
    35.179      4.787      1.343      7014453 
    35.180      4.017      1.986      7479896 
    35.181      1.332      1.817     29865024 
    35.181      1.332      1.817     29865024 
    35.185      1.338      1.338     27272184 
    35.185      1.338      1.338     27272184 
    35.192      1.810      1.338     22840172 
    35.198      0.912      1.338      3949254 
    35.199      9.336      1.823      4970715 
    35.212      4.801      1.827      6097012 
    35.675      6.924      2.138      3501944 
    35.676      7.264      2.131      6676878 
    35.690      5.176      1.925      4644676 
    35.768      0.558      1.854     20975158 
    35.779      1.156      1.851     12042715 
    35.788      9.128      1.855      9076872 
    35.810      3.644      2.146      6672066 
    35.826      1.005      1.854     20026928 
    35.834      4.549      1.862      5006430 
    35.842      0.815      2.148      9850511 
    35.911      6.719      1.845      4229318 
    35.923      8.443      1.848      3816046 
    35.951      0.926      2.137      9643754 
    35.986      3.654      2.222      6302052 
    35.991      8.365      2.390      4935656 
    35.993      8.970      2.390      9539942 
    36.000      0.893      2.388     33393722 
    36.000      0.893      2.388     33393722 
    36.003      4.228      2.310      9274451 
    36.008      4.760      2.387     19330316 
    36.028      7.127      1.996      6889803 
    36.064      7.143      2.191      7569098 
    36.076      8.193      2.167     12011304 
    36.104      4.240      2.203     35822220 
    36.123      8.760      1.992      4779824 
    36.153      0.349      2.197      3956688 
    36.158      0.663      2.454      3618845 
    36.174      2.220      2.219   4720503296 
    36.174      2.220      2.219   4720503296 
    36.177      1.563      2.452      4855210 
    36.190      4.584      2.077     15070527 
    36.192      7.513      2.451     16919446 
    36.193      7.380      2.255      8809946 
    36.194      4.589      2.277      8224292 
    36.197      4.312      2.453      5221494 
    36.205      4.135      2.455      8173393 
    36.218      4.129      2.196     31142638 
    36.220      2.214      2.452    116554352 
    36.220      8.410      2.191     22676418 
    36.248      7.526      2.202      9199527 
    36.259      0.896      2.194     23413252 
    36.259      0.896      2.194     23413252 
    36.344      4.136      2.118     10826666 
    36.520      9.145      2.136      5573797 
    36.540      5.128      2.128      7267578 
    36.559      5.128      2.223      8651049 
    36.565      9.253      2.132      5436692 
    36.584      9.249      2.222      5725468 
    37.357      7.630      2.793     10606045 
    37.383      7.632      3.061     11760007 
    37.385      2.792      3.059     88605056 
    37.388      6.848      3.067      7299041 
    37.389      4.805      2.792     25449266 
    37.389      4.807      3.058     25965232 
    37.390      3.059      2.793     82483856 
    37.411      8.105      2.791      6597168 
    37.412      6.830      2.795      4410972 
    37.415      8.109      3.064      6018019 
    37.422      7.420      2.037      4655570 
    37.545      6.858      2.911      6519872 
    37.557      6.865      2.044      7501432 
    37.579      1.247      2.486      7286048 
    37.589      2.912      2.034     67964512 
    37.590      2.037      2.912     71829008 
    37.593      5.430      2.037      9641087 
    37.601      4.751      2.035     13606975 
    37.607      5.434      2.911      8254574 
    37.614      4.752      2.913     20368858 
    37.625      3.736      2.485     12650883 
    37.643      3.667      1.801     12344995 
    37.650      0.932      1.803     31453744 
    37.650      0.932      1.803     31453744 
    37.651      3.961      1.985      5944592 
    37.655      7.414      2.912      7041866 
    37.656      2.489      2.018     64760396 
    37.657      7.581      1.800     16907608 
    37.659      2.020      2.487     80489728 
    37.662      3.736      2.017     14932351 
    37.662      8.891      2.487     10680381 
    37.666      8.897      2.015      9508183 
    37.673      8.179      1.800      8171954 
    37.673      1.197      1.992      9190903 
    37.685      0.799      2.489      4624444 
    37.693      0.789      1.990     22547220 
    37.705      1.131      1.802      7818996 
    37.752      1.462      1.981      8504365 
    37.963      3.618      2.135      8621170 
    37.968      1.948      2.134     17608758 
    37.983      1.916      2.708     10471777 
    37.999      8.474      2.721      6581316 
    38.050      2.711      2.137     34260700 
    38.071      2.143      2.713     40456872 
    38.127      7.846      1.670      9704406 
    38.169      4.002      1.682     11577089 
    38.184      8.953      1.480      5672526 
    38.191      8.584      1.668     10894050 
    38.193      6.235      3.498      2355533 
    38.198      3.909      2.699      8765575 
    38.199      7.122      2.694      9483046 
    38.204      0.639      1.685     27218064 
    38.224      7.124      3.501      5471934 
    38.224      1.486      1.485     49623660 
    38.225      7.840      2.696      5485146 
    38.227      7.846      3.497      8328585 
    38.227      6.239      2.688      3697046 
    38.240      0.687      1.487     13734807 
    38.240      0.687      1.487     13734807 
    38.245      2.698      3.502     21789354 
    38.254      3.925      3.492      7606253 
    38.256      3.498      2.694     22239636 
    38.312      8.572      3.485      3821790 
    38.354      0.761      3.492      4713826 
    38.404      0.643      1.720     34689504 
    38.412      1.036      1.722      9399467 
    38.440      1.306      1.721     14307358 
    38.441      8.169      1.722     17829918 
    38.916      7.586      2.788      6956770 
    38.932      2.725      2.153      6681934 
    38.993      7.588      2.707      6529718 
    39.000      4.637      2.782     13876425 
    39.009      4.638      2.705     12707106 
    39.018      8.383      2.779      5549586 
    39.080      8.364      2.710      6062844 
    39.106      2.170      2.166     43115668 
    39.142      4.122      3.003      2291703 
    39.225      4.258      2.989      9597121 
    39.229      4.249      2.157      7192213 
    39.242      2.150      2.991     28029776 
    39.242      2.994      2.151     27864604 
    39.271      1.847      3.012      4144212 
    39.604      2.679      2.860     20474310 
    39.639      6.847      2.869      7698424 
    39.653      6.854      2.676      6529151 
    39.693      8.173      2.862      9081418 
    39.741      8.174      2.667      7921589 
    39.742      1.074      2.667      3603550 
    39.755      0.943      2.673      6529710 
    39.809      3.933      2.852      3709089 
    39.861      2.861      2.672     26424380 
    40.113      8.085      2.590      4761264 
    40.145      7.220      3.907      6500275 
    40.146      3.899      2.668     20231218 
    40.193      2.667      3.899     13850543 
    40.216      7.650      3.905      4663310 
    40.222      8.812      3.900      3082864 
    40.254      4.551      3.902      4250794 
    40.257      4.324      2.591     20417540 
    40.258      7.225      2.664      6385978 
    40.263      8.634      2.664     20171786 
    40.272      8.801      2.661      4584744 
    40.272      8.624      2.588     16768934 
    40.281      4.337      2.665     26324714 
    40.281      4.337      2.665     26324714 
    40.287      4.428      2.729     14388760 
    40.298      8.095      2.667      4361800 
    40.302      7.631      2.670      4979738 
    40.444      6.893      3.233      3398180 
    40.475      5.040      2.918      3575337 
    40.508      2.919      3.249     21221458 
    40.513      7.174      3.245     10899344 
    40.519      2.229      3.242      4935568 
    40.522      0.942      3.247      4143611 
    40.525      3.249      2.918     20951480 
    40.533      7.185      2.913      9559689 
    40.536      2.249      2.912      4865486 
    40.560      5.041      3.243      7378952 
    40.563      6.866      2.913      3248443 
    40.650      1.092      3.221      1390321 
    40.776      0.513      1.999      4347245 
    40.794      3.737      1.370      4729874 
    40.804      3.974      1.994      6564740 
    40.820      0.755      1.992      9427339 
    40.839      0.493      1.382      5538181 
    40.841      8.538      1.994     10160258 
    40.842      0.764      1.373     13500921 
    40.843      0.917      1.992     13408406 
    40.845      8.542      1.362      9993263 
    40.848      1.990      1.367     25785696 
    40.849      1.367      1.991     24519680 
    40.852      3.729      1.992      9073333 
    40.854      0.925      1.371     15202465 
    40.858      3.978      1.365      7643290 
    40.879      7.800      1.983      5592094 
    41.157      7.864      3.171      3152215 
    41.225      7.874      2.616      4148676 
    41.235      7.125      2.632      6881222 
    41.287      3.157      2.629     22234362 
    41.299      2.630      3.156     23980676 
    41.356      7.661      3.032      2554181 
    41.365      7.125      3.164      6921182 
    41.417      8.234      3.047      8102286 
    41.452      4.806      3.039     17810994 
    41.453      4.808      3.119     14649363 
    41.455      0.863      1.523     33384846 
    41.461      4.071      1.527     16030929 
    41.472      7.907      1.526      8787344 
    41.482      1.739      1.524     68261792 
    41.492      8.241      3.123      8193577 
    41.499      7.910      1.753     11747200 
    41.502      4.056      1.757     12550224 
    41.512      0.863      1.755     25262994 
    41.715      1.789      2.806      6837452 
    41.718      6.468      1.781      7443482 
    41.718      7.354      1.390      6294356 
    41.730      3.716      1.844      8352624 
    41.735      7.931      1.413      2972268 
    41.739      4.011      1.673     14356509 
    41.742      4.011      1.849     14999137 
    41.745      0.849      1.849     23919518 
    41.748      8.337      1.674      7713184 
    41.749      0.568      1.390     10324303 
    41.750      1.684      1.849     96687248 
    41.756      7.981      1.675     12534643 
    41.758      7.360      1.586     13353593 
    41.759      0.331      1.392      7982292 
    41.764      7.981      1.850     15587712 
    41.770      8.331      1.853      7717252 
    41.775      1.841      1.675     65893648 
    41.786      4.071      1.579     12271061 
    41.795      0.585      1.585      8873685 
    41.803      0.333      1.590     12186223 
    41.819      0.845      1.679     25753716 
    41.825      5.386      2.259     10116360 
    41.834      4.071      1.390     10049369 
    41.839      3.717      1.668      6696892 
    41.851      1.787      2.263     23410496 
    41.864      1.468      2.795     30202342 
    41.870      1.053      2.792      8974000 
    41.871      5.383      1.782      8248092 
    41.875      0.936      2.793     20914158 
    41.878      2.261      1.785     26124150 
    41.884      0.661      2.794      6111922 
    41.891      8.361      2.740      6460576 
    41.891      8.361      2.740      6460576 
    41.899      8.458      2.261      4990258 
    41.908      8.356      3.123      8624486 
    41.910      7.878      1.737     10997097 
    41.915      6.464      2.265      9641604 
    41.929      5.287      3.125      9130619 
    41.930      5.289      2.743      5780450 
    41.935      7.205      3.124     10563322 
    41.937      8.486      1.781      5306706 
    41.941      2.744      3.127     52454988 
    41.947      7.190      2.743      8457540 
    41.948      3.124      2.738     46677356 
    41.960      0.865      1.568     26027882 
    41.978      7.896      1.570      9327357 
    42.000      4.239      1.567     13408574 
    42.017      4.796      2.912     86643040 
    42.022      4.225      1.736      8056594 
    42.117      3.749      1.190      6354633 
    42.140      0.970      2.924     30991204 
    42.141      6.647      2.921      8623259 
    42.148      1.637      2.922    117888112 
    42.148      1.637      2.922    117888112 
    42.152      0.668      2.915     36177096 
    42.154      1.477      1.762     49274144 
    42.155      2.089      2.927     21246496 
    42.164      4.090      1.758     13750775 
    42.167      1.472      1.197     11047814 
    42.169      7.046      1.475      4098568 
    42.173      0.775      1.188      7854452 
    42.174      4.091      1.469     11780799 
    42.174      6.845      1.461      3002113 
    42.175      1.192      1.921     24654634 
    42.175      3.749      1.926      9601533 
    42.177      1.196      1.194     28741920 
    42.178      3.907      1.760      8756009 
    42.179      1.277      2.928     43972340 
    42.181      8.897      1.924      5030609 
    42.182      1.924      1.192     23695216 
    42.185      3.893      1.472      8042094 
    42.185      0.665      1.763     18379270 
    42.187      1.752      1.470     49679936 
    42.189      0.371      1.924     10951056 
    42.200      7.602      1.764     14726376 
    42.200      7.602      1.764     14726376 
    42.202      0.660      1.470     14209805 
    42.203      8.623      1.769      5900644 
    42.203      8.319      1.918      5672648 
    42.204      8.257      2.932      4162322 
    42.208      0.372      1.190     10812635 
    42.210      8.621      1.468      5924456 
    42.211      0.780      1.920      5370974 
    42.211      6.643      2.968      8316240 
    42.237      7.606      1.470     10480488 
    42.245      7.037      1.757      4898032 
    42.265      1.480      1.926     10244357 
    42.274      4.233      2.962      5182129 
    42.523      7.054      2.705      5830692 
    42.585      6.836      2.058      7125672 
    42.586      2.060      2.717     21895016 
    42.600      2.715      2.060     22875198 
    42.615      1.848      2.065      6333657 
    42.621      0.378      2.053      6193998 
    42.626      7.053      2.047      4397564 
    42.629      4.706      2.062      5408810 
    42.656      8.962      2.717      4119552 
    42.658      1.846      2.717      6887131 
    42.659      8.953      2.065      4009154 
    42.665      0.364      2.701      3809590 
    42.669      6.811      2.713      7476135 
    42.682      5.024      2.957     12567113 
    42.703      4.733      2.716      3897216 
    42.712      0.868      2.955     11228880 
    42.712      1.340      2.961     25410164 
    42.712      1.594      2.955     17274486 
    42.712      1.836      2.961     10845625 
    42.723      1.078      2.709      2475982 
    42.811      9.281      2.961      3444473 
    43.033      8.421      3.177      4521128 
    43.042      7.227      3.174      7809418 
    43.067      8.031      3.168      5764696 
    43.174      1.682      3.175    113256312 
    43.261      4.167      3.177     18934440 
    43.317      0.841      3.177      8810350 
    43.429      1.860      3.188     58833160 
    45.094      8.216      3.880     36641108 
    45.107      8.275      3.879     38551708 
    45.127      7.883      3.878     12607212 
    45.145      7.883      3.723     12289914 
    45.146      8.252      3.727     12017279 
    45.153      3.731      3.727    162982320 
    45.341      8.460      3.954      6992033 
    45.361      1.490      4.200      2708587 
    45.369      8.676      4.052      8617185 
    45.415      8.672      4.232      8272742 
    45.429      4.229      4.045     61610484 
    45.435      4.052      4.236     59692416 
    45.437      1.503      3.746      4043066 
    45.451      8.414      4.048     12119019 
    45.465      8.412      4.242      9414124 
    45.475      0.408      3.736      4986071 
    45.501      8.310      3.750      6059194 
    45.588      8.354      4.202      7652847 
    45.603      3.754      4.203     34824944 
    45.621      4.204      3.756     30725250 
    45.640      0.408      4.194      4570390 
    45.671      0.485      1.152     16615666 
    45.674      0.491      1.338     13103739 
    45.676      1.330      1.334     34183748 
    45.679      1.157      1.334     38199228 
    45.679      1.153      1.149     50261860 
    45.686      1.330      1.148     24283730 
    45.719      8.562      1.335      3575548 
    45.720      8.414      1.334      4662934 
    45.726      4.565      1.154      4946593 
    45.751      8.376      1.155      4662672 
    46.867      7.707      3.919      9201889 
    46.869      1.549      3.913      9797441 
    46.956      7.981      3.912     20489224 
    47.289      4.630      1.224      5610085 
    47.307      1.223      1.474     42571852 
    47.307      0.699      1.224     11039108 
    47.315      0.374      1.477     10556372 
    47.318      1.224      1.224     47200592 
    47.319      1.476      1.473     59077324 
    47.324      4.635      1.468     11346264 
    47.326      1.476      1.224     34823520 
    47.327      0.368      1.231      6980494 
    47.340      0.769      1.474     14199908 
    47.340      0.769      1.474     14199908 
    47.399      8.385      1.227      3998848 
    49.942      2.190      3.468      6957375 
    49.951      1.163      3.751     10596031 
    49.954      2.180      3.753      6639775 
    49.962      4.391      3.751     34325316 
    49.968      4.392      3.467     25674676 
    49.969      3.468      3.751     64392096 
    49.971      3.751      3.467     70268688 
    49.972      1.166      3.466     17056426 
    49.973      2.020      3.469     20822294 
    49.978      1.981      3.753     20976736 
    49.982      1.847      5.026     23664960 
    49.989      1.798      3.467     10249340 
    49.996      9.259      5.025     32260520 
    50.005      5.023      5.024    121036536 
    50.007      1.807      3.751      7483279 
    50.017      2.956      5.023     10266280 
    50.276      8.662      5.621     17672366 
    50.281      7.163      5.633      3893224 
    50.288      1.156      5.622     21675710 
    50.300      4.591      5.619     11514087 
    50.322      8.400      5.628      3573519 
    51.040      8.411      4.385      7309802 
    51.072      3.475      4.395     21145068 
    51.080      3.753      4.391     29255630 
    51.081      1.167      4.393     26152962 
    51.104      1.993      4.391      8041196 
    51.696      8.626      4.369     60495880 
    51.697      1.490      4.368     59229264 
    52.597      2.166      4.260     12325393 
    52.652      2.986      4.262     11785982 
    52.696      1.155      4.567      8280343 
    52.712      0.483      4.576      9530834 
    52.721      8.375      4.582      8766368 
    52.754      8.541      4.576      2457668 
    52.801      1.355      4.254     40304768 
    53.244      8.214      4.222     48736552 
    53.258      1.562      4.223     53450756 
    53.268      2.759      4.638     20254280 
    53.269      7.574      4.222     15526264 
    53.285      8.339      4.634     21588788 
    53.285      8.339      4.634     21588788 
    53.549      1.509      4.243     40659164 
    53.758      7.900      4.255     15462717 
    53.858      1.887      4.587     20773996 
    53.865      7.364      4.591      7742047 
    53.923      1.784      4.590     13252463 
    53.926      2.076      4.586     13949354 
    53.950      2.268      4.592      8936398 
    53.955      8.290      4.588     38136164 
    53.985      1.850      4.128     11148380 
    54.006      1.391      4.127     56043192 
    54.008      1.662      5.179     12182712 
    54.008      0.335      5.181      6182663 
    54.029      8.375      5.179     31162268 
    54.029      0.406      5.178     11395520 
    54.029      5.305      5.185     28621154 
    54.040      1.928      5.179     18709628 
    54.044      7.505      4.125     13077352 
    54.051      1.497      4.640     16014247 
    54.064      0.724      4.639      7673384 
    54.067      9.316      4.637     24411156 
    54.068      7.295      5.185      7598397 
    54.084      0.966      4.641      9374013 
    54.084      0.966      4.641      9374013 
    54.104      1.222      4.638     10947915 
    54.302      1.151      5.430      7095400 
    54.327      3.318      5.434     11214167 
    54.335      0.676      5.431      5416534 
    54.365      9.198      5.431     24729204 
    54.370      5.076      5.434     12000657 
    54.371      5.433      5.433     80066624 
    54.397      3.001      5.432      6444301 
    54.522      8.469      4.439      6174876 
    54.549      2.206      4.441     10908693 
    54.591      1.960      4.438     12534567 
    54.596      0.948      4.437      7914477 
    54.601      8.771      4.436     47765860 
    54.606      1.823      4.436     25823652 
    54.833      9.335      5.387      3292214 
    54.858      1.793      5.385     18557396 
    54.860      4.713      5.385     13037505 
    54.863      8.475      5.385     21447528 
    54.877      0.582      5.387      8505253 
    54.877      2.259      5.386     16003361 
    54.878      8.287      5.391      7120930 
    54.904      6.441      5.382      5420560 
    55.123      1.882      4.146     15682518 
    55.135      3.165      4.138      5416718 
    55.138      1.690      4.140     19115314 
    55.149      0.712      5.220      6205348 
    55.160      2.083      4.180     13242447 
    55.162      1.064      5.129      5366920 
    55.163      8.408      4.162     24007016 
    55.180      2.105      5.127     12816342 
    55.192      8.964      5.225     17006132 
    55.222      1.374      4.182     63850700 
    55.247      9.124      5.124     22747626 
    55.258      9.129      5.206      4336710 
    55.258      5.147      5.215     18167768 
    55.260      1.919      5.132      8483722 
    55.260      1.112      5.221      9611649 
    55.267      1.310      5.225      7493513 
    55.303      8.015      4.131      3932097 
    55.341      1.309      5.112      4864474 
    55.341      5.232      5.124     17904164 
    55.366      8.897      4.231     13753732 
    55.373      1.336      4.222     60210304 
    55.390      3.251      5.034     10447020 
    55.406      7.167      5.036     21761010 
    55.437      8.890      5.035     29384050 
    55.546      1.579      4.245     16614446 
    55.549      8.358      3.993     13345395 
    55.557      0.863      3.992     21118246 
    55.561      1.375      3.992     52150112 
    55.590      0.836      4.245     24274446 
    55.592      1.697      4.243     17210932 
    55.592      1.697      4.243     17210932 
    55.593      0.596      4.002     22095450 
    55.595      1.679      3.999     34429104 
    55.606      8.575      3.998      6260003 
    55.613      1.552      4.000     61774068 
    55.630      7.812      4.001     17977314 
    55.692      8.065      4.245     10500355 
    55.723      2.996      5.048      9421359 
    55.813      8.117      4.549     10868364 
    55.889      3.026      4.531     80758720 
    55.978      2.101      4.366     12603751 
    55.989      8.270      4.366     10139963 
    55.993      2.333      4.368      5944514 
    55.997      1.970      4.366      9517964 
    56.118      8.659      4.421      9156987 
    56.131      7.637      3.845      6457218 
    56.132      2.699      4.424     22116604 
    56.143      1.095      3.847     35795432 
    56.147      0.413      5.295      7005750 
    56.151      8.631      3.847     11371254 
    56.155      7.048      3.850     12843991 
    56.157      6.855      3.846     15474576 
    56.178      2.464      3.845      7959494 
    56.203      2.741      5.294      8848731 
    56.209      5.817      3.844      6219353 
    56.213      1.944      5.299      4373115 
    56.230      8.174      4.257     60332432 
    56.236      3.126      5.292      9800191 
    56.236      8.341      5.289     27073336 
    56.270      7.212      5.292      7072239 
    56.330      8.209      4.254     53504184 
    56.484      1.401      4.070     32347862 
    56.495      1.580      4.070     17824224 
    56.499      0.570      4.069     29364882 
    56.506      0.341      4.069      8948450 
    56.506      7.928      4.071      9098834 
    56.513      7.370      4.075     10963923 
    56.516      1.981      4.244     60701388 
    56.516      1.981      4.244     60701388 
    56.523      2.203      4.244     33125650 
    56.651      0.904      4.069      7514549 
    56.675      0.895      4.247      9098694 
    56.677      8.379      4.234     31028656 
    56.753      0.908      4.014      3809160 
    56.760      0.638      4.025      8246962 
    56.780      3.546      5.067      7755599 
    56.873      1.926      4.021     23347392 
    56.878      5.079      5.077     58309936 
    56.897      8.563      5.076     17577818 
    56.905      2.185      4.019     11779057 
    56.905      2.002      4.018     10715892 
    56.910      1.874      4.212     40421156 
    56.911      8.415      4.020     31067342 
    56.911      8.415      4.020     31067342 
    56.939      5.439      5.080      9371287 
    57.060      7.874      4.206     22635856 
    57.077      1.681      4.208     17925650 
    57.098      9.179      5.081      2094331 
    57.158      3.048      4.380     17551268 
    57.174      3.143      4.381     20062606 
    57.304      2.639      4.320     34740060 
    57.309      1.634      4.321     22702166 
    57.329      8.623      4.323     14849547 
    57.353      2.118      4.321     11412591 
    57.380      8.099      4.319      8488193 
    57.383      1.850      4.320     12316157 
    57.672      0.374      4.542      4919322 
    57.744      7.632      4.546      5986858 
    57.745      7.122      3.974      9249154 
    57.764      0.501      3.975     15094077 
    57.767      0.759      3.974     28532446 
    57.784      1.371      3.973     12556656 
    57.786      6.880      4.542      7717768 
    57.800      6.489      3.660      1998450 
    57.828      2.200      3.645     14251523 
    57.833      1.803      3.642     12556292 
    57.834      2.420      3.646      7282310 
    57.836      0.938      3.643     19418012 
    57.849      0.659      4.088     31858070 
    57.852      7.592      4.086     24812202 
    57.862      1.609      3.638     11081891 
    57.863      7.157      4.540     17131274 
    57.866      0.824      3.641     13133378 
    57.890      8.835      4.545      5267846 
    57.938      2.665      4.538      9190737 
    57.953      2.187      4.081     19250646 
    57.954      1.514      4.082     26227464 
    57.966      1.742      4.081     33049060 
    57.988      3.167      4.534      8069124 
    58.003      0.502      3.736      8811386 
    58.012      0.862      4.077     39122340 
    58.046      7.905      4.074     10237840 
    58.091      8.688      4.214      6510402 
    58.104      0.777      4.216     22068352 
    58.112      1.815      4.216     25330110 
    58.129      8.113      4.217     10219322 
    58.130      1.641      4.217     13537737 
    58.148      1.396      4.217     18026518 
    58.165      0.411      3.732     25161066 
    58.167      1.189      3.732     14020057 
    58.173      1.471      3.732      9991164 
    58.174      1.912      3.732     14665964 
    58.185      7.597      4.215      3935696 
    58.232      2.195      3.997     27918140 
    58.250      2.326      3.997     40548196 
    58.256      8.317      3.725      6000312 
    58.268      7.581      3.998     23610410 
    58.272      8.888      3.736      3309806 
    58.278      2.609      3.998     11730036 
    58.284      8.284      4.535     26768516 
    58.289      8.533      4.496     30187978 
    58.289      8.533      4.496     30187978 
    58.306      2.882      4.498     57195352 
    58.306      2.882      4.498     57195352 
    58.361      0.834      4.003     29875522 
    58.371      1.621      4.300     11054350 
    58.377      1.847      4.002     28934798 
    58.377      1.847      4.002     28934798 
    58.382      7.974      3.998     11180856 
    58.384      1.682      4.002     30996534 
    58.407      1.858      4.303     15206580 
    58.481      7.704      4.309      6791346 
    58.843      1.780      4.128     13312527 
    58.993      2.100      4.129     23158972 
    59.066      2.210      4.133     25145372 
    59.096      7.518      4.132     15973372 
    59.101      0.656      3.977      3691176 
    59.103      2.442      4.135      7533064 
    59.144      1.727      3.989     27338878 
    59.159      7.838      4.138     10977484 
    59.160      1.440      3.986     25799540 
    59.190      8.335      3.984     11193682 
    59.202      1.487      4.054     15062738 
    59.211      8.074      3.982      3564560 
    59.213      7.537      4.062     14533677 
    59.217      1.682      4.051     15330324 
    59.235      1.862      4.055     27573580 
    59.280      0.831      3.993      3988154 
    59.494      3.279      4.331     15015207 
    59.524      3.219      4.331     13685073 
    59.551      8.491      4.331      9164072 
    59.615      2.242      3.138      8736962 
    59.668      1.324      3.132     10671489 
    59.671      7.221      3.139      4425018 
    59.683      2.873      3.137     10761672 
    59.696      1.661      3.139     13073395 
    59.704      2.689      3.141      7386546 
    59.747      6.523      3.143      5631738 
    59.902      0.776      3.735     10636509 
    59.918      1.549      3.746      4754151 
    59.922      7.974      3.732      5025282 
    59.930      2.002      3.736     43345436 
    59.935      8.891      3.737     11098260 
    59.941      1.377      3.738     10241972 
    59.963      2.489      3.732     11997301 
    59.990      2.151      3.618     18749920 
    59.993      1.930      3.623     15927249 
    60.066      2.711      3.614      7276038 
    60.121      0.347      4.549      8458305 
    60.137      7.298      4.554      8094462 
    60.165      1.143      4.551     31571580 
    60.186      8.210      4.550      9154116 
    60.200      4.804      4.551     33109996 
    60.209      3.692      4.217     26765988 
    60.326      1.522      4.359     12907033 
    60.377      8.619      4.356     67026448 
    60.390      2.082      4.359     16062564 
    60.392      0.975      4.358     47150728 
    60.430      8.240      4.360     12731869 
    60.473      0.987      3.774      8903011 
    60.480      1.896      3.773     17659470 
    60.492      2.120      3.774     19403268 
    60.511      1.199      3.776     21202410 
    60.528      8.252      3.774     11484360 
    60.535      0.343      3.773     15487683 
    60.542      7.559      5.288      5340827 
    60.548      1.608      3.775      8124511 
    60.555      1.979      5.300      6611438 
    60.602      0.651      5.293     12523789 
    60.610      8.820      5.305      4517402 
    60.622      4.790      5.300     10696843 
    60.656      9.562      5.296     22543446 
    60.672      0.913      5.294     16718363 
    60.672      0.913      5.294     16718363 
    60.700      1.140      4.597     20568182 
    60.735      1.022      4.589     24973114 
    60.735      1.022      4.589     24973114 
    60.758      5.622      4.598     12269214 
    60.774      0.563      4.568     13199178 
    60.775      7.147      4.586      3693810 
    60.780      8.424      4.581     38387632 
    60.822      1.843      4.571      9699320 
    61.019      2.700      4.157      3107870 
    61.030      1.679      4.156      6475532 
    61.104      3.794      4.157     14837999 
    61.125      3.858      4.155     17019962 
    61.166      2.221      4.160      7372734 
    61.195      1.722      4.018     12231929 
    61.210      0.643      4.018     19928872 
    61.212      8.247      4.017     25171716 
    61.217      1.034      4.016      8246546 
    61.280      3.030      4.154      3468606 
    61.447      8.480      3.913      3478176 
    61.453      1.775      3.920     10425430 
    61.475      8.170      3.914      9236262 
    61.481      6.852      3.918     12430673 
    61.485      1.060      3.916     13809601 
    61.494      2.863      3.916      9222592 
    61.510      0.945      3.926      9799206 
    61.516      2.676      3.918     15519757 
    61.733      1.654      4.072      8634332 
    61.760      0.665      4.069      4948530 
    61.768      7.858      4.079     10638397 
    61.788      1.802      4.072      9587452 
    62.045      8.396      4.313      7671548 
    62.070      1.169      4.312     11146253 
    62.112      8.242      4.310      4068954 
    62.362      1.431      3.758      3210338 
    62.367      8.951      3.975      4903771 
    62.388      0.785      3.969     21072636 
    62.390      1.202      3.970      5069956 
    62.397      0.891      4.081     57217432 
    62.405      2.035      4.082     24424518 
    62.407      4.081      4.080   1744212608 
    62.408      1.978      3.973      6625556 
    62.410      1.457      3.964      6901252 
    62.413      8.258      4.077     13307752 
    62.419      8.479      4.082     48548440 
    62.430      6.873      3.733     14217419 
    62.453      7.129      3.899      5482038 
    62.453      7.169      3.727     13731961 
    62.455      7.363      3.730     24472332 
    62.458      0.376      3.730     17096352 
    62.464      1.490      3.902      8529127 
    62.467      2.266      3.730     13684284 
    62.468      2.693      3.888     15424109 
    62.478      3.528      3.901     14038389 
    62.487      8.610      3.905      5985996 
    62.507      1.698      3.906     10306705 
    62.521      0.661      3.903     12895271 
    62.528      0.309      3.896      4704706 
    62.546      0.781      3.732     10522933 
    62.547      1.710      3.735      4127710 
    62.553      7.599      3.908     20556350 
    62.558      2.688      3.774      4966565 
    62.559      7.844      3.909     38721368 
    62.587      0.863      3.866      6161004 
    62.596      4.138      3.771     24136792 
    62.600      8.973      3.862      7565938 
    62.601      8.971      3.766      7718835 
    62.862      8.039      3.726      7927122 
    63.722      0.972      4.263     13202198 
    63.737      8.240      4.261     64614328 
    63.741      1.973      4.264     15291712 
    63.747      1.795      4.263     16642151 
    63.748      2.192      4.260     33275760 
    63.748      3.937      3.648     30850754 
    63.826      0.278      3.638     16888802 
    63.864      1.598      3.635      4436528 
    63.892      8.084      3.634      5630804 
    63.895      7.543      3.624      5389028 
    63.903      1.409      3.637      8982503 
    63.903      0.353      3.639      5415026 
    63.933      4.220      3.701     31684964 
    63.949      0.659      3.632      9141645 
    64.708      1.809      3.711     19021142 
    64.723      1.690      3.710     25795268 
    64.728      7.583      3.712     11693663 
    64.731      1.157      3.713     15580942 
    64.734      7.185      3.541      5290802 
    64.751      0.890      3.709     24533346 
    64.770      8.421      3.544      6673918 
    64.770      5.073      3.637      9001346 
    64.773      5.081      3.543     12541362 
    64.778      8.432      3.644      8615858 
    64.827      7.172      3.641      6242696 
    64.834      4.565      3.535      3805947 
    64.870      4.565      3.647      4167342 
    65.491      1.056      3.745     32777332 
    65.535      0.950      3.743     29662382 
    65.549      7.659      3.743     11889897 
    65.555      2.455      3.743      9092055 
    66.136      8.612      3.417     10970771 
    66.139      0.653      3.419     20473444 
    66.144      1.101      3.419     15028220 
    66.154      6.703      3.420     21197968 
    66.155      0.072      3.424     10673309 
    66.159      1.608      3.423     13469745 
    66.293      7.879      3.410      3246860 
    68.900      6.610      3.954      7170267 
    68.973      0.259      3.961     21754852 
    68.974      3.643      3.965     18394414 
    69.649      1.160      4.180     22026726 
   117.995      6.484      6.646     21144022 
   118.044      0.960      6.647      3346194 
   118.136      0.570      6.634      1852038 
   118.656      7.133      6.623     10648122 
   118.731      0.505      6.627      4644154 
   118.731      0.576      6.627      2847421 
   118.991      7.167      6.883      9267163 
   127.714      6.696      6.690     26373826 
   127.816      0.788      6.703      3405504 
   128.244      1.113      5.815      1296897 
   128.286      7.054      5.828      4471938 
   128.341      1.346      5.823      2784732 
   128.376      5.821      5.819     16478141 
   128.446      3.887      5.829      2480027 
   129.297      6.241      6.238     21583186 
   129.356      7.202      7.205     50953404 
   129.381      7.062      6.242      5117239 
   129.964      1.029      6.725      2977626 
   130.009      1.873      6.730      2410941 
   130.123      6.832      6.730     10680735 
   130.150      0.749      6.724      3575260 
   130.218      1.145      6.728      2494790 
   130.229      0.546      6.721      2022528 
   130.302      3.441      6.723      3603506 
   130.640      6.888      7.060      3491232 
   130.670      5.792      7.056      2411175 
   130.748      1.860      7.069      3026852 
   131.851      0.589      6.840      1692539 
   131.957      2.055      6.811      2794853 
   131.960      0.371      6.820      3111560 
   131.967      2.741      6.830      2182471 
   132.058      1.100      6.829      4157802 
   132.129      2.707      7.131      4090132 
   132.132      6.729      6.829     17369876 
   132.200      3.981      7.135      3551016 
   132.249      6.890      7.169      6568622 
   132.255      6.627      7.138      8728856 
   132.270      2.924      7.174      1605225 
   132.281      1.024      7.135      3661132 
   132.282      2.088      6.833      1993815 
   132.300      0.610      7.137      2292978 
   132.314      2.259      7.163      4737774 
   132.325      5.057      7.174      3974316 
   132.585      0.951      6.476      4259897 
   132.706      6.643      6.475     20411268 
   132.794      2.289      6.473      2936722 
   132.815      1.799      6.474      4517470 