   104.626      1.121      8.218      2204430 
   104.692      7.302      8.223      6279897 
   104.710      4.234      8.224      7866688 
   104.722      1.581      8.230      3107850 
   104.732      4.560      8.217      1272482 
   104.808      4.842      8.230      1804434 
   107.923      2.414      7.472      1804825 
   107.952      1.898      7.476      2077458 
   107.966      4.122      7.473      1600142 
   107.990      7.468      7.470     25006170 
   108.009      0.909      7.470      1977919 
   108.010      0.810      7.472      4039807 
   108.021      2.109      7.454      1611649 
   108.050      8.884      7.969      6942534 
   108.056      4.759      7.470      2044269 
   108.057      3.928      7.969     17942464 
   108.060      7.698      7.969      7245025 
   108.066      1.359      8.305      3031927 
   108.071      4.255      8.306     10383207 
   108.071      2.078      7.966      4355854 
   108.078      1.927      7.969      3709005 
   108.083      3.886      8.307     15991928 
   108.085      4.798      8.306     20361156 
   108.088      8.531      8.312      2285244 
   108.090      8.970      7.473      1180429 
   108.091      3.748      7.971      2938972 
   108.134      4.333      7.975      3012264 
   108.149      2.234      7.462      1777655 
   108.232      4.246      8.418      2352143 
   108.248      8.417      8.415     29071822 
   108.254      1.971      8.415      3747538 
   108.263      4.807      8.425      2334892 
   108.279      4.032      8.419      7486807 
   108.349      0.664      8.415      1176997 
   109.187      5.173      8.340      1380756 
   109.262      0.345      8.341      1690952 
   109.296      5.303      8.340      7271847 
   109.301      4.818      8.348      2130216 
   109.305      4.224      8.343      2032085 
   109.306      3.767      8.337      2360595 
   109.307      0.411      8.340      2990127 
   109.329      3.135      8.331      2607538 
   109.385      2.727      8.328      1281238 
   109.392      4.237      8.346      2216958 
   109.637      1.777      8.086      1977063 
   109.686      8.339      8.090      3948390 
   109.687      7.538      8.084      2974183 
   109.695      8.094      8.090     36671976 
   109.714      0.259      8.098      4164251 
   109.723      3.991      8.091      2110956 
   109.723      4.801      8.096      4249478 
   109.749      3.637      8.094      3211450 
   110.999      1.342      5.429      4621301 
   111.003      2.910      5.427      3190789 
   111.006      4.750      5.424      3284446 
   111.033      5.431      5.428     63540100 
   111.040      6.862      5.425      6714107 
   111.061      2.046      5.428      5486448 
   111.088      8.899      5.428      3470755 
   111.099      4.230      5.434      1305606 
   111.206      2.682      6.805      1012921 
   111.280      2.319      7.253      1974329 
   111.326      4.494      8.476      6953280 
   111.334      2.908      8.480      2379534 
   111.334      3.980      8.476      5773882 
   111.337      8.375      8.478      3933682 
   111.340      4.798      8.476     32608562 
   111.343      8.480      8.476     89124576 
   111.418      2.599      6.798      2304174 
   111.419      7.253      6.800     73375544 
   111.421      2.612      7.252      5907423 
   111.422      6.802      7.251     73736896 
   111.422      2.347      7.255      2761343 
   111.519      2.359      6.808      1604378 
   111.776      2.803      7.644      2641044 
   111.813      2.809      6.856      2209692 
   111.814      3.061      7.646      4321012 
   111.815      6.854      7.645     47431880 
   111.816      7.648      6.850     50588692 
   111.822      3.062      6.849      3006459 
   111.868      2.903      7.414      1944508 
   111.911      6.843      7.419     54307344 
   111.925      2.929      6.843      2388531 
   111.928      1.347      6.847      1226735 
   111.935      2.046      7.416      2426924 
   111.993      2.062      6.836      1930520 
   112.419      1.727      8.272      1730226 
   112.427      0.641      8.261      2502597 
   112.429      3.880      8.263      5722064 
   112.471      4.019      8.265     10440096 
   112.481      7.881      8.267      3180357 
   112.482      3.733      8.267      5304644 
   112.494      4.802      8.265      3929027 
   112.582      4.251      8.260      2009090 
   113.038      6.889      7.593     60721996 
   113.057      2.712      7.593      2260145 
   113.131      0.670      7.858      4947658 
   113.134      3.925      7.855     20190000 
   113.137      1.674      7.855      9723394 
   113.138      8.603      7.853      7690009 
   113.140      4.089      7.857      9816157 
   113.155      7.605      7.854      4814829 
   113.194      3.425      7.853      1639513 
   113.832      3.176      7.223      2023362 
   113.843      4.081      7.226      1194401 
   113.857      7.225      7.220     12990637 
   114.732      3.651      6.919      3612990 
   114.740      1.626      6.917      3084078 
   114.749      2.622      8.098      4794575 
   114.752      8.375      6.921      2457571 
   114.756      0.907      6.932      3348626 
   114.757      6.514      6.917      6858822 
   114.759      8.636      8.100      7436720 
   114.764      0.806      6.918     10320144 
   114.767      2.175      6.919      3958140 
   114.769      2.798      8.102      4939114 
   114.770      1.378      6.921      5308922 
   114.772      2.420      6.920      5953043 
   114.774      7.584      8.099      9534313 
   114.775      4.803      8.099     18745864 
   114.779      1.500      8.099      9423567 
   114.784      3.062      8.099      4019068 
   114.796      4.003      6.915      1737233 
   114.808      4.336      8.098      6193942 
   114.841      1.827      6.930      2083785 
   114.917      4.251      8.633      1938365 
   114.928      4.426      8.624      1797831 
   114.973      7.562      8.627      5167393 
   114.985      2.170      8.633      1312503 
   114.998      2.983      8.624      2049686 
   115.618      1.568      8.123      5686880 
   115.635      7.593      8.123      6681029 
   115.638      4.085      8.126      3189525 
   115.639      4.393      8.274      5082839 
   115.642      8.632      8.121      4788335 
   115.644      0.788      8.124      2404882 
   115.647      3.863      8.121      1605447 
   115.648      4.798      8.276     74408408 
   115.652      4.220      8.121      3771382 
   115.653      1.811      8.121      8792083 
   115.654      1.407      8.122      3831860 
   115.672      4.174      8.278      2100543 
   115.672      4.317      8.275      4823987 
   115.673      1.107      8.123      7387388 
   115.751      3.307      7.662      2551663 
   115.761      4.807      7.657      5755091 
   115.763      3.712      7.668      1586527 
   115.787      3.184      7.656      2674020 
   115.819      4.208      7.660      1854359 
   117.238      4.316      7.524      2064754 
   117.263      4.001      7.525      3613849 
   117.267      7.837      7.525     13011390 
   117.271      2.065      7.525      7144808 
   117.273      2.462      7.524      8141980 
   117.277      2.259      7.524     10153806 
   117.289      4.139      7.524      5354717 
   117.300      4.056      7.548      1479160 
   117.301      1.558      7.522      8632233 
   117.833      1.677      7.591      1678295 
   117.879      4.237      7.836      3393756 
   117.879      7.833      7.833     25135440 
   117.895      1.854      7.834      3481672 
   117.905      4.089      7.588      4242348 
   117.907      2.196      7.586      8446559 
   117.908      8.126      7.586      9130357 
   117.913      2.330      7.586     17682744 
   117.913      8.671      7.590      2196806 
   117.915      3.166      8.498      2933149 
   117.922      2.612      7.584      8377679 
   117.925      1.815      7.591      5202312 
   117.925      4.804      7.836      2148495 
   117.926      4.339      8.498      2501505 
   117.931      4.007      7.585     10069560 
   117.934      1.504      7.832      1527700 
   117.937      4.216      7.589      2479450 
   117.940      1.086      7.588      2731074 
   117.962      1.706      7.844      1778603 
   117.979      1.380      8.494      2966859 
   118.018      1.588      7.596      2281489 
   118.019      3.312      8.482      1802650 
   118.068      1.389      7.917      2008342 
   118.131      4.801      8.516      2037172 
   118.138      4.083      7.918      5166015 
   118.151      4.003      7.916      1758484 
   118.155      7.920      7.918     58794984 
   118.161      1.736      7.919     13275693 
   118.161      1.528      7.918      5147970 
   118.162      3.131      7.924      1599812 
   118.162      7.572      7.919      4281074 
   118.165      2.246      7.918      3875014 
   118.165      0.866      7.920      3765073 
   118.170      6.514      7.915      3625487 
   118.249      8.326      8.884      4061876 
   118.255      5.305      8.387      1685150 
   118.282      2.021      8.884      6872649 
   118.284      1.383      8.887      1781788 
   118.286      0.831      8.855      1011636 
   118.286      3.320      8.463      1159443 
   118.288      2.067      8.884      9112668 
   118.296      8.886      8.883     64700872 
   118.302      4.137      7.364      2488683 
   118.303      0.368      8.887      1818612 
   118.308      1.405      7.373     10898620 
   118.310      1.201      8.880      3212408 
   118.310      1.930      8.885      7796036 
   118.310      7.972      8.884      5350064 
   118.314      7.497      7.376      5143816 
   118.315      7.927      7.376      3826107 
   118.317      3.749      8.882      5402634 
   118.320      2.493      8.888      6884601 
   118.323      0.594      7.367      1407443 
   118.325      0.362      7.373      1800182 
   118.330      4.085      7.375      4602588 
   118.330      7.369      7.371     57027632 
   118.333      0.491      8.371      1908828 
   118.338      3.138      8.409      1576012 
   118.339      1.590      7.374      6183974 
   118.355      2.773      8.410      1738734 
   118.363      0.767      8.888      1452929 
   118.369      4.207      8.897      2459597 
   118.373      1.167      8.414      1794878 
   118.425      3.638      7.375       931748 
   118.453      4.513      8.364      5103792 
   118.455      8.415      8.857      1147782 
   118.484      4.338      8.364      9012422 
   118.492      0.428      8.906      1229558 
   118.498      4.273      8.877      1149938 
   118.498      4.798      8.364     33770076 
   118.507      1.379      8.371      3370884 
   118.519      2.912      8.365      5141684 
   118.541      8.482      8.366      5432819 
   118.747      7.979      8.474      3384164 
   118.793      0.603      8.302      2424464 
   118.801      0.369      8.312      1388218 
   118.806      2.871      8.469      2834342 
   118.809      5.389      8.299      4055325 
   118.812      3.921      8.446      1110534 
   118.814      4.084      8.476      1958520 
   118.815      1.898      8.300      5941358 
   118.815      6.470      8.296      6328931 
   118.820      8.188      8.475      3277866 
   118.821      3.633      8.474      2565052 
   118.822      2.182      8.474      6542217 
   118.828      1.937      8.470      3011037 
   118.828      4.596      8.298     28802470 
   118.833      2.086      8.299      3185269 
   118.833      2.264      8.296      4011672 
   118.834      8.478      8.472     40447776 
   118.835      2.706      8.470      4389867 
   118.857      1.522      8.639     14913716 
   118.868      8.101      8.636      5967820 
   118.869      5.238      7.306      1692196 
   118.869      2.595      8.636     13019983 
   118.869      2.664      8.636      9281226 
   118.884      4.365      8.637     33247656 
   118.888      1.499      8.637     15208929 
   118.891      4.800      8.636      8117114 
   118.915      3.143      8.488       819197 
   118.921      4.798      8.300     39154904 
   118.922      2.878      8.300      4638014 
   118.943      3.977      8.301      6357154 
   118.945      4.472      8.174      1166617 
   118.946      2.780      8.649      1784220 
   118.955      0.960      8.630      1782723 
   118.999      4.275      8.198      1200967 
   119.040      5.119      8.951      2052833 
   119.061      0.350      7.307      3527584 
   119.063      5.185      7.309      3325230 
   119.066      4.559      7.304      3589592 
   119.070      1.941      7.303      3558566 
   119.082      2.989      8.205      1255095 
   119.096      1.568      7.305      7193748 
   119.097      7.303      7.305     86552784 
   119.106      1.831      8.655      1760911 
   119.106      6.822      8.961      2631018 
   119.107      4.235      7.305      4052250 
   119.111      8.222      7.305     11288602 
   119.114      2.731      8.972      2095730 
   119.117      8.957      8.674      1492810 
   119.119      1.871      8.967      1713474 
   119.123      2.136      7.307      2306755 
   119.126      0.647      8.970      1912064 
   119.127      4.807      7.305      2181028 
   119.128      4.246      8.200      1917455 
   119.130      7.153      8.685      2025559 
   119.133      1.553      8.964      1511720 
   119.137      1.158      8.675      8212314 
   119.144      9.567      8.954      1631150 
   119.147      5.628      8.671      9828286 
   119.147      4.637      8.681      1812398 
   119.157      8.965      8.963     23485220 
   119.158      1.669      7.313      2203286 
   119.159      1.154      7.304      2062906 
   119.165      5.235      8.669      2767336 
   119.170      2.267      8.195      1066326 
   119.174      8.474      8.675      3788624 
   119.181      5.235      8.966      6254360 
   119.181      1.119      8.973      1666816 
   119.202      0.917      8.351      1816791 
   119.249      4.553      8.213      1204887 
   119.256      3.737      8.345      1310605 
   119.261      8.088      8.345      5905000 
   119.262      2.123      7.571      1213353 
   119.264      9.311      8.972      1668539 
   119.269      7.207      7.586      1684581 
   119.274      4.000      8.344      7482774 
   119.274      7.999      8.340      6064071 
   119.281      1.646      8.344      8594500 
   119.286      1.714      8.344      8824732 
   119.288      1.447      8.344      4676668 
   119.291      1.814      8.344      9523012 
   119.291      3.893      7.590      2232398 
   119.303      4.555      7.587      3281432 
   119.308      4.798      8.394     27264800 
   119.322      7.468      7.581      3681304 
   119.335      2.712      8.393      4954558 
   119.335      2.094      8.967      1272800 
   119.337      4.235      8.393     15049726 
   119.342      2.188      7.586      1403401 
   119.357      4.645      8.391      7323589 
   119.363      1.895      7.590      2196524 
   119.363      1.793      7.588      1908680 
   119.368      4.137      7.592      2107404 
   119.397      1.708      8.411      2974378 
   119.406      2.673      7.587      1915400 
   119.425      2.189      8.413      3941454 
   119.427      1.912      8.414      7163563 
   119.440      4.145      8.413      3638016 
   119.645      3.157      7.887      2853517 
   119.656      7.719      7.498      1366450 
   119.676      4.801      7.516      2016548 
   119.677      8.255      7.886      2607034 
   119.709      4.014      7.531      2021857 
   119.712      2.636      7.888      6030277 
   119.713      3.732      7.886      5338326 
   119.718      3.883      7.889      7164048 
   119.719      7.382      7.514      4949168 
   119.730      4.542      7.885      2538567 
   119.735      7.138      7.884      4119667 
   119.740      1.396      7.518     11630691 
   119.740      1.396      7.518     11630691 
   119.745      7.523      7.519     46372488 
   119.755      4.135      7.518      4475060 
   119.764      1.437      6.512      1597460 
   119.770      1.822      6.520      1674128 
   119.796      2.674      8.681      1689206 
   119.808      1.863      7.524      2350008 
   119.810      4.800      8.690      4569975 
   119.815      1.686      7.525      1677118 
   119.841      4.438      8.682      1867723 
   119.845      4.234      8.693      2065086 
   119.845      4.050      8.689      1769432 
   119.869      8.594      6.529      1340663 
   119.896      2.668      6.506      1740167 
   119.903      2.986      8.012      1529157 
   119.920      6.912      6.514      6369847 
   119.923      3.678      6.528      1700270 
   119.928      1.367      6.514      2827953 
   119.930      3.144      6.517      2707388 
   119.936      2.411      6.515      2971264 
   119.936      1.671      6.514      6276030 
   119.941      2.299      8.021      1582619 
   119.941      4.151      6.512      2325144 
   119.944      6.513      6.514     43720436 
   119.945      2.234      6.515      7330120 
   119.946      7.917      6.516      5002351 
   119.951      1.969      8.035      2047548 
   120.008      0.090      8.597      1702330 
   120.009      1.687      8.038      1168024 
   120.025      1.995      7.806      6278822 
   120.039      3.942      8.598      2365148 
   120.039      4.002      7.810      9301764 
   120.041      0.748      8.592      1884945 
   120.041      3.916      7.811      2359308 
   120.042      1.554      7.809     23066904 
   120.054      4.233      8.037      2423483 
   120.059      8.546      7.810      5716992 
   120.066      7.529      7.809      7954848 
   120.068      0.600      8.593      2570939 
   120.076      1.602      8.593      6181266 
   120.080      3.429      8.585      2674736 
   120.092      7.852      8.594     10383154 
   120.097      1.360      7.816      3288074 
   120.098      1.671      8.594      7847927 
   120.098      6.845      8.174      1992866 
   120.113      2.697      8.587      1306372 
   120.118      7.568      8.176      6450244 
   120.118      8.480      8.179      4523014 
   120.128      0.943      8.175      5367978 
   120.142      2.863      8.179      7530986 
   120.142      3.719      8.177      2273757 
   120.143      0.665      8.595      2500688 
   120.144      2.675      8.177      6560378 
   120.156      4.804      8.253      7406464 
   120.157      1.804      8.179      5855120 
   120.162      3.486      8.595      3126572 
   120.165      3.148      8.187      2425292 
   120.172      2.034      6.873      1484631 
   120.172      2.034      6.873      1484631 
   120.184      0.758      7.832      2006498 
   120.187      2.195      7.653      2564180 
   120.188      3.498      8.262      1434609 
   120.192      3.925      8.177      4128409 
   120.196      2.338      7.653      4624521 
   120.200      7.655      7.654     69127888 
   120.201      8.114      7.649      1663750 
   120.202      1.069      7.656     10640252 
   120.204      2.462      7.653     10276477 
   120.206      4.009      7.648      2324976 
   120.220      3.769      8.254      2429729 
   120.225      3.063      8.257      3645867 
   120.230      3.751      7.655      4719057 
   120.233      0.958      7.659      2977384 
   120.233      2.469      7.841      1346870 
   120.234      2.136      8.247      2789661 
   120.240      6.668      8.692      1534688 
   120.241      3.879      8.980      3128227 
   120.242      8.701      7.653      7615029 
   120.253      8.594      7.853      5923091 
   120.256      4.177      8.978      2797047 
   120.260      7.522      7.851      7872275 
   120.271      4.778      8.981     13062584 
   120.271      2.699      7.850      3752534 
   120.276      0.804      8.979      2225628 
   120.276      8.985      8.981     28833496 
   120.280      1.679      7.849      2079022 
   120.281      7.199      8.706      1226740 
   120.285      7.132      7.855      5711424 
   120.288      2.394      8.978      5124596 
   120.290      3.772      8.978      3996065 
   120.298      2.055      7.863      2204702 
   120.299      1.854      8.249      2765218 
   120.307      2.266      7.850      3635696 
   120.309      4.150      7.844      1795530 
   120.310      3.497      7.850      7273829 
   120.311      4.748      6.863      4135324 
   120.312      0.900      8.980      2228486 
   120.314      8.374      8.983      2256820 
   120.315      5.434      6.865      6167670 
   120.320      7.449      8.979      1552014 
   120.323      3.904      7.856      3623236 
   120.332      1.346      6.859      1676509 
   120.337      2.940      6.866      2129102 
   120.341      7.064      8.713      1486262 
   120.342      2.458      8.704      8074633 
   120.343      6.865      6.865     80364800 
   120.345      3.250      8.710      3022424 
   120.345      7.653      8.703     11224589 
   120.345      0.847      7.570      4081314 
   120.350      0.784      6.863     14049532 
   120.351      2.266      6.865     13806800 
   120.353      4.061      7.575      2024515 
   120.354      1.165      7.570      3879696 
   120.357      2.276      8.696      1914758 
   120.358      3.763      8.700      1738328 
   120.358      1.070      8.707      3266191 
   120.362      1.791      7.572     12605042 
   120.363      4.238      6.863      1988037 
   120.363      7.168      6.861      3177092 
   120.364      3.735      6.866      5769114 
   120.365      7.925      7.572      5290288 
   120.373      0.379      6.863      3864060 
   120.374      1.716      7.571     10605107 
   120.375      2.914      8.704      3369780 
   120.377      3.718      7.574      5730274 
   120.386      8.172      7.573      4860974 
   120.399      1.539      7.570      4148636 
   120.402      4.230      8.705      3417670 
   120.406      1.389      7.570      1977760 
   120.407      0.955      8.704      3751266 
   120.413      5.045      8.706      3665570 
   120.420      0.925      7.568      6831170 
   120.426      7.375      6.863      2120626 
   120.465      3.978      7.857      2046479 
   120.500      5.302      7.547      1858126 
   120.502      2.949      7.556      1274343 
   120.518      1.877      8.183      8220101 
   120.520      4.314      8.541      2116132 
   120.525      3.887      8.182     14510164 
   120.526      4.251      7.544      1346553 
   120.530      2.179      8.184      3844814 
   120.531      1.985      8.183      4368496 
   120.532      0.493      8.541      3423484 
   120.534      3.877      8.704      1159160 
   120.544      8.633      7.557      5072715 
   120.545      1.554      8.541      2981521 
   120.545      1.985      7.552      5799423 
   120.565      3.990      8.545      3510320 
   120.577      7.695      8.538      5094839 
   120.582      2.099      7.887      1574202 
   120.586      1.375      8.540      6451358 
   120.588      4.270      8.189      5298016 
   120.599      7.812      8.541      5052988 
   120.599      0.951      8.552      1461191 
   120.601      1.987      8.546      8353048 
   120.606      3.757      8.551      2738493 
   120.606      0.683      7.567      1692037 
   120.620      4.786      7.867      1636452 
   120.623      0.761      8.539      2588125 
   120.627      3.134      8.420      1578014 
   120.630      2.112      8.421      3668795 
   120.657      1.370      8.420     20864482 
   120.679      4.185      8.417      6760596 
   120.683      1.861      8.420      6413372 
   120.693      1.588      7.882      2700180 
   120.715      3.774      8.420      2599154 
   120.750      4.221      7.883      4752128 
   120.754      3.053      8.429      2305374 
   120.775      2.184      7.984      4629322 
   120.784      1.860      7.904      2309644 
   120.785      3.999      7.984      5294716 
   120.808      1.689      7.982      9686628 
   120.819      1.858      7.988      8568672 
   120.825      0.839      7.889      1577043 
   120.826      3.721      7.991      2099884 
   120.833      4.224      7.890      4815514 
   120.833      8.481      7.990      4650730 
   120.839      1.706      7.892      6117624 
   120.853      0.849      7.986      3920262 
   120.866      8.338      7.985      4861685 
   120.867      4.802      7.889      1737076 
   121.197      2.255      8.477      2575520 
   121.238      4.578      8.476      1733724 
   121.242      1.475      7.610      7287191 
   121.249      3.917      7.608      9312720 
   121.250      1.771      7.608      9261095 
   121.250      8.635      7.609      8098140 
   121.252      1.690      7.608      6352337 
   121.254      7.611      7.607     89221216 
   121.259      7.853      7.609      7598142 
   121.264      4.092      7.607      8773696 
   121.281      0.670      7.613      3483998 
   121.287      5.392      8.474      6702598 
   121.319      8.676      8.476      3085078 
   121.324      3.173      8.330      1949876 
   121.325      1.803      8.476      6074350 
   121.338      4.444      8.466      2381187 
   121.401      3.325      8.319      1841267 
   121.405      0.374      8.330      1662394 
   121.428      0.424      8.338      1471799 
   121.431      2.189      8.331      3463255 
   121.443      4.642      8.334     13263244 
   121.448      8.880      8.334      2533308 
   121.449      1.912      8.334     10297378 
   121.459      4.798      8.345     18028890 
   121.466      1.464      8.339      2833412 
   121.469      4.254      8.331      6900116 
   121.477      3.769      8.346      2351092 
   121.484      1.193      8.343      2033597 
   121.539      0.938      8.384      1606818 
   121.567      0.968      8.247     12800716 
   121.593      2.193      8.245      4004386 
   121.615      1.795      8.245      2635224 
   121.640      2.062      8.248      9623924 
   121.665      3.767      8.373      2694642 
   121.681      4.263      8.248     28878782 
   121.681      4.263      8.248     28878782 
   121.766      0.810      8.372      7517506 
   121.781      8.984      8.369      2993078 
   121.792      1.384      8.371     21020270 
   121.798      3.999      8.373      8340676 
   121.807      4.800      8.248      3590921 
   121.816      2.398      8.369      4151052 
   121.835      6.925      8.373      3340455 
   121.850      4.201      8.405      2542931 
   121.860      2.027      8.253     10434063 
   121.885      4.083      8.252      4126488 
   121.892      6.842      8.648      1821180 
   121.904      2.901      8.405      4051706 
   121.918      4.798      8.405     71388600 
   121.920      1.469      8.637      4049413 
   121.921      4.315      8.406      9112361 
   121.929      1.103      8.638     13543402 
   121.935      4.556      8.400      4546400 
   121.941      3.859      8.637      4904795 
   121.945      7.609      8.638      8080236 
   121.946      7.056      8.639      3698528 
   121.947      3.442      8.639      1940235 
   121.958      8.126      8.636      5270815 
   121.958      1.771      8.637      4149860 
   121.959      4.096      8.637      2557810 
   121.975      0.672      8.632      2195813 
   122.011      0.642      8.176      2730773 
   122.018      1.979      8.181      1834570 
   122.028      1.734      8.180      6787530 
   122.030      1.038      8.174      4213488 
   122.032      4.260      8.174     12199083 
   122.066      1.304      8.176      2541825 
   122.080      4.021      8.174      3016868 
   122.103      4.247      7.934      2279160 
   122.104      4.072      7.937      2606147 
   122.108      7.371      7.929      2087075 
   122.132      0.558      8.442      1522853 
   122.136      3.659      8.451      1612450 
   122.140      4.577      8.451      8798212 
   122.155      1.504      7.944      4402084 
   122.212      1.862      8.461      1513261 
   122.338      0.495      7.697      1228990 
   122.355      1.854      7.697      7141596 
   122.355      1.933      7.697      8924826 
   122.355      1.534      7.700      3381166 
   122.362      1.620      7.701      5362480 
   122.365      7.970      7.695      6829590 
   122.369      5.065      8.476      1543482 
   122.374      8.542      7.699      7795327 
   122.382      3.755      7.700      3053084 
   122.384      4.315      7.699      6971093 
   122.401      3.931      7.701      6021269 
   122.461      1.349      7.698      1780054 
   122.545      1.334      8.395      1992470 
   122.565      1.239      8.408      2567944 
   122.570      4.647      8.405      2625981 
   122.577      5.288      8.401      1982934 
   122.589      1.496      8.405      1862330 
   122.590      0.413      8.397      2130789 
   122.595      5.190      8.401      9389764 
   122.599      1.942      8.402      2810739 
   122.626      8.520      8.401      2829076 
   122.634      1.703      8.401      1609699 
   122.760      2.050      8.289      6676074 
   122.771      0.890      8.289      9755903 
   122.774      4.086      8.288      5590454 
   122.775      4.538      8.289     17613956 
   122.775      4.798      8.289     23196722 
   122.803      2.901      8.285      3323478 
   123.236      4.040      7.565      2504388 
   123.309      1.875      7.571      5003410 
   123.313      8.630      7.582      1190288 
   123.362      8.242      7.581      2674076 
   123.387      0.989      7.584      2700828 
   123.402      4.348      7.581      1319226 
   123.409      4.807      7.581      7730334 
   123.415      7.581      7.580    149892544 
   123.427      4.231      7.582      7097311 
   123.433      1.569      7.582     20977134 
   123.443      8.104      7.581      8845280 
   123.474      4.360      8.555      1224307 
   123.477      2.990      9.336      1731001 
   123.479      7.129      9.318      1672538 
   123.483      1.182      9.343      1948706 
   123.490      0.512      8.535      1624657 
   123.529      4.646      9.330      8531398 
   123.532      9.335      9.330     22576660 
   123.538      1.581      9.317      1847750 
   123.543      3.635      8.542      1044740 
   123.547      5.421      8.545       949792 
   123.559      5.447      9.330      1540265 
   123.574      1.484      9.344      1657920 
   123.590      8.404      8.544      3573163 
   123.591      5.074      8.546      7864099 
   123.600      1.161      8.543      4229274 
   123.613      3.532      8.541      1487608 
   123.622      9.204      8.580      1358998 
   123.639      1.345      8.552      1959583 
   123.758      0.881      8.448      3671622 
   123.780      4.082      8.452     18869034 
   123.781      2.862      8.452      4884634 
   123.782      4.797      8.452     18647628 
   123.784      4.508      8.451      3606649 
   123.785      0.705      8.554      1476526 
   123.809      2.028      8.451      2322740 
   124.111      1.905      8.557      5826470 
   124.114      2.015      8.560      3222708 
   124.125      4.501      8.559     10210559 
   124.131      4.799      8.559     19321596 
   124.136      2.231      8.559      2092346 
   124.155      4.288      8.559      2361154 
   124.171      2.863      8.560      2481176 
   124.252      2.226      8.509      4298594 
   124.285      4.238      8.510      5703277 
   124.286      0.885      8.508      4103711 
   124.286      1.898      8.508      9009273 
   124.304      4.798      8.509     11813832 
   124.306      2.018      8.508      4817060 
   124.310      4.088      8.508     20486228 
   124.451      1.343      9.334      2066664 
   124.480      4.715      9.345      5668416 
   124.492      0.646      9.282      2117926 
   124.501      9.347      9.347     18821032 
   124.505      5.136      9.269      4719736 
   124.518      1.826      9.346      3496429 
   124.524      1.842      9.267      6453921 
   124.529      2.105      9.266      5610812 
   124.530      5.034      9.268     19486812 
   124.531      1.937      9.268      5428012 
   124.535      0.393      9.350      1623950 
   124.543      7.375      9.344      1169143 
   124.549      2.213      9.272      2372222 
   124.551      2.071      9.337      1539283 
   124.568      1.315      9.268      2074181 
   124.578      2.944      9.269      2269724 
   124.613      5.226      9.136      3104748 
   124.620      1.004      9.139      5427160 
   124.622      1.859      9.138      6150465 
   124.624      5.140      9.138     12897818 
   124.627      0.581      9.133      1453493 
   124.647      4.581      9.136      3033649 
   124.662      2.109      9.144      3107576 
   124.692      2.219      9.134      2205284 
   124.757      3.333      9.183      1987681 
   124.759      5.086      9.181      1313818 
   124.772      5.438      9.186      9766539 
   124.787      1.162      9.192      5459143 
   124.829      5.625      9.182      2165638 
   124.849      8.953      8.946      6147659 
   125.289      4.385      8.154      1997375 
   125.309      3.061      8.147      2721818 
   125.309      4.567      8.150      6554770 
   125.411      4.798      8.403     11125320 
   125.421      4.278      8.403      7390837 
   125.421      4.350      8.403      2975813 
   125.435      1.373      8.401      5715670 
   125.550      1.998      8.412      1756758 
   125.930      2.196      8.785      3185368 
   125.981      1.966      8.780      8448286 
   125.985      4.443      8.778     18558142 
   126.012      0.950      8.781      6919008 
   126.012      4.598      8.775      3174977 
   126.027      1.071      8.776      2203401 
   126.032      1.836      8.776      2790870 
   126.358      9.349      7.365      1280151 
   126.487      0.787      7.366      2086129 
   126.503      3.732      7.364     13567373 
   126.507      7.366      7.365     49254956 
   126.516      2.270      7.362      3660846 
   126.517      0.377      7.365      8706196 
   126.518      1.897      7.361      3505696 
   126.521      1.779      7.364      6574634 
   126.529      6.871      7.359      2162287 
   126.556      2.074      7.368      1756355 
   126.557      4.596      7.364      2618698 
   126.772      4.496      8.527      5465458 
   126.783      4.798      8.524     22791096 
   126.790      1.356      8.523      5901823 
   126.808      8.318      8.520      2713874 
   126.828      4.258      8.528      2663944 
   126.835      2.887      8.526      2108606 
   127.763      5.319      8.844      1730544 
   127.835      1.328      8.839      1336542 
   127.859      1.194      8.842      1425630 
   127.877      8.843      8.838     21478110 
   127.887      2.664      8.840      2868346 
   127.890      4.799      8.838      8009452 
   127.907      7.254      8.837      2580509 
   127.961      4.555      8.856      1223513 
   128.058      1.702      8.037      1934751 
   128.072      1.872      8.034      1149516 
   128.107      3.722      8.037      1770452 
   128.107      4.136      8.035       316032 
   128.770      1.570      8.625      7723504 
   128.787      1.503      8.626     21223620 
   128.789      4.364      8.626     36287960 
   128.793      8.628      8.626    110456160 
   128.795      4.262      8.627      2101870 
   128.797      2.076      8.626      5054842 
   128.804      0.977      8.625      6205495 
   130.231      2.767      9.578      1028119 
   130.394      1.979      9.573      1816254 
   130.404      1.365      9.562       845248 
   130.475      0.921      9.570      1852878 
   130.475      5.304      9.578      8306752 
   130.489      9.575      9.578     22769408 
   130.498      0.645      9.577      2829326 
   130.504      4.794      9.574      1974264 
   130.522      1.842      9.579      3093443 
   130.557      7.226      9.565      1047850 
   130.573      8.936      9.581      1760600 
   130.598      1.305      9.573      1448189 
   130.814      4.806      8.890      2003347 
   130.920      3.259      8.898       754467 
   130.948      7.165      8.900      3658132 
   130.954      1.333      8.900     15640088 
   130.957      5.040      8.899     16253220 
   130.960      8.906      8.900     66098312 
   130.972      4.234      8.899      6582391 
   130.979      5.438      8.898      4084783 
   131.006      2.915      8.896       892641 
   132.356      9.356      8.387      1609165 
   132.366      5.628      8.392      1846439 
   132.393      1.167      8.393     11012848 
   132.403      4.603      8.392     14481698 
   132.408      0.958      8.397      2535399 
   132.409      1.066      8.397      5710426 
   132.413      4.401      8.391      4105648 
   132.487      1.944      8.396      1788072 