#alldih_gfactor
#Residue\Model	average
4	-2.65
5	-1.36
6	-1.94
7	0.65
8	0.31
9	-0.21
10	0.29
11	-0.45
12	-1.34
13	-0.69
14	-0.18
15	-1.69
16	-2.17
17	0.43
18	0.46
19	-0.25
20	-1.07
21	-0.72
22	-0.47
23	-1.02
24	0.10
25	-2.12
26	0.28
27	0.82
28	0.10
29	-0.09
30	-0.49
31	-1.12
32	0.94
33	0.81
34	-0.35
35	-0.19
36	0.56
37	0.03
38	0.83
39	0.18
40	0.66
41	-1.17
42	-0.78
43	-0.02
44	-1.26
45	-0.07
46	0.38
47	-1.08
48	-0.65
49	-0.84
50	0.01
51	-0.21
52	-0.18
53	-0.03
54	-0.01
55	0.44
56	0.21
57	-0.88
58	-0.16
59	-0.04
60	-1.67
#Reported_Model_Average	-0.371
#Overall_Average_Reported	-0.371
