#phipsi_gfactor
#Residue\Model	average
4	-2.65
5	-1.83
6	-3.60
7	0.15
8	0.22
9	-0.04
10	-0.21
11	-1.03
12	-1.34
13	-1.52
14	-0.78
15	-3.43
16	-2.17
17	-0.27
18	0.46
19	-1.39
20	-2.02
21	-0.72
22	0.15
23	-0.22
24	-0.23
25	-2.12
26	0.28
27	0.82
28	-0.32
29	-0.28
30	-1.03
31	-0.24
32	1.04
33	0.81
34	1.31
35	0.75
36	1.08
37	1.23
38	1.25
39	-0.46
40	0.49
41	-1.50
42	-1.15
43	-0.97
44	-0.62
45	-0.27
46	0.22
47	-1.87
48	-1.43
49	-2.19
50	-0.10
51	-1.11
52	-1.03
53	-0.66
54	0.11
55	0.40
56	-0.66
57	-0.36
58	-0.50
59	-0.66
60	-2.54
#Reported_Model_Average	-0.610
#Overall_Average_Reported	-0.610
