#verify3d
#Residue\Model	1	2	3	4	5
4	0.25	0.25	0.25	0.25	0.25
5	0.08	0.08	0.08	0.08	0.08
6	0.17	0.34	0.34	0.34	0.34
7	0.04	0.28	0.28	0.04	0.04
8	0.04	0.04	0.04	0.04	0.04
9	0.51	0.51	0.51	0.51	0.51
10	-0.68	-0.68	-0.68	-0.68	-0.68
11	-0.81	-0.81	-0.81	-0.81	-0.81
12	0.44	0.44	0.44	0.44	0.44
13	-0.94	-0.94	-0.54	-0.94	-0.94
14	-0.35	-0.35	-0.35	-0.35	-0.35
15	-0.43	-0.43	-0.43	-0.43	-0.43
16	0.14	0.14	0.14	0.14	0.14
17	0.20	0.20	0.20	0.20	0.20
18	0.25	0.44	0.44	0.44	0.44
19	-0.54	-0.54	-0.54	-0.54	-0.54
20	0.17	0.17	0.17	0.17	0.17
21	-0.52	-0.52	-0.52	-0.52	-0.52
22	0.16	0.08	0.16	0.08	0.08
23	0.37	0.37	0.37	0.37	0.37
24	0.10	0.10	0.10	0.10	0.10
25	0.44	0.44	0.44	0.44	0.44
26	-0.81	-0.81	-0.81	-0.35	-0.35
27	1.10	1.10	1.10	1.10	1.10
28	1.04	0.20	1.04	0.20	1.04
29	0.55	0.55	0.55	0.35	0.55
30	0.49	0.49	0.49	0.49	0.49
31	-0.81	-0.81	-0.81	-0.81	-0.81
32	0.66	0.66	0.66	0.66	0.66
33	0.44	0.44	0.44	0.44	0.44
34	-0.17	-0.17	-0.70	-0.17	-0.17
35	-0.02	-0.02	-0.02	-0.02	-0.02
36	0.32	-0.02	0.32	-0.02	0.32
37	0.29	0.62	0.29	0.29	0.29
38	0.61	0.61	0.61	0.61	0.61
39	-0.46	-0.46	-0.46	0.16	-0.46
40	-0.27	-0.27	-0.90	-0.27	-0.90
41	0.32	0.32	-0.02	0.32	0.32
42	0.51	0.51	0.51	0.51	0.51
43	0.47	0.47	0.47	-0.10	-0.10
44	0.51	0.51	0.51	0.51	0.51
45	-0.81	-0.81	-0.81	-0.81	-0.81
46	0.71	0.71	0.71	0.71	0.71
47	0.71	0.71	0.71	0.71	0.71
48	-0.35	-0.35	-0.35	-0.35	-0.35
49	0.47	0.47	0.47	0.47	-0.10
50	0.08	0.08	0.08	0.08	0.08
51	0.08	0.08	0.08	0.08	0.08
52	-0.54	-0.54	-0.54	-0.54	-0.54
53	-0.74	-0.80	-0.74	-0.80	-0.74
54	0.65	0.65	0.65	0.65	0.65
55	0.08	0.16	0.08	0.08	0.08
56	0.41	0.41	0.41	0.41	0.41
57	-0.03	-0.03	-0.03	-0.03	-0.03
58	1.12	1.12	1.12	1.12	1.12
59	0.04	0.04	0.04	0.04	0.04
60	0.47	0.47	0.47	0.47	0.47
#Reported_Model_Average	0.109	0.104	0.100	0.098	0.091
#Overall_Average_Reported	0.100
