#mage_clash
#Residue\Model	1	2	3	4	5	6	7	8	9	10	11	12	13	14	15	16	17	18	19	20
8.000	0	0	0	1	1	0	0	0	0	0	0	0	0	1	0	0	1	0	0	0
9.000	1	0	0	0	0	0	0	0	0	0	0	1	0	0	0	0	0	0	0	0
10.000	0	0	0	0	1	0	0	0	0	1	0	0	0	0	0	0	0	0	0	1
11.000	0	1	0	0	0	0	1	2	0	0	0	0	0	0	0	0	1	0	0	1
12.000	0	1	0	0	2	0	1	0	0	1	0	0	0	0	0	0	1	1	0	0
13.000	0	0	0	1	0	0	0	0	0	1	0	0	1	0	2	0	0	0	0	0
14.000	0	1	0	0	0	0	0	0	0	1	0	1	0	0	0	0	0	0	0	0
15.000	1	1	0	0	1	0	1	1	0	1	1	1	0	0	2	0	1	0	0	1
16.000	0	0	0	1	0	3	1	0	1	0	1	0	0	0	0	1	0	0	1	0
17.000	0	0	0	0	0	1	0	0	0	0	0	0	0	1	0	0	0	1	0	0
18.000	0	0	0	0	0	0	0	0	0	0	0	0	0	0	0	0	0	1	0	0
19.000	1	0	0	1	0	2	0	0	2	0	1	0	1	2	0	1	0	1	1	1
20.000	0	0	0	1	1	1	0	1	0	1	0	0	0	1	0	1	0	0	0	1
21.000	0	0	0	0	0	0	0	1	0	0	0	0	0	0	0	0	0	0	0	0
22.000	2	0	0	0	2	0	0	2	1	1	0	0	0	0	1	0	1	0	0	2
23.000	1	0	0	0	1	0	1	0	0	0	1	0	1	0	0	0	1	1	0	0
24.000	0	0	0	0	0	0	0	0	0	0	0	0	0	0	0	0	0	0	0	0
25.000	0	0	0	0	1	0	0	0	0	0	0	0	0	0	0	0	0	0	0	0
26.000	0	0	0	0	0	0	0	2	0	1	0	0	0	0	0	0	1	0	0	0
27.000	0	0	0	0	0	0	0	0	0	0	0	0	0	0	0	0	0	0	0	0
28.000	0	0	0	0	0	0	0	0	0	0	0	0	0	0	0	0	0	0	0	1
29.000	0	0	0	0	2	0	0	0	1	1	1	1	0	0	1	0	0	0	0	1
30.000	0	0	0	1	0	0	0	1	0	1	1	0	0	0	0	0	0	0	0	0
31.000	0	0	0	0	0	0	0	0	0	0	0	0	0	0	0	0	0	0	0	0
32.000	1	0	0	0	1	0	0	0	0	0	2	0	0	0	0	1	0	1	0	0
33.000	1	1	0	0	2	2	2	1	1	1	1	1	2	0	1	0	1	1	1	1
34.000	0	0	0	1	0	0	0	0	0	0	0	0	0	0	0	0	0	0	0	0
35.000	0	0	0	0	0	0	0	0	0	0	0	0	0	0	0	0	0	0	0	0
36.000	0	2	0	0	0	0	0	0	0	2	0	0	0	0	1	0	1	0	0	0
37.000	2	2	0	1	1	0	1	2	1	1	2	1	1	1	1	1	2	0	1	1
38.000	0	0	0	0	0	1	0	0	0	1	0	0	0	0	0	0	1	1	1	0
39.000	0	0	0	0	0	0	1	0	1	0	0	0	0	0	0	0	0	0	0	0
40.000	0	0	0	0	0	0	0	0	0	0	0	0	0	0	0	0	0	1	0	0
41.000	0	0	0	0	0	0	0	0	0	0	0	0	0	0	0	0	0	0	0	0
42.000	0	0	0	0	0	0	0	0	0	0	0	0	0	0	0	0	0	0	0	0
43.000	0	0	0	0	1	0	0	1	0	0	0	0	0	0	0	0	0	0	0	0
44.000	0	1	0	0	0	0	0	0	0	2	1	0	0	0	0	0	0	0	0	0
45.000	1	0	0	1	2	1	2	1	1	0	1	1	1	1	1	1	1	0	2	1
46.000	0	0	0	0	0	0	0	0	0	0	0	0	0	1	0	0	0	0	0	0
47.000	1	4	0	1	1	0	1	1	0	3	2	1	0	1	1	0	1	0	1	0
48.000	0	1	0	1	1	2	0	0	0	0	0	0	0	0	0	0	0	0	0	0
49.000	0	0	0	0	0	0	0	0	0	1	1	0	0	0	0	1	0	0	0	0
50.000	0	1	0	0	0	0	1	0	0	0	0	0	0	1	0	0	0	1	0	0
51.000	0	0	0	1	0	1	2	1	1	0	0	1	0	1	1	1	0	1	1	0
52.000	0	1	0	0	1	0	0	0	1	1	0	0	0	0	0	0	0	0	0	0
53.000	0	0	0	1	1	0	0	0	0	1	0	0	1	0	0	0	0	0	1	1
54.000	1	0	0	0	0	0	1	0	0	1	1	0	0	0	0	0	0	0	0	0
55.000	0	0	0	0	0	0	0	0	1	0	0	1	0	1	1	0	0	0	0	0
56.000	1	0	0	0	0	0	0	0	0	0	0	1	0	0	0	0	0	0	0	2
57.000	0	0	0	0	1	0	0	0	2	0	1	0	0	1	0	0	0	0	1	1
#Reported_Model_Average	0.280	0.340	0.000	0.260	0.480	0.280	0.320	0.340	0.280	0.480	0.360	0.220	0.160	0.260	0.260	0.160	0.280	0.220	0.220	0.320
#Overall_Average_Reported	0.276
