#alldih_gfactor
#Residue\Model	average
8	-0.09
9	0.10
10	0.41
11	0.77
12	0.80
13	0.66
14	0.66
15	0.26
16	0.71
17	0.65
18	0.61
19	0.75
20	0.92
21	0.48
22	0.11
23	0.36
24	0.01
25	-0.61
26	-0.60
27	-0.93
28	-0.27
29	0.58
30	-0.13
31	0.68
32	0.15
33	0.74
34	0.30
35	-0.43
36	-0.38
37	0.14
38	-0.32
39	0.16
40	-0.14
41	-2.04
42	-0.14
43	-0.48
44	0.25
45	0.27
46	0.34
47	0.36
48	0.75
49	0.80
50	0.25
51	0.73
52	0.42
53	0.65
54	0.32
55	0.48
56	0.26
57	-0.44
#Reported_Model_Average	0.198
#Overall_Average_Reported	0.198
