#phipsi_gfactor
#Residue\Model	average
8	-0.18
9	0.10
10	0.71
11	0.90
12	0.99
13	1.00
14	0.91
15	0.26
16	0.89
17	0.87
18	0.87
19	0.87
20	0.99
21	0.79
22	0.34
23	0.57
24	0.01
25	-1.72
26	-1.19
27	-0.35
28	-0.48
29	0.67
30	0.91
31	0.68
32	0.37
33	0.83
34	0.35
35	-0.75
36	-1.09
37	0.14
38	-0.32
39	0.22
40	-0.77
41	-2.04
42	-0.56
43	-0.38
44	0.25
45	0.62
46	1.00
47	1.04
48	0.95
49	0.95
50	1.16
51	0.95
52	0.95
53	0.99
54	0.83
55	0.60
56	0.21
57	0.55
#Reported_Model_Average	0.329
#Overall_Average_Reported	0.329
