#prosaII
#Residue\Model	1	2	3	4	5	6	7	8	9	10	11	12	13	14	15	16	17	18	19	20
8	1.404	-0.022	1.414	1.414	1.076	2.151	1.444	1.321	0.337	1.184	1.446	0.972	1.602	1.172	1.529	1.009	1.519	1.676	1.704	1.167
9	1.977	0.311	1.819	1.882	1.561	2.254	1.930	1.586	0.623	1.577	2.109	1.555	1.844	1.560	2.035	1.576	1.894	2.016	2.165	1.455
10	2.740	1.073	2.609	2.419	2.319	2.541	2.647	2.364	1.332	2.331	2.688	2.321	2.785	2.331	2.692	2.192	2.696	2.910	3.003	2.180
11	3.468	2.387	3.251	3.491	3.571	3.340	3.356	3.240	2.016	3.641	3.499	3.060	3.507	3.577	3.527	3.443	3.525	3.550	3.708	3.325
12	3.451	2.469	3.324	3.402	3.450	3.142	3.260	3.141	2.007	3.507	3.400	2.862	3.404	3.222	3.470	3.441	3.608	3.344	3.644	3.040
13	3.257	2.095	3.241	3.000	3.404	2.869	2.950	3.133	1.822	3.245	3.123	2.829	3.277	2.942	3.138	3.216	3.289	3.109	3.510	2.693
14	3.105	2.003	3.029	2.769	3.090	2.558	2.762	3.062	1.869	2.923	2.813	2.597	3.213	2.643	2.791	2.921	2.952	2.881	3.241	2.513
15	3.446	3.555	3.522	3.200	3.453	3.055	3.175	3.430	2.968	3.748	3.796	3.590	3.613	3.098	3.319	3.450	3.646	3.214	3.904	3.319
16	3.540	3.646	3.649	3.235	3.356	3.132	3.125	3.469	3.169	3.845	3.669	3.398	3.673	3.040	3.374	3.393	3.755	3.020	3.913	3.391
17	2.813	2.938	2.827	2.602	2.570	2.486	2.362	2.662	2.437	3.100	3.019	2.573	2.920	2.299	2.754	2.684	2.930	2.222	3.174	2.728
18	2.934	3.372	3.126	2.854	2.941	2.758	2.606	2.957	2.636	3.338	3.267	2.846	3.314	2.534	2.915	2.947	2.971	2.522	3.381	3.012
19	2.257	2.940	2.480	2.197	2.477	2.307	2.022	2.365	2.199	2.795	2.796	2.248	2.851	2.039	2.309	2.602	2.356	2.060	2.551	2.517
20	2.300	2.984	2.501	2.363	2.470	2.400	2.228	2.404	2.277	2.850	2.760	2.202	2.633	2.191	2.423	2.739	2.397	2.215	2.448	2.593
21	1.989	2.699	2.153	2.111	2.304	2.162	1.964	2.068	2.054	2.533	2.463	1.891	2.290	1.989	2.148	2.422	2.149	1.938	2.167	2.326
22	2.238	2.901	2.418	2.501	2.841	2.636	2.286	2.271	2.149	2.557	2.526	2.008	2.706	2.212	2.308	2.891	2.084	2.283	1.984	2.253
23	0.841	1.535	0.944	1.054	2.008	1.224	0.950	0.938	0.772	1.156	1.156	0.750	1.235	0.889	0.889	1.582	0.707	0.965	0.668	0.985
24	1.402	2.204	1.718	1.724	2.506	1.957	1.474	1.669	1.424	1.838	1.795	1.342	1.771	1.590	1.495	2.120	1.366	1.571	1.262	1.636
25	1.145	1.836	1.377	1.483	2.136	1.625	1.198	1.390	1.268	1.507	1.471	1.060	1.649	1.381	1.264	1.744	1.224	1.255	1.122	1.385
26	1.373	1.980	1.636	1.787	2.179	1.689	1.344	1.573	1.410	1.715	1.407	1.243	1.438	1.631	1.429	1.691	1.529	1.453	1.355	1.681
27	0.132	0.819	0.611	0.696	1.455	1.069	0.231	0.461	0.774	0.603	0.372	0.114	0.994	0.548	0.363	0.510	0.383	0.217	0.307	0.606
28	0.010	0.834	0.439	0.570	1.289	0.886	0.049	0.358	0.601	0.517	0.251	0.021	0.902	0.511	0.229	0.347	0.151	0.012	0.247	0.473
29	-0.296	0.137	-0.034	0.075	0.598	0.425	-0.264	0.039	0.368	0.035	-0.360	-0.462	0.454	0.272	-0.343	-0.202	-0.010	-0.296	0.024	0.020
30	1.033	1.381	1.392	1.396	1.270	1.752	0.973	1.203	1.624	1.296	0.907	0.826	1.666	1.521	0.926	0.876	1.212	0.968	1.308	1.124
31	0.424	0.541	0.363	0.491	0.311	0.715	0.212	0.185	0.631	0.312	0.066	-0.120	0.585	0.531	-0.039	0.132	0.394	0.101	0.635	0.227
32	0.303	0.224	0.157	0.136	-0.067	0.439	0.022	-0.239	0.386	-0.121	-0.143	-0.557	0.098	0.234	-0.452	-0.188	0.109	-0.160	0.272	-0.101
33	0.484	0.249	0.264	0.174	0.153	0.631	0.065	-0.179	0.537	-0.163	-0.037	-0.509	0.535	0.292	-0.275	0.027	0.180	-0.019	0.445	-0.076
34	1.704	1.413	1.363	1.448	1.047	1.303	1.337	0.995	1.202	0.788	0.898	0.635	1.155	1.325	0.877	1.093	1.231	1.262	1.593	1.084
35	2.027	1.471	1.577	1.252	0.909	1.433	1.562	0.998	1.327	0.963	1.267	0.558	1.076	1.483	0.965	1.301	1.677	1.524	1.632	1.249
36	2.630	2.171	2.350	1.694	1.683	2.007	2.025	1.554	1.763	1.399	1.668	1.376	1.651	2.106	1.671	1.755	2.070	2.107	2.304	1.772
37	2.007	1.645	2.211	1.091	1.156	1.439	1.817	0.916	1.014	0.688	1.775	0.845	1.075	1.279	1.088	1.290	1.418	1.438	2.162	1.213
38	2.475	2.232	2.927	1.725	2.020	2.185	2.489	1.654	1.808	1.394	2.458	1.690	1.961	1.997	1.887	1.922	2.034	2.144	2.670	1.875
39	2.144	1.929	2.683	1.519	1.874	1.995	2.024	1.244	1.397	1.322	2.159	1.625	1.500	1.567	1.695	1.605	1.782	2.125	2.235	1.501
40	2.110	1.882	2.359	1.211	1.569	2.038	1.991	1.117	1.294	1.199	1.826	1.664	1.377	1.444	1.531	1.310	1.565	2.199	2.169	1.401
41	2.140	1.957	2.320	1.049	1.457	2.045	1.882	1.102	1.309	1.450	2.138	1.611	1.352	1.423	1.532	1.469	1.603	2.136	2.114	1.279
42	2.506	2.515	2.860	1.677	2.186	2.623	2.344	1.656	1.849	1.956	2.244	2.354	2.045	1.724	2.039	1.811	1.932	2.654	2.641	1.776
43	1.989	1.907	2.205	1.218	1.544	2.023	1.941	1.148	1.388	1.641	1.971	1.832	1.494	1.141	1.688	1.422	1.473	1.934	2.153	1.370
44	2.925	2.626	2.542	2.089	2.487	2.839	2.586	2.240	2.466	2.513	2.064	2.819	2.597	2.282	2.630	2.264	2.477	3.065	2.585	2.353
45	3.049	2.778	2.685	2.174	2.481	2.954	2.674	2.384	2.552	2.656	2.132	2.878	2.608	2.396	2.774	2.295	2.587	3.209	2.671	2.461
46	2.510	2.257	2.027	1.662	1.884	2.316	2.283	2.079	2.071	2.151	1.684	2.255	2.197	2.072	2.265	1.882	2.012	2.409	2.342	2.101
47	2.506	2.402	2.281	1.986	2.085	2.413	2.427	2.283	2.213	2.276	2.212	2.390	2.303	2.179	2.419	2.125	2.199	2.448	2.396	2.192
48	2.439	2.323	2.206	1.933	1.916	2.307	2.291	1.995	1.978	2.217	2.087	2.243	2.213	2.089	2.179	1.798	2.195	1.616	2.329	2.093
49	2.068	1.645	1.727	1.750	1.463	1.937	1.938	1.455	1.478	1.811	1.918	1.613	1.883	1.831	1.880	1.545	1.846	0.878	1.951	1.657
50	2.467	2.053	2.296	2.367	1.970	2.465	2.249	1.954	1.974	2.212	2.490	2.222	2.274	2.265	2.489	1.995	2.260	1.442	2.249	2.113
51	1.783	1.387	1.587	1.645	1.283	1.588	1.396	1.094	1.295	1.821	1.909	1.390	1.346	1.538	1.737	1.206	1.560	0.721	1.536	1.473
52	1.950	1.421	1.530	1.765	1.530	1.644	1.460	1.222	1.429	1.899	1.855	1.533	1.557	1.599	1.731	1.198	1.630	0.703	1.649	1.494
53	2.725	2.237	2.369	2.490	2.301	2.496	2.252	1.987	2.268	2.646	2.597	2.377	2.428	2.227	2.526	1.710	2.421	1.399	2.315	2.066
54	2.813	2.324	2.405	2.485	2.498	2.384	2.301	2.101	2.524	2.811	2.773	2.436	2.566	2.331	2.513	1.776	2.513	1.319	2.539	2.103
55	2.562	1.937	2.109	2.085	2.152	2.218	2.082	1.853	2.301	2.406	2.356	2.246	2.198	2.161	2.263	1.611	2.166	1.788	2.250	1.943
56	2.366	1.985	2.004	1.963	2.180	2.063	1.929	1.938	2.309	2.218	2.171	2.303	2.006	1.996	2.102	1.477	1.972	1.952	2.122	1.850
57	2.170	1.842	1.759	1.739	2.014	1.834	1.835	1.759	2.126	2.076	1.880	1.958	1.878	1.837	1.729	1.265	1.797	1.788	1.976	1.709
#Reported_Model_Average	1.038	0.954	1.026	0.910	0.984	1.028	0.935	0.856	0.830	0.964	0.988	0.855	0.997	0.905	0.924	0.887	0.954	0.893	1.047	0.886
#Overall_Average_Reported	0.943
