#verify3d
#Residue\Model	1	2	3	4	5	6	7	8	9	10	11	12	13	14	15	16	17	18	19	20
8	0.34	0.17	0.17	0.34	0.17	0.34	0.34	0.34	0.34	0.17	0.34	0.17	0.34	0.34	0.34	0.17	0.17	0.17	0.34	0.34
9	-0.25	0.05	-0.25	-0.25	0.05	-0.25	0.05	-0.25	0.05	0.05	0.05	0.05	0.05	0.05	-0.25	0.05	0.05	-0.25	0.05	0.05
10	0.60	0.62	0.60	0.62	0.62	0.60	0.62	0.60	0.60	0.62	0.62	0.62	0.60	0.62	0.62	0.60	0.62	0.62	0.60	0.62
11	-0.62	-0.62	-0.62	-0.62	-0.62	-0.62	-0.62	-0.62	-0.62	-0.29	-0.62	-0.62	-0.62	-0.62	-0.62	-0.62	-0.29	-0.62	-0.62	-0.62
12	1.10	0.56	0.56	1.10	0.56	1.10	1.10	1.10	1.10	1.10	1.10	1.10	0.56	0.56	1.10	0.56	0.56	1.10	1.10	0.56
13	0.62	0.62	0.62	0.62	0.62	0.62	0.62	0.62	0.62	0.29	0.62	0.62	0.62	0.62	0.29	0.62	0.29	0.62	0.62	0.62
14	0.56	-0.20	0.56	0.56	0.56	-0.20	0.56	-0.20	0.56	0.56	0.56	0.56	-0.20	0.56	0.56	0.56	1.10	0.56	0.56	0.56
15	-0.02	-0.02	-0.02	-0.02	-0.02	-0.02	-0.02	-0.02	-0.02	-0.02	-0.02	-0.02	-0.02	-0.02	-0.02	-0.02	-0.02	-0.02	-0.02	-0.02
16	-0.29	-0.29	-0.29	-0.29	-0.62	-0.29	-0.29	-0.29	-0.29	-0.29	-0.29	-0.29	-0.29	-0.29	-0.29	-0.29	-0.29	-0.62	-0.29	-0.29
17	0.56	0.56	0.56	0.56	0.56	0.56	0.56	0.56	0.56	0.56	0.56	0.56	0.56	0.56	0.56	0.56	0.56	0.56	0.56	0.56
18	0.87	-0.27	-0.27	-0.27	-0.27	-0.27	-0.27	0.87	-0.27	0.87	0.87	-0.27	0.87	0.87	0.87	0.87	-0.27	0.87	0.87	0.87
19	-0.29	-0.29	-0.29	-0.29	-0.29	-0.29	-0.29	-0.29	-0.29	-0.29	-0.29	-0.29	-0.29	-0.29	-0.29	-0.29	-0.29	-0.29	-0.29	-0.29
20	-0.46	-0.46	-0.46	-0.46	-0.46	-0.46	-0.46	-0.46	-0.46	-0.46	-0.46	-0.46	-0.46	-0.46	-0.46	-0.46	-0.46	-0.46	-0.46	-0.46
21	0.62	0.62	0.62	0.60	0.60	0.62	0.62	0.62	0.60	0.62	0.62	0.60	0.62	0.62	0.62	0.62	0.62	0.62	0.62	0.62
22	-0.38	-0.38	-0.38	-0.38	-0.38	-0.38	-0.38	-0.38	-0.38	-0.38	-0.38	-0.38	-0.38	-0.38	-0.38	-0.38	-0.38	-0.38	-0.38	-0.38
23	0.62	0.62	0.62	0.62	0.16	0.62	0.16	0.62	0.62	0.62	0.62	0.16	0.62	0.62	0.16	0.62	0.62	0.62	0.62	0.62
24	0.63	0.63	0.63	0.63	0.63	0.63	0.63	0.63	0.63	0.63	0.63	0.63	0.63	0.63	0.63	0.63	0.63	0.63	0.63	0.63
25	0.62	0.62	0.60	0.60	0.62	0.62	0.62	0.60	0.62	0.62	0.60	0.60	0.62	0.60	0.60	0.62	0.60	0.62	0.60	0.60
26	-0.43	-0.43	1.25	-0.43	-0.43	-0.43	-0.43	1.25	-0.43	1.25	-0.43	-0.43	-0.43	-0.43	-0.43	-0.43	1.25	-0.43	-0.43	1.25
27	0.23	0.23	0.23	0.23	0.23	0.23	0.23	0.23	0.23	0.23	0.23	0.23	0.23	0.23	0.23	0.23	0.23	0.23	0.23	0.23
28	0.34	0.34	0.17	0.34	0.34	0.17	0.17	0.17	0.17	0.17	0.17	0.34	0.17	0.17	0.17	0.17	0.17	0.17	0.34	0.34
29	0.62	0.62	0.62	0.62	0.62	0.62	0.62	0.16	0.16	0.62	0.62	0.16	0.16	0.62	0.16	0.62	0.62	0.62	0.62	0.16
30	-1.26	-1.09	-1.09	-1.09	-1.09	-1.09	-1.09	-1.09	-1.26	-1.26	-1.26	-1.09	-1.09	-1.09	-1.26	-1.26	-1.26	-1.26	-1.09	-1.09
31	0.44	0.44	-0.02	0.44	0.44	-0.02	-0.02	0.44	0.44	0.44	0.44	0.44	0.44	-0.02	0.44	0.44	0.44	0.44	0.44	0.44
32	-0.13	-0.13	-0.13	-0.13	-0.13	-0.13	-0.13	-0.13	-0.13	-0.13	-0.13	-0.13	-0.13	-0.13	-0.13	-0.13	-0.13	-0.13	-0.13	-0.13
33	-0.02	-0.02	-0.02	-0.02	-0.02	-0.02	-0.02	-0.02	-0.02	-0.02	-0.02	-0.02	-0.02	-0.02	-0.02	-0.02	-0.02	-0.02	-0.02	-0.02
34	-0.17	-0.17	-0.17	-0.17	-0.17	-0.17	-0.17	-0.17	-0.17	-0.17	-0.17	-0.17	-0.17	-0.17	-0.17	-0.17	-0.17	-0.17	-0.17	-0.17
35	0.16	-0.38	-0.38	0.16	0.16	0.16	-0.38	-0.38	-0.38	-0.38	0.16	-0.38	0.16	-0.38	-0.38	0.16	-0.38	-0.38	-0.38	-0.38
36	-0.02	-0.02	-0.02	-0.02	-0.02	-0.02	-0.02	-0.02	-0.02	-0.02	-0.02	-0.02	-0.02	-0.02	-0.02	-0.02	-0.02	-0.02	-0.02	-0.02
37	-0.02	-0.02	-0.02	-0.02	-0.02	-0.02	-0.02	-0.02	-0.02	-0.02	-0.02	-0.02	-0.02	-0.02	-0.02	-0.02	-0.02	-0.02	-0.02	-0.02
38	-0.25	-0.25	-0.25	-0.25	-0.25	-0.25	-0.25	-0.25	-0.25	0.05	-0.25	-0.25	-0.25	-0.25	-0.25	-0.25	0.05	-0.25	-0.25	-0.25
39	0.66	0.07	0.66	0.66	0.66	0.66	0.07	0.66	0.66	0.66	0.66	0.66	0.07	0.66	0.66	0.66	0.07	0.66	0.66	0.66
40	-0.02	-0.02	-0.02	-0.02	-0.02	-0.02	-0.02	-0.02	-0.59	-0.02	-0.02	-0.02	-0.02	-0.59	-0.02	-0.59	-0.02	-0.02	-0.02	-0.02
41	1.10	1.10	1.10	1.10	1.10	1.10	1.10	1.10	1.10	1.10	1.10	1.10	1.10	1.10	1.10	1.10	1.10	1.10	1.10	1.10
42	-0.35	-0.35	-0.81	-0.35	-0.35	-0.81	-0.35	-0.81	-0.35	-0.81	-0.35	-0.81	-0.81	-0.81	-0.35	-0.35	-0.35	-0.35	-0.81	-0.81
43	0.08	0.08	0.08	0.08	0.08	0.08	0.08	0.08	0.08	0.08	0.08	0.08	0.08	0.08	0.08	0.08	0.08	0.08	0.08	0.08
44	-0.25	-0.25	-0.25	-0.25	-0.25	-0.25	-0.25	-0.25	-0.25	-0.25	-0.25	-0.25	-0.25	-0.25	-0.25	-0.25	-0.25	-0.25	-0.25	-0.25
45	0.60	0.62	0.60	0.62	0.60	0.60	0.60	0.62	0.60	0.60	0.62	0.60	0.60	0.62	0.62	0.60	0.60	0.62	0.62	0.60
46	-0.13	-0.13	-0.13	-0.13	-0.13	-0.13	-0.13	-0.13	-0.13	-0.13	-0.13	-0.13	-0.13	-0.13	-0.13	-0.13	-0.13	-0.13	-0.13	-0.13
47	0.16	0.16	0.16	0.16	0.16	0.16	0.16	0.16	0.16	0.16	0.16	0.16	0.16	0.16	0.16	0.16	0.16	0.16	0.16	0.16
48	0.56	0.56	1.10	0.56	0.56	0.56	0.56	1.10	1.10	0.56	0.56	1.10	0.56	0.56	0.56	0.56	0.56	0.56	1.10	0.56
49	-0.62	-0.62	-0.62	-0.62	-0.62	-0.62	-0.62	-0.62	-0.62	-0.62	-0.62	-0.62	-0.62	-0.62	-0.62	-0.62	-0.62	-0.62	-0.62	-0.62
50	0.86	0.86	0.86	0.86	0.86	0.86	0.86	0.86	0.86	0.86	0.86	0.86	0.86	0.86	0.86	0.86	0.86	0.86	0.86	0.86
51	-0.29	-0.62	-0.29	-0.62	-0.29	-0.29	-0.29	-0.62	-0.29	-0.62	-0.29	-0.29	-0.29	-0.62	-0.29	-0.29	-0.62	-0.62	-0.62	-0.29
52	0.56	-0.20	0.56	0.56	0.56	-0.20	-0.20	0.56	0.56	-0.20	0.56	0.56	0.56	0.56	0.56	0.56	-0.20	-0.20	0.56	0.56
53	0.62	0.62	0.62	0.62	0.62	0.62	0.62	0.62	0.29	0.62	0.62	0.62	0.62	0.62	0.62	0.62	0.62	0.62	0.62	0.62
54	0.17	0.61	0.17	0.17	0.17	0.61	0.17	0.17	0.17	0.17	0.61	0.17	0.61	0.17	0.17	0.61	0.17	0.17	0.17	0.17
55	0.62	0.62	0.62	0.62	0.62	0.62	0.62	0.60	0.62	0.60	0.62	0.62	0.62	0.62	0.62	0.62	0.62	0.62	0.62	0.62
56	0.24	-0.41	0.24	0.24	0.24	-0.41	-0.41	-0.41	-0.41	0.24	0.24	-0.41	-0.41	0.24	-0.41	0.24	0.24	0.24	0.24	0.71
57	0.23	0.51	0.23	0.23	0.23	0.51	0.23	0.23	0.23	0.23	0.23	0.23	0.23	0.23	0.51	0.23	0.23	0.51	0.23	0.51
#Reported_Model_Average	0.182	0.097	0.160	0.156	0.139	0.112	0.097	0.162	0.122	0.179	0.194	0.125	0.128	0.131	0.136	0.168	0.154	0.143	0.176	0.200
#Overall_Average_Reported	0.148
