    14.747      6.084      0.936      3454532 
    14.759      4.499      0.787      6176858 
    14.837      2.888      0.791     11195069 
    14.860      1.514      0.796     19871408 
    14.861      8.625      0.792      7682524 
    14.862      4.636      0.797     12467849 
    14.863      3.882      0.793      8887966 
    14.871      8.401      0.798      8725436 
    14.879      1.916      0.792     50599316 
    14.880      1.520      0.940     48361172 
    14.882      1.196      0.793     22703378 
    14.883      1.178      0.941     66678704 
    14.885      1.910      0.942     34235080 
    14.891      7.237      0.942     10163895 
    14.894      3.933      0.937      4283452 
    14.898      0.277      0.939     26854652 
    14.902      9.588      0.937      4063525 
    14.908      7.229      0.797      7432626 
    14.918      1.780      0.792     34631200 
    14.939      3.231      0.800     12498061 
    14.951      0.271      0.799      7205632 
    14.975      2.399      0.936      6360485 
    16.800      2.079      1.489     70222680 
    16.800      2.395      1.489     16639803 
    16.802      7.031      1.486      6868587 
    16.820      6.890      1.488     10098319 
    16.832      7.227      1.487      5148216 
    17.374      9.789      0.912      6622314 
    17.422      3.230      0.917     53065848 
    17.432      8.148      0.918     16379334 
    17.434      1.818      0.915    110700456 
    17.436      1.285      0.917    133796776 
    17.439      3.932      0.916     17453114 
    17.442      4.639      0.924     28667384 
    17.452      8.405      0.926     14983558 
    17.455      2.348      0.923      8982565 
    17.463      8.622      0.920     16321010 
    17.465      2.580      0.915      8222446 
    17.477      0.792      0.917    281336608 
    17.529      4.175      0.923      7422448 
    18.346      7.046      1.486      6795548 
    18.348      4.086      1.484    150492640 
    18.356      7.967      1.484    131207864 
    18.361      7.229      1.484     47786420 
    18.363      4.295      1.485     58746196 
    18.372      0.880      1.661     77047760 
    18.379      4.011      1.661     17311522 
    18.385      8.053      1.655     28831734 
    18.397      0.798      1.660     94531544 
    18.400      2.382      1.660    110582024 
    18.400      7.949      1.659     19805098 
    18.404      4.366      1.660    153314704 
    18.404      4.965      1.661      6010268 
    18.404      7.180      1.660     97488128 
    18.408      4.772      1.475     11468741 
    18.413      3.409      1.658     10086064 
    18.415      4.627      1.659      7105160 
    18.422      9.168      1.658     12233787 
    18.946      0.797      0.974    169806848 
    18.975      8.008      0.975     74261088 
    18.978      3.895      0.975     66016252 
    19.008      6.868      0.976     29370638 
    19.018      3.546      0.977     20274568 
    19.026      4.176      0.976      6936240 
    19.028      1.689      0.976     41989644 
    19.059      1.946      0.975    112626552 
    19.129      8.584      0.977     14723639 
    19.145      0.271      0.977     30755440 
    19.158      5.098      0.976     31885064 
    19.166      8.347      1.302     58414360 
    19.169      6.069      0.976     41171164 
    19.170      4.975      1.302     22141212 
    19.173      7.399      1.302     15662758 
    19.173      9.573      0.974     13608872 
    19.175      4.596      1.303     18603362 
    19.175      3.223      1.305     22094784 
    19.181      8.151      1.303     71458864 
    19.184      3.481      1.302     37617296 
    19.185      3.940      1.302     28732254 
    19.186      5.304      0.976      7161818 
    19.187      4.166      1.303    135089936 
    19.200      1.886      0.980     82419928 
    19.207      8.470      1.303     76065888 
    19.502      1.665      0.769     83578184 
    19.504      1.267      0.768    167544720 
    19.513      3.230      0.769     52226200 
    19.520      4.623      0.767     29059424 
    19.524      4.164      0.768     11207317 
    19.529      2.381      0.769    131373208 
    19.534      9.182      0.766      5530898 
    19.566      3.414      0.769     35680068 
    19.598      4.374      0.768      5787378 
    19.603      8.470      0.770     16922108 
    19.619      4.968      0.771     10674618 
    19.619      8.063      0.768     10720044 
    19.627      7.431      0.770     56288336 
    20.031      7.309      1.242    109588640 
    20.042      4.175      1.243    124724552 
    20.047      6.689      1.243     37968040 
    20.075      7.440      1.246     27675192 
    20.075      6.882      1.246     20909818 
    20.075      2.816      1.242     41231868 
    20.075      3.203      1.240     10619902 
    20.149      4.625      1.241      8707678 
    20.154      7.958      1.200      8589630 
    20.154      8.362      1.209     23443716 
    20.154      3.910      1.205     50138228 
    20.154      3.409      1.207     26305534 
    20.154     -0.046      1.209      8732114 
    20.200      0.722      1.206     20799164 
    20.200      1.613      1.210     51405856 
    20.236      0.780      1.207     91123536 
    20.240      6.860      1.210     47175144 
    20.241      2.797      1.209     95362944 
    20.252      7.492      1.207     91132904 
    20.255      0.384      1.207     46124384 
    20.257      8.156      1.207      7971090 
    20.274      3.230      1.208     32619316 
    20.361      8.426      1.196     20915926 
    20.470      3.936      0.772     13121282 
    20.489      2.986      0.771      4058073 
    20.490      9.046      0.774      9391361 
    20.510      3.430      0.773     38546444 
    20.510      2.394      0.773     71665184 
    20.516      1.209      0.773    112015312 
    20.538      6.858      0.776     15404489 
    20.557      7.240      0.775     12653481 
    20.558      0.385      0.773     11148803 
    20.571      2.340      1.188     22178408 
    20.572      3.901      1.191     67384120 
    20.605      1.640      0.772     22711208 
    20.608      8.436      0.781      3100715 
    20.616      8.666      0.772      3847870 
    20.630      7.946      1.186     16327933 
    20.630      8.038      0.779      7969377 
    20.653      3.242      0.750      6893115 
    20.655     -0.033      0.758     35969392 
    20.662      8.164      1.192      7764729 
    20.662      7.470      1.194      6619076 
    20.662      3.216      1.194     10327500 
    20.685      3.946      0.754     12851649 
    20.685      4.365      1.185     81837584 
    20.697      2.569      1.186     30497542 
    20.902      7.980      0.883      9497241 
    20.909      3.433      0.882      6807654 
    20.930      2.782      0.880     10029654 
    20.935      3.217      0.882     19569872 
    20.935      3.980      0.882     18945976 
    20.949      2.986      0.878     42317556 
    20.952      2.379      0.881    157629664 
    20.971      6.867      0.880     27452030 
    20.973      4.173      0.879     11909477 
    20.976      9.185      0.872     34441156 
    20.980      7.348      0.878     29911018 
    20.980      7.436      0.878     28949964 
    20.980      0.780      0.878   1619655680 
    20.980      4.626      0.882     94256848 
    20.983      1.669      0.879    114935552 
    20.987      5.114      0.875     62251100 
    20.992      4.370      0.882      6856363 
    20.998      2.113      0.874     50584484 
    21.001      1.952      0.875    156989232 
    21.013      3.903      0.877     24727586 
    21.017      3.682      0.876     21968958 
    21.019      8.644      0.879     15825708 
    21.024      8.459      0.884      4390866 
    21.029      8.904      0.871      9099298 
    21.597      6.054      0.734      5388972 
    21.635      5.101      0.736     33019146 
    21.655      8.618      0.740     29228034 
    21.666      1.366      0.743     25322522 
    21.671      0.278      0.737     16408898 
    21.686      1.958      0.740    105043200 
    21.692      3.900      0.741     34783312 
    21.699      9.191      0.734      6941434 
    21.718      4.554      0.745      8908394 
    21.773      6.882      0.745      5592604 
    22.008      2.875      0.841      3598356 
    22.184      3.894      0.789     11397356 
    22.262      3.533      0.809     39496644 
    22.268      1.710      0.578     13474324 
    22.271      3.529      0.579      8105660 
    22.291      1.976      0.582     22039718 
    22.296      8.664      0.579      9597205 
    22.304      6.852      0.580     14325101 
    22.305      7.080      0.580     19271514 
    22.308      1.577      0.581     69043792 
    22.313      3.909      0.850     10186717 
    22.314      0.180      0.580    118275296 
    22.314      4.363      0.580     78888456 
    22.315      6.851      0.845     33050444 
    22.319     -0.058      0.581     39579592 
    22.319      0.265      0.847     56763652 
    22.322      6.709      0.575      7931797 
    22.326      8.008      0.849     52641036 
    22.330      3.541      0.848     51397648 
    22.335      1.983      0.846     72357024 
    22.353      0.173      0.849     34292744 
    22.353      0.586      0.843     33776292 
    22.522      6.884      1.255     73437296 
    22.535      3.575      1.255     88727296 
    22.538      4.553      1.255     55146816 
    22.564      8.665      1.251     31866664 
    22.564      8.595      1.251     22257462 
    22.589      8.666      0.382      8275959 
    22.628      7.373      1.260     10025770 
    22.654      3.935      1.256     15616392 
    22.700      0.775      0.383    111329520 
    22.700      1.486      0.387     20055224 
    22.705      7.964      0.380      5659066 
    22.716      2.399      0.385     25195908 
    22.717      1.623      0.384     92075248 
    22.724      4.103      0.387      8155442 
    22.730      3.203      0.385      4543295 
    22.731      6.694      0.384     10487491 
    22.733      2.099      0.383     41022396 
    22.734     -0.035      0.384    131398960 
    22.735      3.893      0.384     98672608 
    22.737      6.864      0.383     30126484 
    22.737      1.930      0.385     19012674 
    22.740      1.224      0.384     79227552 
    22.743      7.496      0.383      5011558 
    22.761      2.984      0.384     12862796 
    22.768      2.684      0.383     17566362 
    22.793      7.037      0.383      6485440 
    22.827      2.389      1.256     33104768 
    22.847      8.495      0.383      8683371 
    22.851      3.226      1.257     50134868 
    22.860      4.973      1.257    101918056 
    22.860      9.182      1.257     26669808 
    22.872      0.802      1.258    203620224 
    22.879      4.172      1.257     48367652 
    22.900      0.727      1.256    137908368 
    22.909      9.803      1.257     50323468 
    23.250      4.492      0.999     73964560 
    23.254      8.212      1.001     14176397 
    23.273      2.900      1.001     13292984 
    23.276      3.222      0.997     11227041 
    23.277      8.618      1.002     13822468 
    23.277      7.164      1.001     35831780 
    23.283      1.489      1.001     65889960 
    23.286      3.880      1.001     32678062 
    23.291      3.508      1.000     10852722 
    23.300      0.661      1.000     78279288 
    23.300      1.811      1.004     42446920 
    23.338      8.118      0.785      6854774 
    23.346      5.117      1.000      9026097 
    23.370      4.228      0.785     63074756 
    23.391      8.368      0.785      6032305 
    23.407      1.510      0.785     98107440 
    23.422      3.949      0.792      7505443 
    23.670      0.169      0.859     13455724 
    23.737      7.213      0.856     14153855 
    23.751      6.878      0.862     24276798 
    23.753      7.044      0.859     16118027 
    23.758      4.398      0.860     67150968 
    23.768      1.656      0.860     79910672 
    23.771      1.977      0.863     50233168 
    23.818      8.001      1.068      7931748 
    23.820      3.556      1.069     10587388 
    23.828      3.901      1.066      7487634 
    23.828      2.180      1.069     24461140 
    23.842      7.607      1.068      6462062 
    23.866      2.019      1.067     51056540 
    23.872      6.873      1.066     63350388 
    23.874      4.219      1.067     70684632 
    23.878     -0.039      1.068     19542500 
    23.879      7.023      1.069     23215712 
    23.881      8.478      1.072      5416560 
    23.882      1.707      1.066     83637200 
    23.900      1.477      1.063     22790750 
    23.911      3.002      1.075      4924744 
    24.053      9.070      0.837      6365496 
    24.066      3.219      0.832     22925076 
    24.074     -0.035      0.841      4302512 
    24.084      2.392      0.832     81325992 
    24.088      1.252      0.832    129700040 
    24.092      3.432      0.832     52239468 
    24.097      8.057      0.834     58491524 
    24.098      3.948      0.835     28293656 
    24.244      2.056      0.927     28470402 
    24.266      3.945      0.927     70680984 
    24.271      8.032      0.930      5312299 
    24.278      8.801      0.929      5798968 
    24.282      2.391      0.927     27652076 
    24.308      3.683      0.928      7501821 
    24.310      9.042      0.930      4575464 
    24.312      3.235      0.803     21256080 
    24.333      9.593      0.925      3390715 
    24.370      7.935      0.794     36110168 
    24.384      1.867      0.792     32044006 
    24.403      8.719      0.789      5597832 
    24.444      8.903      0.790     11420730 
    24.459      2.102      0.795     14835793 
    24.497      8.494      0.787      5262998 
    24.500      1.635      0.782     32635546 
    24.510      4.639      0.785     22152306 
    24.528      5.091      0.788      4744564 
    24.580      2.408      0.792     24007106 
    24.580      3.927      0.785     11838450 
    24.596      4.267      0.792      4819242 
    24.639      1.453      0.783    115329560 
    24.755      7.341      1.465     14692252 
    24.756      8.537      1.412      8189570 
    24.756      4.314      1.406     29938934 
    24.756      2.992      1.406     53180400 
    24.795      3.263      0.654      3788562 
    24.800      1.692      1.289    134382160 
    24.800      1.952      1.390     79289584 
    24.800      1.846      1.458    108086040 
    24.800      4.120      1.381     28783290 
    24.800      4.120      1.291     20372724 
    24.802      7.896      1.445     10872288 
    24.811      7.237      1.285      8059004 
    24.811      7.234      1.378     14405839 
    24.811      7.831      1.378      5080886 
    24.849      4.480      0.652     19241690 
    24.853      2.909      0.652     10929627 
    24.854      7.071      0.652     20092454 
    24.874      7.388      0.648      6559515 
    24.887      5.122      0.649     44144704 
    24.887      3.563      0.650      7790373 
    24.893      8.204      0.647      5438679 
    24.893      0.278      0.650     87648184 
    24.900      2.070      1.456     54284420 
    24.900      1.051      0.653     83582944 
    24.900      2.926      1.316     21770674 
    24.900      2.922      1.386     45341612 
    24.900      1.815      0.650     14601060 
    24.900      4.428      1.458     22807390 
    24.900      3.014      1.460     32933944 
    24.900      4.362      1.458     16265869 
    24.910      7.164      0.649     33516120 
    24.912      6.701      1.383      7073936 
    24.944      8.428      1.315     12212204 
    24.944      8.437      1.392     13490619 
    24.952      4.230      0.845     12633674 
    25.000      1.130      1.560     22516702 
    25.000     -0.086      1.556      8443544 
    25.026      6.681      1.558     11595604 
    25.043      4.355      1.554      6609754 
    25.054      0.584      1.562     34158344 
    25.054      1.877      0.649     19036198 
    25.075      8.137      0.847      7790396 
    25.080      1.897      1.178     12228252 
    25.100      3.531      1.562     17578438 
    25.100      0.727      1.507     19878474 
    25.127      9.571      1.513      8863173 
    25.129      9.572      1.175     16763344 
    25.129      1.517      1.176    117930008 
    25.129      0.955      1.510     32463676 
    25.129      0.947      1.176     36053116 
    25.162      1.179      1.173    184729056 
    25.170      1.181      1.512    109200728 
    25.212      2.384      1.162      4544140 
    25.227      0.188      1.562     26257312 
    25.239      8.632      0.645     14253476 
    25.276      3.571      0.637     16122268 
    25.300      1.192      0.646     13096382 
    25.316      6.427      0.662      5729470 
    25.359      4.641      0.649      7581032 
    25.403      0.191      0.742      9261750 
    25.407      7.211      0.724      4541283 
    25.415      7.202      0.748      4697200 
    25.416      6.887      0.735     15929826 
    25.432      1.970      0.737     39201232 
    25.455      4.392      0.741     11377375 
    25.500      1.640      0.738     24611314 
    25.665      7.381      0.610      6647976 
    25.665      8.639      0.623      5710646 
    25.665      1.579      0.619     15734877 
    25.665      0.279      0.628     28691496 
    25.665      0.657      0.628    298798080 
    25.665      1.017      0.628     44041276 
    25.665      3.563      0.619      5315048 
    25.665      7.155      0.610      7585347 
    25.750     -0.038      0.959     17703664 
    25.768      8.898      0.951      5536621 
    25.773      4.220      0.958     16891082 
    25.774      9.048      0.962      8011960 
    25.778      2.049      0.958     66635684 
    25.779      2.383      0.962     10252653 
    25.800      1.482      0.958     21968526 
    25.804      3.993      0.959     34614172 
    25.807      3.553      0.958     31028576 
    25.823      6.884      0.960     14321319 
    25.838      7.047     -0.036      7649608 
    25.840     -0.035     -0.035   1477205632 
    25.842      0.768     -0.035     67096792 
    25.856      3.539     -0.037     10312995 
    25.869      7.020      0.954      6550511 
    25.871      0.915     -0.031     50188932 
    25.872      6.877     -0.033     16960514 
    25.877      3.888      1.069     27432554 
    25.880      0.386     -0.036     55811332 
    25.883      4.212      0.862      7411655 
    25.886      3.908     -0.039      9713815 
    25.895      1.576      0.174     55169496 
    25.897      1.216     -0.039      8941247 
    25.900      1.570      1.072     95018776 
    25.900      1.469      1.072     72690024 
    25.900      1.491     -0.037      7220537 
    25.901      4.484      1.063     11799277 
    25.911      2.035      0.861     57037408 
    25.913      8.620      1.069     15775535 
    25.917      1.286      0.863     51170612 
    25.920      3.701      0.863     37991908 
    25.922      8.200      1.071      5672158 
    25.924      3.884      0.863     93294752 
    25.931      4.312      1.067      8830911 
    25.947      8.795      0.861      7765071 
    25.979      1.979      0.173     30766868 
    25.979      0.595      0.174    101218008 
    25.982      9.104      0.863      4044340 
    25.983      1.117      0.173     49095244 
    25.985      0.862      0.172    134939280 
    25.989      8.667     -0.033      4566168 
    25.990      8.470      0.863      8912291 
    25.990      4.371      0.176      5464691 
    25.991      3.538      0.173     43335676 
    25.995      6.851      0.173     38629704 
    25.998      2.372      0.173     16154127 
    26.000      1.629     -0.035     69822064 
    26.030      7.178      0.854      3814204 
    26.033      7.205      0.174      9712959 
    26.055      8.028      0.160      3656693 
    26.060      7.048      0.174     12655003 
    26.083     -0.037      1.614     46189248 
    26.083      3.897      1.611      6775490 
    26.084      1.775      0.869     70227440 
    26.100      1.210      1.616      8915481 
    26.100      6.860      1.612      4561792 
    26.282      8.663      1.632     14733935 
    26.291      0.387      1.621     26739328 
    26.443      0.787      1.632     15542692 
    26.453      6.869      1.362      9684462 
    26.455      0.175      1.560     14537204 
    26.459      1.367      1.679    205433968 
    26.463      2.908      1.356     18552668 
    26.467      3.897      1.676     23182422 
    26.471      2.913      1.678     21679404 
    26.471      3.899      1.359     38147568 
    26.475      0.770      1.681     12746528 
    26.479      1.683      1.360    254018496 
    26.499      3.386      2.014      3505244 
    26.500      2.979      1.679      5104828 
    26.500      2.979      1.356      3877612 
    26.524      3.381      2.064      4281364 
    26.849      7.042      0.272      5817154 
    26.853      6.851      0.269      7188428 
    26.854      7.337      0.277      5004138 
    26.886      0.897      0.273    103845744 
    26.897      0.647      0.272    112027192 
    26.900      0.977      0.273     94944536 
    26.900      0.836      0.273     95867136 
    26.902      7.222      0.269      7579749 
    26.902      1.588      0.273     41943840 
    26.904      1.974      0.272     40900204 
    26.911     -0.086      0.270     17443136 
    26.916      3.542      0.267     17383018 
    26.983      8.117      1.519     19506890 
    26.987      4.227      1.522     14226841 
    27.167      0.826      1.521     50931296 
    27.197      3.917      1.301     18317508 
    27.199      9.362      1.641      6013906 
    27.200      0.740      1.642     33877960 
    27.200      0.863      1.637     69579200 
    27.209      3.095      1.298     45644216 
    27.210      6.756      1.308      3661679 
    27.210      8.384      2.018     16876976 
    27.214      1.341      1.325    361204992 
    27.214      1.464      1.325    115541600 
    27.219      3.795      2.016     77933472 
    27.219      8.604      1.281      5772466 
    27.221      3.526      2.017     55355856 
    27.224      2.428      2.016     60668340 
    27.230      4.489      2.016     20898912 
    27.237      5.235      2.014      8522433 
    27.262      8.199      1.307      7557596 
    27.300      3.150      1.683     53369012 
    27.334      8.528      1.987      4735146 
    27.334      3.646      2.050     30400526 
    27.334      3.633      1.991     27396538 
    27.335      7.212      1.649     10718986 
    27.338      3.213      1.683     73266120 
    27.338      3.942      1.995     24759360 
    27.340      7.583      1.687     22075124 
    27.353      8.539      1.686     47108112 
    27.359      8.013      1.688      8155346 
    27.360      8.535      2.049      8615145 
    27.363      4.151      1.689     43461260 
    27.380      4.120      2.045     11212585 
    27.387      3.946      2.047     35523720 
    27.388      3.949      1.691     18454632 
    27.399      4.376      1.642     27814480 
    27.400      2.435      1.640     13089326 
    27.400      4.124      1.982     11457023 
    27.400      3.076      1.687     49372304 
    27.410      7.040      1.647      7578038 
    27.414      8.904      1.710      6895738 
    27.437      7.031      1.689      7983397 
    27.448      2.429      1.698     11715235 
    27.464      7.821      1.644     19708178 
    27.487      7.816      1.696     17272606 
    27.500      2.048      1.469     40987184 
    27.590      8.530      1.497     11195817 
    27.630      8.902      1.474      4136173 
    27.700      8.289      1.605     22851174 
    27.757      8.535      2.066      4305740 
    27.764      3.642      2.078     60399004 
    27.790      3.378      2.081     33335074 
    27.792      4.432      2.083     16535852 
    27.864      2.450      2.081     44438472 
    28.076      4.575      2.015      8089414 
    28.093      4.579      1.861     21618120 
    28.175      8.153      1.859     16607055 
    28.228      0.934      2.034      5580332 
    28.400      3.388      1.874      5770804 
    28.400      3.370      2.024      4546240 
    28.400      3.308      2.024      4826292 
    28.400      3.308      1.874      5218792 
    28.464      0.935      1.959      6183078 
    28.495      7.307      2.048     15626909 
    28.504      2.310      2.047     23031330 
    28.504      4.086      2.052     13882617 
    28.505      1.228      2.044      9675816 
    28.509      4.107      1.945      9476213 
    28.511      3.939      1.951     32625240 
    28.512      8.145      2.046     40388520 
    28.521      1.225      1.948      7473257 
    28.529      2.571      1.948     18399776 
    28.537      7.302      1.946     12341063 
    28.538      3.941      2.051     25557498 
    28.541      8.143      1.947     22618426 
    28.615      2.336      1.951     24913430 
    28.649      2.569      2.053     20981274 
    28.809      4.425      1.678     24968514 
    28.900      2.922      1.571     62813136 
    28.966      7.253      1.572      6816147 
    29.000      2.088      1.682     63024652 
    29.047      1.456      1.690    189154368 
    29.093      4.617      3.165     48619408 
    29.095      4.640      3.061     47184948 
    29.095      8.419      3.165      8805851 
    29.095      8.419      3.051     15236817 
    29.100      3.001      1.686     67532056 
    29.200      4.715      3.221     68976480 
    29.200      4.682      3.191     72423536 
    29.200      8.529      3.217     10450751 
    29.249      8.617      3.083     25136636 
    29.251      4.133      2.178     47716704 
    29.251      7.960      2.178     28744808 
    29.258      8.600      3.213     21134456 
    29.258      8.358      3.214      6500321 
    29.258      8.358      3.082      6479064 
    29.261      7.210      2.177     38788296 
    29.274      2.431      2.179    118318280 
    29.300      4.709      3.086     49747452 
    29.400      4.652      3.224     86290392 
    29.406      2.914      1.668     87226784 
    29.436      3.896      1.673     24444578 
    29.600      4.661      3.143     23758048 
    29.697      4.448      3.134      8184232 
    29.709      4.421      2.063     20911248 
    29.709      2.384      2.063    223099584 
    29.712      7.173      2.064     15366288 
    29.716      4.424      2.377     23594154 
    29.716      4.438      3.241      8763223 
    29.721      2.587      2.061     33736420 
    29.722      9.179      2.063     40231808 
    29.724      2.061      2.378    224155184 
    29.737      9.173      2.378     28268458 
    29.747      2.589      2.378     43635148 
    29.756      7.185      2.379     14449465 
    29.761      4.135      1.855     41145296 
    29.778      8.345      1.859     45648764 
    29.781      7.585      1.766     22503418 
    29.788      8.537      1.765     44539720 
    29.791      4.142      1.761     45371132 
    29.792      8.804      2.378      5641792 
    29.800      3.260      1.759     27344470 
    29.800      3.163      1.759     38358748 
    29.802      8.013      1.759     10566338 
    29.814      1.653      2.378     18490232 
    29.910      4.625      3.280     17032586 
    29.910      3.037      3.279    139208416 
    29.910      3.282      3.038    215750272 
    29.910      8.340      3.038      5488473 
    29.949      1.647      2.062     19842514 
    30.016      4.969      3.113     25203336 
    30.026      8.762      3.113     18198212 
    30.029      4.972      3.255     25021396 
    30.044      8.764      3.254     20882224 
    30.044      3.107      3.258    418484320 
    30.044      3.256      3.113    583590656 
    30.137      7.195      3.029     17574096 
    30.164      4.652      3.027     25273652 
    30.174      7.749      3.023     22300742 
    30.207      4.127      3.024     12134683 
    30.214      4.658      3.694     25092050 
    30.227      7.759      3.694     13528356 
    30.231      3.700      3.027    145067456 
    30.240      3.033      3.692    141747296 
    30.244      7.613      3.692     14680993 
    30.252      4.133      3.679      5389634 
    30.258      7.200      3.690     14471969 
    30.331      1.826      3.691      3896537 
    30.454      8.434      2.007     15188796 
    30.486      4.303      1.904     26667164 
    30.494      2.293      2.010     42643644 
    30.496      8.580      1.906     36799772 
    30.499      4.302      2.009     33447168 
    30.507      2.298      1.907     42150368 
    30.534      8.579      2.008     19004822 
    30.709      3.611      3.168      7502468 
    30.714      8.897      3.319      9010171 
    30.714      8.889      3.178      6979592 
    30.717      8.815      3.319     13733922 
    30.717      8.797      3.183     16342814 
    30.717      7.237      3.312      5844222 
    30.728      8.413      1.916     14768760 
    30.754      5.026      3.314     27950836 
    30.757      3.193      3.316    221335872 
    30.784      5.027      3.181     27428224 
    30.794      3.311      3.180    230500256 
    30.808      7.243      3.174      4949255 
    30.834      8.619      1.466      5904924 
    30.839      4.774      1.445      8052895 
    30.839      3.586      3.309      7439324 
    30.849      5.109      1.333      5587720 
    30.871      3.920      1.343     20829126 
    30.883      3.093      1.343     22467676 
    30.892      4.762      1.344      9429625 
    30.896      8.208      1.439     14427201 
    30.898      1.341      1.451    146063728 
    30.898      1.451      1.343    158281536 
    30.902      8.390      0.716      5507592 
    30.907      3.107      1.449     16768644 
    30.922      6.879      1.973      3519581 
    30.952      8.207      1.348     22692250 
    30.953      3.930      1.445     10784283 
    30.961      8.633      1.347      7161766 
    30.994      1.493      0.718      9741480 
    31.000      0.832      1.973     83198912 
    31.009      1.552      1.963      9964147 
    31.020      0.968      1.974     96754304 
    31.029      0.915      0.722     24455584 
    31.030      0.277      1.976     43821640 
    31.031      3.538      1.976     40876212 
    31.031      1.925      0.724     50316000 
    31.040      0.758      1.931     94596968 
    31.046      1.262      0.721     15348527 
    31.060      0.752      0.725    105274080 
    31.062      3.887      1.965      8630211 
    31.064      8.016      1.975     13567490 
    31.066      3.224      0.724     12682439 
    31.200      1.842      0.726     12639093 
    31.200      1.201      0.721      7297744 
    31.300      7.110      3.055      8679841 
    31.309      9.799      3.056     10112648 
    31.314      3.061      2.854    103488344 
    31.314      7.109      2.856     12551168 
    31.321      7.390      2.853     24959420 
    31.321      2.862      3.057    102348240 
    31.328      4.649      2.858     11606185 
    31.332      2.127      3.057     14572323 
    31.333      7.388      3.058      9587539 
    31.335      4.644      3.057     19988660 
    31.378      1.612      3.063      6612048 
    31.381      3.329      2.049      8556539 
    31.401      2.105      2.393    204457152 
    31.407      8.194      2.393     12443352 
    31.410      1.870      2.260     43446684 
    31.418      1.520      2.395      8089870 
    31.427      0.382      2.095     19531298 
    31.430      0.385      2.392     22074070 
    31.435      1.502      2.093     11181989 
    31.451      8.149      2.257     13626794 
    31.452      4.146      2.096     12412714 
    31.456      4.139      2.394     18250340 
    31.464      0.911      2.395     53642004 
    31.470      7.852      2.258      6395482 
    31.473      8.900      2.062      9066256 
    31.482      2.055      2.259    152957472 
    31.484      7.360      2.061      4098977 
    31.485      4.572      2.258     27089748 
    31.504      8.899      2.258     26443520 
    31.509      4.572      2.050     14423554 
    31.509      8.155      2.059     28347596 
    31.511      3.341      2.256     14445195 
    31.522     -0.041      2.394      5869201 
    31.603      1.236      2.392     11943774 
    31.625      7.192      2.406      4806390 
    31.651      7.819      1.995     11929939 
    31.662      4.363      1.991     15926411 
    31.681      9.042      2.391     11714608 
    31.687      8.893      2.013      6460083 
    31.690      0.785      1.880     67891000 
    31.700      1.921      2.404     31561618 
    31.702      8.379      2.398      4030268 
    31.707      3.957      2.399     27206812 
    31.713      4.369      1.816     18439540 
    31.719      8.050      2.393     32725822 
    31.723      7.816      1.817     28991288 
    31.739      3.097      1.994      9612886 
    31.744      0.802      2.399    102868856 
    31.760      3.437      2.390      8190110 
    31.761      7.204      1.815      7609656 
    31.773      8.498      1.810      7193942 
    31.784      9.201      1.436      8827546 
    31.800      4.823      1.814     11738639 
    31.800      3.005      1.812      4417888 
    31.800      2.895      1.651      2925481 
    31.800      4.814      1.639     10987740 
    31.833      3.127      1.810     34058604 
    31.840      8.896      1.819      8342292 
    31.849      4.709      1.437     16065309 
    31.853      1.660      1.807    355775232 
    31.861      8.718      1.559      5635658 
    31.878      3.135      1.652     21621488 
    31.880      1.513      1.807     81479992 
    31.898      6.884      1.559      9057655 
    31.906      8.668      1.656     20790082 
    31.909      4.718      1.565     16152157 
    31.921      8.714      1.438      5694280 
    31.932      6.886      1.447      9398728 
    31.958      8.692      1.815     22846182 
    31.968      4.755      1.813     18654066 
    32.007      9.203      1.550      4032234 
    32.062      3.797      2.048     11653306 
    32.072      5.055      1.919     16989148 
    32.072      8.727      1.914     14675673 
    32.072      8.718      1.857     27934352 
    32.080      8.370      2.052      7734240 
    32.100      4.480      2.423     80771736 
    32.100      1.947      2.475    109489952 
    32.128      0.182      2.477     12227079 
    32.136      0.183      2.359     18345260 
    32.139      5.073      1.852     21432462 
    32.169      6.904      2.281      6078954 
    32.212      2.014      2.276    292138592 
    32.215      3.654      2.467     17792516 
    32.220      3.954      2.265      7408134 
    32.223      4.123      2.276     60984460 
    32.224      4.122      2.008     24360182 
    32.225      1.072      2.275     10310192 
    32.237      3.960      2.027      7163402 
    32.244      7.979      2.485      7059046 
    32.254      3.642      2.279      9994571 
    32.295      8.541      2.269      4515118 
    32.305      8.536      2.010      9794602 
    32.308      4.390      2.450     69995224 
    32.315      3.632      2.025     10416573 
    32.342      4.446      2.036     53969088 
    32.536      3.375      2.037      4572898 
    32.574      2.456      1.999    172734272 
    32.574      2.011      2.453    255997184 
    32.585      6.882      1.968      8960165 
    32.594      2.913      1.734     10354134 
    32.594      3.900      1.964     35493456 
    32.594      6.874      1.730     29245630 
    32.600      4.426      2.080     45566656 
    32.600      4.388      2.006     29991118 
    32.600      1.385      1.964     38042760 
    32.600      2.395      1.924     32300098 
    32.613      8.390      2.092     11091877 
    32.617      3.898      1.732     26367962 
    32.618      4.405      1.934     14031745 
    32.619      8.390      1.930     18970000 
    32.638      3.207      1.821      9346417 
    32.640      6.694      1.716      5873963 
    32.644      7.384      1.827     17485532 
    32.644      6.702      1.827      6669996 
    32.649      8.197      2.095     33905228 
    32.649      0.390      2.090     10475147 
    32.651      0.388      1.928     15912876 
    32.652      4.143      2.093     22766116 
    32.655      8.197      1.929     32940812 
    32.662      4.143      1.931     19510324 
    32.671      0.980      1.826    117272072 
    32.678      4.419      1.718     26927908 
    32.680      1.422      1.725     67767032 
    32.683      1.453      2.080     47248468 
    32.686      7.343      1.723     38134000 
    32.687      7.341      2.080     13846900 
    32.688      1.725      2.079    209453296 
    32.693      4.127      1.721     11752788 
    32.805      4.737      1.802     12014662 
    32.819      6.883      1.623      5598030 
    32.845     -0.041      2.092      3859142 
    32.851      9.214      1.613      3986106 
    32.882      4.733      1.624      8962489 
    32.897      6.483      1.780      8500331 
    32.900      0.766      2.377     61519936 
    32.903      6.483      1.626      8546987 
    33.006      8.604      0.855      7907926 
    33.008      4.639      0.861     27183852 
    33.013      0.696      1.187     18954744 
    33.014      0.687      0.863     30662032 
    33.018      1.200      0.861     60027556 
    33.026      0.873      1.189     61194104 
    33.028      7.217      2.182      6075087 
    33.032      4.636      1.187     22009264 
    33.033      8.630      1.190     14702054 
    33.047      1.060      2.171     13483340 
    33.050      7.089      2.169      6314399 
    33.065      4.629      2.378     78615024 
    33.067      0.877      2.378    121167448 
    33.074      7.969      2.167     60869952 
    33.078      8.008      2.167     43876220 
    33.079      4.222      2.166     23495182 
    33.079      3.692      2.167     20877370 
    33.081      1.657      2.379     35079572 
    33.094      7.419      2.376     10796145 
    33.106      1.440      1.787     45275164 
    33.109      1.265      2.375     17299878 
    33.200      4.318      1.712     20964584 
    33.240      4.315      1.789     22587262 
    33.265      8.541      1.711     19042304 
    33.303      8.555      1.791     15818569 
    33.335      5.815      1.697      9387072 
    33.352      6.735      1.707      6442168 
    33.368      6.729      1.653      9903125 
    33.370      5.820      1.652     10655807 
    33.378      4.117      1.652     65172124 
    33.378      7.829      1.696     20927068 
    33.381      7.236      1.700     55967132 
    33.381      7.236      1.651     61374048 
    33.385      4.121      1.697     61333664 
    33.390      7.827      1.649     26240928 
    33.400      1.289      1.706     56456852 
    33.400      1.289      1.651     56636488 
    33.400      4.586      1.656      5865608 
    33.400      4.590      1.700      4056839 
    33.456      1.392      1.681    139239344 
    33.499      2.952      1.674     23602530 
    33.500      4.226      1.675     81777352 
    33.539      8.760      1.676     28465896 
    33.539      8.428      1.677     94030832 
    33.924      4.416      2.125      4265650 
    33.960      4.667      1.609      4250938 
    33.985      3.055      2.133     10488633 
    33.993      9.579      2.123      6535030 
    34.032      2.126      1.611    140202144 
    34.038      3.059      1.611      7457035 
    34.043      5.322      2.138     15068941 
    34.044      7.203      1.609      8770827 
    34.062      8.906      1.612     14304166 
    34.063      1.623      2.139     85720104 
    34.064      6.890      1.613      3960047 
    34.072      4.415      2.145      3585070 
    34.085      8.909      2.131      4298994 
    34.099      5.324      1.610     16474890 
    34.114      7.197      2.139     15940861 
    34.143      4.510      1.856     44404924 
    34.146      7.203      2.433     31512248 
    34.146      4.135      2.436     39818144 
    34.156      7.889      1.856     40401704 
    34.156      1.450      1.856    115532856 
    34.157      8.538      1.857     26611700 
    34.165      7.532      2.435     23542444 
    34.171      6.955      2.435      8026852 
    34.174      7.952      2.428      8594281 
    34.176      1.700      2.436     25063194 
    34.579      5.126      1.952     12019215 
    34.616      1.364      1.945     15864107 
    34.629      8.627      1.948     38114236 
    34.633      0.884      1.947     95708080 
    34.635      0.753      1.947     79341272 
    34.663      3.899      1.949      4987190 
    34.703      4.536      1.945      4209668 
    34.841      9.179      1.949      3169219 
    35.269      7.217      2.074     12807453 
    35.278      8.899      2.077     10601490 
    35.339      5.323      2.077     26438164 
    35.341      1.624      2.083     51085580 
    35.350      4.430      2.075     20847426 
    35.435      2.345      2.565    193241200 
    35.461      3.938      2.560     17809598 
    35.469      1.185      2.562     20013690 
    35.470      3.940      2.334     41959272 
    35.470      8.140      2.564     31018208 
    35.477      8.143      2.333     21506632 
    35.484      8.586      2.327      7258336 
    35.484      2.006      2.562     34698828 
    35.487      2.566      2.333    262320384 
    35.500      1.943      2.564     23532214 
    35.531      7.291      2.324      3668317 
    35.582      8.435      2.303      5931696 
    35.597      8.352      2.116      8058583 
    35.600      2.009      2.300    136735728 
    35.600      1.904      2.300    100437456 
    35.668      8.356      2.192      8048639 
    35.712      4.300      2.301     14762861 
    35.737      8.582      2.292     13218891 
    36.407      5.083      2.146     14002633 
    36.415      8.716      2.131     13173227 
    36.456      0.880      2.148     24146544 
    36.460      8.872      2.138      4921476 
    36.478      5.093      2.103     15223602 
    36.536      7.189      2.434      7022433 
    36.539      9.171      2.430     16081712 
    36.545      4.422      2.431     22389836 
    36.564      2.060      2.588     51251320 
    36.565      2.431      2.590    315028576 
    36.566      1.657      2.427      8757246 
    36.569      8.790      2.433      8833929 
    36.578      2.057      2.431     56860592 
    36.581      9.173      2.588     15001326 
    36.587      2.585      2.431    287582496 
    36.590      1.665      2.586      8412554 
    36.636      4.429      2.594     10122675 
    37.578      6.383      2.888     11894171 
    37.623      1.014      3.500      6062601 
    37.670      7.169      3.504     39636724 
    37.679      4.774      3.506     39493448 
    37.681      3.514      2.887    144112544 
    37.682      2.896      3.504    133352648 
    37.683      6.376      3.500      6698081 
    37.684      4.776      2.888     46239244 
    37.691      7.168      2.887     42216952 
    38.076      8.657      3.014      5581709 
    38.194      3.006      3.222    127393016 
    38.201      1.221      3.003     14608891 
    38.206      6.858      3.223     28058298 
    38.213      1.221      3.221     17193414 
    38.214      7.960      3.223     40116412 
    38.214      6.861      3.001     47198284 
    38.221      6.700      3.003     10211836 
    38.222      3.412      3.223     18547630 
    38.225      1.637      3.223      7197232 
    38.225      3.986      3.222     18519180 
    38.230      0.884      3.001     33471254 
    38.231      3.225      3.002    178552848 
    38.232      0.766      3.000      9894547 
    38.236      3.987      3.002     43784704 
    38.237      0.882      3.230     12938961 
    38.239      3.410      3.004     17089584 
    38.239      7.961      3.002     55478744 
    38.245      8.668      3.235     12420948 
    38.255      1.631      3.006      7872480 
    38.382      8.149      1.819     18350910 
    38.412      0.801      1.823     47778868 
    38.440      0.926      1.824     61166220 
    38.445      3.889      1.823     13359359 
    38.448      3.226      1.829     11572176 
    38.448      7.550      2.547     34262164 
    38.453      4.577      2.551     42605948 
    38.463      2.555      2.551    930576896 
    38.464      8.011      2.547     43007092 
    38.465      7.192      2.550     12253232 
    38.476      7.733      2.551      8746639 
    38.477      7.013      2.546     10516251 
    38.477      1.212      1.823     12216647 
    38.490      1.745      2.558      5784532 
    38.500      0.727      1.826     34310120 
    38.507      8.396      1.825     37397172 
    38.514      8.539      2.554      3486186 
    38.894      2.687      3.170      5918938 
    38.955      0.889      3.173      6322162 
    38.982      8.132      3.171     32971864 
    38.996      7.052      3.171     36288980 
    38.997      3.176      2.957    158370656 
    38.998      4.507      2.956     26904800 
    39.006      2.963      3.172    175049424 
    39.009      7.601      3.170      3525610 
    39.010      7.055      2.959     27086250 
    39.010      8.134      2.956     23680468 
    39.017      4.078      3.168      6026537 
    39.018      4.502      3.170     21570900 
    39.048      1.516      2.968      3237394 
    39.086      4.086      2.948      5811866 
    39.086      1.514      3.169      4533815 
    39.204      0.899      2.961      4793935 
    39.300      8.507      2.753     16755159 
    39.314      8.919      2.630      3674841 
    39.317      4.811      2.616     28909142 
    39.319      2.597      2.737    187132416 
    39.330      4.814      2.751     26178722 
    39.346      7.506      2.620      6637330 
    39.347      2.752      2.614    427659904 
    39.353      7.515      2.751      7471808 
    39.356      1.868      2.749     11693195 
    39.383      8.512      2.614     11976168 
    39.614      2.072      2.719     12600242 
    39.707      8.196      2.721     31303664 
    39.713      8.534      2.721     33537502 
    39.769      1.945      3.241      3085038 
    39.808      6.857      2.902      5947391 
    39.810      1.204      2.895      4533228 
    39.826      7.222      2.902     23175404 
    39.830      0.981      3.243      5022886 
    39.837      6.853      3.257      8692455 
    39.841      2.906      3.252    140663088 
    39.843      7.221      3.252     20129296 
    39.843      3.252      2.900    142030432 
    39.851      7.078      3.248     15525168 
    39.851      8.397      2.901     20595942 
    39.853      8.397      3.251     36334904 
    39.858      0.792      3.252      7935966 
    39.859      0.800      2.899     17630536 
    39.862      7.088      2.904     12180294 
    39.863      0.274      2.909      4403616 
    39.863      0.973      2.885      6879414 
    39.866      3.906      3.250     16249118 
    39.871      3.903      2.901     21370924 
    39.881      0.654      2.898     12660684 
    39.887      0.649      3.241      7586963 
    39.924      1.778      3.267      3381638 
    39.931      4.325      2.729     51039600 
    40.062      6.403     -0.088      4809142 
    40.064      7.071     -0.087      4595679 
    40.071      7.843      2.772     13592318 
    40.076      4.595      2.767     10618052 
    40.091      8.897      2.771     56595116 
    40.127      4.365     -0.085     10847543 
    40.201     -0.083      1.125     60182736 
    40.203      1.130     -0.085     55390056 
    40.204      0.191      1.122     21958348 
    40.204     -0.083     -0.086     74429576 
    40.207      0.602      1.133     14009053 
    40.219      0.187     -0.083     15707532 
    40.225      1.564     -0.088      9286179 
    40.227      1.582      1.133     20083698 
    40.243      6.670      1.119      9519727 
    40.245      4.359      1.134      8460546 
    40.245      0.597     -0.087     14216563 
    40.265      8.202      2.886      4158325 
    40.277      8.365      2.767      5399893 
    40.298      3.545      1.123      5557334 
    40.336      6.405      2.885      3553730 
    40.350      4.310      2.713     57091292 
    40.352      8.666      2.871     22616032 
    40.364      8.667      2.716     25816638 
    40.376      2.718      2.869    370022272 
    40.396      4.310      2.869     49248232 
    40.642      4.592      2.028     17867064 
    40.656      7.827      2.034     28820140 
    40.669      6.710      2.453     10157444 
    40.670      2.448      2.031    168528272 
    40.680      2.033      2.448    182137840 
    40.685      5.817      2.451     16569254 
    40.685      2.448      2.448    395422624 
    40.686      5.816      2.033     25171620 
    40.693      4.591      2.449     40949524 
    40.713      7.825      2.449     19327358 
    40.717      6.710      2.034     12190408 
    40.730      8.433      2.447      6144694 
    40.786      8.440      2.036      7600373 
    40.797      3.904      2.030      5379692 
    41.049      7.059      2.972      4917066 
    41.089      0.384      2.675     14331668 
    41.093      2.685      2.982    158686416 
    41.094      2.978      0.890      5233804 
    41.095      5.234      2.686     24467076 
    41.110      2.989      2.683    180350592 
    41.117      0.391      2.987      8221304 
    41.125      5.231      2.978     24057732 
    41.132      8.443      2.983     14721346 
    41.133      3.850      2.992      5129619 
    41.141      8.446      2.687     29422468 
    41.171      3.897      2.680     10982171 
    41.297      4.581      2.664     59264920 
    41.297      8.340      2.656     30916104 
    41.297      8.437      2.656     24822964 
    41.300      3.892      1.622      6970702 
    41.304     -0.033      0.898     16137496 
    41.306      0.387      0.900     15800640 
    41.308      7.024      0.923      3758170 
    41.309      3.891      0.881     13993002 
    41.318     -0.030      1.631     18784240 
    41.318      0.901      0.896     88221280 
    41.322      1.637      0.904     61734740 
    41.323      8.680      0.930      4391508 
    41.327      0.907      1.623     61528332 
    41.329      0.383      1.629      9323449 
    41.348      3.557      1.623      6155054 
    41.355      7.966      1.613     12157320 
    41.358      7.980      0.906      7058466 
    41.478      2.665      1.589     13701167 
    41.598      1.473      1.587    131379456 
    41.598      1.600      1.470    210768688 
    41.598      0.880      1.589     28515104 
    41.598      0.880      1.473      8549931 
    41.600      8.200      1.585      5619236 
    41.623      8.475      1.827      7849851 
    41.646      4.222      2.048     16931742 
    41.654      4.224      1.832     26113156 
    41.657      2.048      1.832    143049248 
    41.664      1.829      2.048    145178320 
    41.665      1.059      1.584     47956848 
    41.670      8.878      1.834     15785865 
    41.671      1.078      1.830     29996874 
    41.671      1.082      2.041     15395708 
    41.671      8.902      2.048     15626066 
    41.672      8.626      1.587     33811720 
    41.672      4.464      1.582     14716205 
    41.679      8.488      2.049     19121878 
    41.695      1.047      1.470     48470008 
    41.696      0.967      1.832     39935348 
    41.696      8.622      1.473     22270032 
    41.703      4.481      1.469     20128980 
    41.729      0.945      2.046     59123436 
    41.746      1.284      2.028     44800032 
    41.800      9.131      2.050      6103411 
    41.812      8.201      1.469      9108724 
    41.813      3.713      2.018      8966359 
    41.895      3.690      1.281     11043887 
    41.899      9.134      1.282      4508219 
    41.908      3.954      1.278     21104888 
    41.913      3.945      2.050     12959211 
    41.918      0.892      1.279     53718244 
    41.923      8.805      2.047     18896190 
    41.924      1.287      1.279    171574976 
    41.942      8.794      1.280     21822794 
    41.966      2.042      1.280     98539432 
    42.000      1.421      2.985     14019214 
    42.000      1.684      2.990     17884050 
    42.037      1.290      2.059     78881328 
    42.072      0.888      2.909     33682328 
    42.074      1.673      2.910    170289408 
    42.091      1.969      2.912     29050552 
    42.100      1.591      2.910    109161016 
    42.103      4.117      2.900     28834762 
    42.118      1.367      2.912     83224712 
    42.149      0.819      1.951     21373704 
    42.173      0.192      1.754      4944499 
    42.176      9.370      1.756      7787834 
    42.181      8.340      1.453     12302371 
    42.183      9.356      1.949      9443095 
    42.186      8.294      1.761     10409077 
    42.188      7.062      1.945      3386034 
    42.193      1.762      1.954    123861968 
    42.201      8.282      1.951      8086828 
    42.210      0.846      1.760     32514092 
    42.215      0.749      1.758     23426106 
    42.215      1.666      1.760    128610360 
    42.218      7.216      1.958      4981762 
    42.219      1.953      1.759    138007952 
    42.221      4.400      1.759     25859762 
    42.235      7.227      1.762     10322743 
    42.241      6.849      1.760      9867510 
    42.245      4.401      1.953     17268578 
    42.253      0.829      1.451     37566592 
    42.263      0.837      1.564     39465832 
    42.264      0.752      1.955     21785430 
    42.271      8.344      1.568      9317862 
    42.278      8.117      1.565     32526532 
    42.278      8.121      1.453     14207944 
    42.281      4.231      1.451     32107062 
    42.293      6.839      1.941      5606569 
    42.311      4.233      1.563     24998004 
    42.717      3.944      2.541      4969518 
    42.717      8.536      2.792      3978314 
    42.802      1.218      0.918     10957559 
    42.805      1.866      0.922     96995472 
    42.809      0.678      0.916     25626204 
    42.819      6.424      1.871     14372990 
    42.823      6.421      0.915      8456127 
    42.861      0.666      1.880     43719644 
    42.863      8.540      2.812      3620782 
    42.902      4.757      2.547     33316878 
    42.906      2.548      2.794    195544336 
    42.908      7.015      2.797      9359163 
    42.916      2.800      2.548    210964784 
    42.917      6.416      0.970      7777245 
    42.918      7.591      2.793     31391400 
    42.919      4.763      2.796     18448484 
    42.924      7.596      2.548     25625620 
    42.933      4.505      2.801      5650268 
    42.949      8.010      2.794      7809101 
    42.956      0.978      1.893    120535168 
    43.005      4.505      2.545      5150808 
    43.090      6.997      2.540      4299950 
    43.146      1.184      1.893     15605339 
    43.168      1.525      1.894     19555842 
    43.203      9.571      1.897      3586003 
    43.210      6.065      1.894     23593736 
    43.229      0.281      1.901      8359190 
    43.259      8.581      1.893     17586094 
    43.304      1.861      1.584     10849177 
    43.342      1.318      3.094     93937832 
    43.356      6.760      3.087     27950998 
    43.364      1.883      1.477      7926890 
    43.371      6.750      3.116     28596280 
    43.387      7.204      3.139     25944030 
    43.390      3.908      3.084      8357944 
    43.400      1.692      3.067     74202280 
    43.404      1.996      3.068     24536466 
    43.414      7.830      3.131      3655226 
    43.416      2.062      1.576      5017804 
    43.419      3.904      3.129     10075789 
    43.421      1.978      3.128     29334312 
    43.425      7.031      3.070     16064425 
    43.433      1.695      3.152    167300080 
    43.438      8.532      3.150      7040670 
    43.443      4.645      1.477     16353455 
    43.443      7.020      3.125     12866854 
    43.458      1.699      3.261    115922784 
    43.458      0.788      1.482     23124242 
    43.460      0.787      1.588     20453330 
    43.461      4.643      1.589     14363692 
    43.462      2.123      1.486      4811034 
    43.466      7.582      3.164     24237056 
    43.477      7.586      3.262     20761406 
    43.479      4.144      3.273      5487883 
    43.490      8.501      1.476     17139598 
    43.500      1.758      3.261     51377112 
    43.500      1.763      3.153    107284568 
    43.508      1.493      1.588    232854000 
    43.508      1.581      1.482    197829744 
    43.509      4.578      3.304      6194227 
    43.519      8.501      1.585     14074114 
    43.548      2.032      3.384     27535978 
    43.549      2.256      3.306     17873490 
    43.549      1.869      3.306     29616572 
    43.568      2.034      3.306     39285224 
    43.577      2.257      3.390     12681141 
    43.583      1.866      3.390     24966326 
    43.591      7.317      3.309     20635340 
    43.595      4.578      3.390      6062336 
    43.609      7.316      3.389     13286913 
    44.971      3.485      4.120    172481088 
    44.973      1.309      3.480     27540356 
    44.974      4.129      3.478    169786368 
    44.984      8.375      3.479     49161916 
    44.986      7.394      4.128      9327333 
    44.987      8.374      4.122     24481480 
    45.000      1.307      4.128     11244004 
    45.039      7.379      3.472      8296755 
    45.119      0.277      1.015     24214548 
    45.121      0.654      1.016     29035328 
    45.134      5.128      1.016     17938666 
    45.139      1.591      1.014     85220368 
    45.145      1.911      1.008      6951022 
    45.145      0.274      1.584     27140090 
    45.150      8.675      1.015     12854158 
    45.153      7.376      1.031      6812232 
    45.165      1.022      1.585     97488968 
    45.167      5.133      1.580     11272074 
    45.181      0.643      1.586     29721892 
    45.198      7.374      1.587     15652169 
    45.209      1.920      1.584      5860295 
    45.270      8.664      1.582      7975628 
    45.287      8.614      3.902      3361169 
    45.549      7.790      3.947     50231940 
    45.596      8.119      3.895     27832700 
    45.600      8.331      3.952     24935666 
    45.602      3.962      3.896    994134912 
    45.602      3.897      3.962   1190920192 
    45.611      8.430      3.899     49361060 
    45.638      8.119      3.954     30797868 
    45.649      8.430      3.955     64726044 
    45.735      4.598      3.954     21044504 
    45.931      7.814      4.050     22182878 
    45.985      4.605      4.055      7385164 
    46.014      1.686      3.955     16037490 
    46.029      8.590      3.952     44708336 
    46.037      1.685      4.059      9997688 
    46.054      3.945      4.063    287298496 
    46.054      4.055      3.951    374082752 
    46.056      8.591      4.055     33579576 
    46.129      7.815      3.953     16627068 
    46.186      4.767      4.046      6755044 
    46.718      3.722      3.714    917330816 
    46.721      8.758      3.712     22919238 
    46.724      4.811      3.712     12947345 
    46.725      4.073      3.713    425425472 
    46.729      7.870      4.065      6792274 
    46.729      8.758      4.070     49257892 
    46.730      4.361      3.714     13328720 
    46.733      3.721      4.072    322563968 
    46.737      8.906      3.714     77982168 
    46.743      8.904      4.071     34001616 
    46.759      4.789      4.066     10783327 
    47.754      4.279      3.995     11088944 
    47.770      8.147      3.998     16711708 
    47.791      3.548      3.997    207968208 
    47.793      0.963      4.002     27609254 
    47.793      1.069      4.002      5780814 
    47.794      4.001      3.537    211193984 
    47.797      8.905      3.533     12673300 
    47.798     -0.033      3.537     19642880 
    47.798      8.904      3.991     20043996 
    47.799      7.963      4.000      6307560 
    47.802      9.045      4.003     29629440 
    47.806      0.953      3.537     33693456 
    47.814      0.807      3.535     12262191 
    47.815      9.045      3.541     22867548 
    47.815      1.633      4.000      8509653 
    47.823      4.253      3.537     11492648 
    47.826      7.974      3.533      4744473 
    47.830      8.142      3.537     15009052 
    47.831      1.635      3.539     14808474 
    47.832     -0.029      3.995      9599932 
    47.849      0.806      3.996      8604527 
    47.964      2.396      4.006      3891623 
    49.400      2.017      3.426     11498273 
    49.400      2.066      3.380      8607634 
    49.566      0.808      4.983      9235235 
    49.591      1.267      4.973     73107408 
    49.594      8.147      4.974     10785803 
    49.601      9.810      4.970      9566569 
    49.605      9.186      4.970     62669004 
    49.607      2.044      4.968      8410488 
    49.608      4.171      4.969     42955156 
    50.719      2.454      3.630     15383605 
    50.749      4.973      3.374     27718596 
    50.754      4.434      3.630     15218678 
    50.756      3.643      3.375    109285792 
    50.758      1.681      3.630     14581560 
    50.759      3.378      3.634    225371184 
    50.759      4.973      3.633    113806512 
    50.776      8.764      3.632      8868910 
    50.777      2.066      3.369     25773002 
    50.800      2.083      3.631     90005888 
    50.979      2.429      3.500     13352022 
    50.980      3.517      3.783    272191488 
    50.981      3.792      3.506    193391600 
    50.986      2.021      3.506     60228012 
    50.991      5.230      3.506     41214104 
    50.993      5.231      3.785    100403176 
    50.997      2.018      3.784    106039088 
    50.999      4.477      3.786     12135205 
    51.000      8.393      3.503      6824268 
    51.001      2.430      3.784     10185913 
    51.002      8.396      3.784     16691501 
    51.011      4.498      3.508      9100204 
    51.345      2.006      3.609     46483836 
    51.361      2.263      3.939      8652097 
    51.373      6.886      3.938      4803210 
    51.386      7.595      3.942      5494618 
    51.391      4.752      3.607     68263088 
    51.399      3.945      3.608    185414096 
    51.401      4.759      3.942    110927832 
    51.402      8.541      3.940     17402408 
    51.403      3.627      3.941    248075232 
    51.406      7.051      3.605      5324317 
    51.409      7.062      3.950      4475419 
    51.409      1.502      3.954      3786054 
    51.411      2.021      3.942     85199496 
    51.429      1.502      3.610      5299104 
    51.442      2.533      3.943      5303108 
    51.462      6.905      3.609      5984708 
    51.462      1.738      3.936      4518982 
    51.615      2.021      5.231     16448732 
    51.627      8.431      5.229     25463704 
    51.631      4.605      5.225      4930624 
    51.634      2.683      5.229     41087148 
    51.644      2.438      5.226      4360138 
    51.646      3.519      5.227     61115216 
    51.646      3.795      5.228    101231840 
    51.651      2.989      5.229     39048032 
    53.261      7.388      5.116     10842226 
    53.274      1.029      5.119     37685260 
    53.281      1.590      5.126     17733282 
    53.284      0.654      5.122     60880316 
    53.290      6.690      4.369     14472229 
    53.298      8.675      5.119     56613260 
    53.300      4.485      5.120     20845906 
    53.303      8.205      5.118     20435690 
    53.327      1.138      4.366     18411120 
    53.335      0.587      4.363     76721072 
    53.338      8.670      4.363     89359112 
    53.349      1.591      4.363     18161820 
    53.349     -0.062      4.362     25832450 
    53.362      0.276      5.115      7061492 
    53.367      0.179      4.365     10667067 
    53.414      1.323      5.118      8073100 
    53.560      1.298      4.170    105473792 
    53.572      8.148      4.173     87718120 
    53.627      4.970      4.178     51361784 
    53.627      0.800      4.169      8726558 
    53.638      8.472      4.180     18860334 
    54.007      7.553      4.573      4984566 
    54.049      8.012      4.574     29115190 
    54.058      7.755      4.572     12542275 
    54.059      1.771      4.573      9208187 
    54.069      2.565      4.573     95291160 
    54.177      3.941      4.577     19298064 
    54.250      3.127      4.971     35147120 
    54.251      3.644      4.969     80940496 
    54.256      3.372      4.968     50183900 
    54.266      8.763      4.971     15478034 
    54.290      2.063      4.971      9068225 
    54.300      3.256      4.970     34410428 
    54.357      1.199      4.635     26178498 
    54.358      8.428      4.579     59680092 
    54.358      8.349      4.579     24360344 
    54.369      0.891      4.634     36251924 
    54.376      1.254      5.307      8205346 
    54.383      8.618      4.635     34692192 
    54.400      2.667      4.579     58822596 
    54.400      8.779      5.313     18988556 
    54.404      9.573      5.305     51460872 
    54.415      0.797      2.788      7910514 
    54.416      2.099      5.312     54261564 
    54.427      1.621      5.311     16819584 
    54.435      8.886      5.310     12796211 
    54.451      7.313      2.791      7556676 
    54.457      6.859      2.785     13014635 
    54.460      3.920      2.773      4280606 
    54.484      0.941      5.315     14176430 
    54.486      3.235      2.782     10000056 
    54.489      1.221      2.785    121101176 
    54.492      7.494      2.786     27495308 
    54.496      6.686      2.784     10086262 
    54.511      4.410      5.310     55578912 
    54.517      9.577      4.620      3873841 
    54.524      8.393      2.781      4214888 
    54.605      7.440      4.177      8451327 
    54.625      2.349      4.161      3759922 
    54.638      1.945      4.165      5197656 
    54.658      1.253      4.171    160584512 
    54.666      2.979      4.091      4553447 
    54.681      7.054      4.084      9966203 
    54.684      3.176      4.084      6991748 
    54.684      8.730      4.704     18828454 
    54.691      1.493      4.082    150555584 
    54.694      0.890      4.173      6180662 
    54.697      7.312      4.170     44241332 
    54.699      7.968      4.083     46436620 
    54.713      8.450      4.083      6514988 
    54.713      2.393      4.369      8612374 
    54.734      7.232      4.083     14226562 
    54.744      3.010      4.381      5179130 
    54.770      7.976      4.368     14785915 
    54.771      8.131      4.362     21468132 
    54.772      0.799      4.364      9594254 
    54.774      4.011      4.366     59863996 
    54.780      1.667      4.367    153289424 
    54.787      8.529      4.888     16457521 
    54.787      8.889      4.891     23751936 
    54.799      1.682      4.873     17278238 
    54.799      0.874      4.369     10120869 
    54.805      7.178      4.366     36901172 
    54.813      2.077      4.423     61056752 
    54.823      2.448      4.589     57454296 
    54.825      1.408      4.423     43408960 
    54.844      7.352      4.424     26215602 
    54.845      8.809      5.025    113105104 
    54.852      3.315      5.024     51319792 
    54.860      7.826      4.589     24456696 
    54.860      8.455      4.588     13459773 
    54.868      3.005      4.425      6047167 
    54.868      6.693      4.425     11607337 
    54.870      3.182      5.024     56168620 
    54.878      2.024      4.589     25062410 
    54.900      0.797      4.640     20306030 
    54.900      8.485      4.623     27226278 
    54.900      1.574      4.640      9458257 
    54.900      1.719      4.421     50427204 
    54.900      8.902      5.025     24746026 
    54.900      1.469      4.426     32347056 
    54.917      3.690      5.030     10790379 
    54.934      1.649      5.051      9944493 
    54.942      8.903      4.641     38608520 
    54.946      0.805      5.088      6398274 
    54.967      8.353      4.712      8319820 
    54.981      2.126      5.059     27520060 
    54.995      1.486      4.889     10423315 
    55.000      8.679      5.059     80530168 
    55.000      5.165      5.057    112024928 
    55.000      8.893      5.057     15853495 
    55.014      1.491      4.637     16380501 
    55.024      1.467      5.042      6055070 
    55.025      1.891      5.067     34233544 
    55.128      1.895      4.625     10800186 
    55.161      1.866      4.226      3744969 
    55.260      8.657      4.647     14955913 
    55.300      3.063      4.623     66795876 
    55.300      3.151      4.623     82919064 
    55.300      8.419      4.614     27634176 
    55.300      8.498      4.614     32905554 
    55.300      1.539      4.225     46619780 
    55.345      8.115      4.223     33563108 
    55.346      8.340      4.224     64544384 
    55.351      0.795      4.223     64334832 
    55.356      1.475      4.224     52630348 
    55.361      8.177      4.434     38542460 
    55.363      1.006      4.494     52946772 
    55.368      0.657      4.492     27265260 
    55.370      1.028      4.445     38626044 
    55.372      8.217      4.491     61609844 
    55.372      8.630      4.491     17106982 
    55.400      5.117      4.492     37938628 
    55.500      1.466      4.494     35092904 
    55.500      1.570      4.491     18910440 
    55.500      3.225      4.650    141843024 
    55.500      8.401      4.644     23229520 
    55.558      8.561      4.526     88677360 
    55.561      7.884      4.528     16422781 
    55.575      1.865      4.532     53328876 
    55.702      8.897      4.572     47752972 
    55.707      2.257      4.574     50861676 
    55.708      7.887      4.485     12751286 
    55.712      8.510      4.485     67527936 
    55.719      2.043      4.574     43851512 
    55.732      8.150      4.575     28984864 
    56.011      8.358      4.630     15112417 
    56.045      8.588      4.616     18435488 
    56.045      3.037      4.623     20605102 
    56.045      3.282      4.623     30917094 
    56.154      2.870      4.306     66626536 
    56.159      8.430      4.296    182390624 
    56.159      8.578      4.294     53697424 
    56.160      2.721      4.306     67391600 
    56.184      7.372      4.299      8072520 
    56.192      2.299      4.301     34436644 
    56.192      2.009      4.302     52710308 
    56.192      1.904      4.302     41099408 
    56.200      8.578      4.324    151112208 
    56.200      8.509      4.323     78539976 
    56.228      6.376      4.296      7129726 
    56.228      8.674      4.302     45510660 
    56.330      1.406      4.312     29741594 
    56.389      1.363      4.220     41616852 
    56.389      1.679      4.220    111649664 
    56.390      1.770      4.316     47780460 
    56.399      8.762      4.219    144066560 
    56.400      1.697      4.311     34060184 
    56.400      8.441      4.221     50543852 
    56.688      2.153      4.134     19760370 
    56.700      1.863      4.131     65577600 
    56.700      8.322      4.131     38130996 
    56.718      8.388      4.131     47428328 
    56.804      1.657      4.386     25355042 
    56.929      1.252      4.639     12886454 
    56.953      0.886      4.639     15226380 
    56.997      7.186      4.644     20068438 
    56.998      9.803      4.644     71086096 
    57.014      7.389      4.640     10642291 
    57.022      2.872      4.645     15695810 
    57.033      1.970      4.390     49818460 
    57.034      0.669      4.647     10109357 
    57.041      1.760      4.391     47324656 
    57.044      0.859      4.397     60204868 
    57.046      9.363      4.397      9677237 
    57.053      0.744      4.399     22001434 
    57.053      8.287      4.397     12559136 
    57.062      8.892      4.356     42093316 
    57.070      7.833      4.354     26673212 
    57.074      2.772      4.349    130181368 
    57.081      1.827      4.657      9824062 
    57.081      3.052      4.654     48729936 
    57.119      3.705      4.657     35077176 
    57.154      7.772      4.657     27059704 
    57.155      7.641      4.658     15293610 
    57.200      3.137      4.651     13821636 
    57.200      8.384      4.353     10787497 
    57.216      3.603      4.565     89358208 
    57.236      8.670      4.564    127992584 
    57.276      2.588      4.441     15446292 
    57.421      1.276      4.431     14567573 
    57.433      2.398      4.430     56767116 
    57.461      8.199      3.910     20398132 
    57.464      1.329      3.916     61448056 
    57.466      8.792      4.428     70613128 
    57.468      8.882      4.564      4894534 
    57.500      2.061      4.423     71413800 
    57.500      1.451      3.918     26240392 
    57.503      5.310      4.421     32570064 
    57.512      8.628      3.911     42126472 
    57.519      9.185      4.420     19635506 
    57.541      3.089      3.918     11225418 
    57.591      5.815      3.884      4119564 
    57.700      2.035      3.886      5319206 
    57.702      7.833      3.889      6866906 
    57.720      1.289      3.883     41777912 
    57.723      7.965      3.885     12400466 
    57.732      2.681      3.884     11411279 
    57.737      2.432      4.129     37019920 
    57.743      0.893      3.886     32969288 
    57.747      1.634      3.888     35348932 
    57.750      2.187      4.131     69049152 
    57.764     -0.033      3.889      8882752 
    57.766      0.385      3.885     88567848 
    57.771      6.886      4.148      4383687 
    57.783      2.910      4.127      9207512 
    57.784      7.238      3.904      4197552 
    57.785      7.960      4.129     11963917 
    57.785      7.164      4.127     21885412 
    57.786      8.470      3.885     14042891 
    57.797      6.859      3.886     17046980 
    57.815      6.698      3.891      6261627 
    57.816      1.350      4.109     30591984 
    57.816      8.198      4.318     13408276 
    57.817      1.686      4.111    124133072 
    57.822      2.723      4.317    100130328 
    57.827      8.520      4.316     28149992 
    57.831      7.234      4.113     57508324 
    57.837      1.194      4.318     10763819 
    57.846      7.831      4.111     14992688 
    57.961      5.144      3.919      7101345 
    58.014      0.886      5.159      6953172 
    58.059      2.108      5.160     18887062 
    58.067      8.901      5.160     85811360 
    58.067      5.082      5.161     90674568 
    58.089      8.681      5.159     12069994 
    58.107      8.806      5.159     26864772 
    58.107      3.691      5.156     46212184 
    58.107      5.179      5.156    310625440 
    58.120      1.911      5.156      8316816 
    58.125      1.634      5.150      5333462 
    58.576      6.686      3.888      5517681 
    58.586      6.869      3.899     19472320 
    58.606      7.843      4.320     37994044 
    58.608      1.365      3.895     64080232 
    58.609      1.712      3.896     62793260 
    58.620      0.757      3.898     46600740 
    58.643      8.371      4.320     17861722 
    58.660      7.328      3.891     15163767 
    58.666      7.774      4.145     12383953 
    58.677      1.968      3.898     77758896 
    58.708      1.739      4.143    103888784 
    58.717      8.542      4.143     34971260 
    58.717      8.007      4.144     13179674 
    58.717      3.256      4.144      5573667 
    58.717      3.168      4.144      6179625 
    58.797      8.790      3.949     20208444 
    58.800      7.304      3.934     13740154 
    58.831      0.919      3.946    106021864 
    58.839      9.119      3.945      6702468 
    58.840      1.684      4.217     19407044 
    58.840      0.937      4.214     15891889 
    58.840      0.845      4.212      9606611 
    58.846      8.484      4.220      7116216 
    58.857      2.966      4.510     48987332 
    58.858      7.054      4.511     34638228 
    58.861      3.177      4.510     33788948 
    58.866      7.597      4.511     96285328 
    58.867      1.295      3.940     56030720 
    58.869      8.136      4.509     19992796 
    58.870      8.388      4.143     15235321 
    58.883      2.549      4.513      7133863 
    58.883      4.130      3.943     97449520 
    58.885      0.742      6.061      8674384 
    58.885      7.610      4.217      5945505 
    58.886      2.050      4.213     37177664 
    58.887      5.330      3.943      4413420 
    58.889      1.832      4.212     42504016 
    58.889      1.539      6.062      5231392 
    58.892      1.070      4.215     74055240 
    58.893      8.577      6.061     54887364 
    58.894      7.890      4.409     31700774 
    58.895     10.267      4.510      8595450 
    58.896      6.066      6.061    266646928 
    58.900      2.175      4.212     42699432 
    58.900      4.015      4.405    106429936 
    58.900      3.905      4.408    116255680 
    58.901      1.897      6.060     32310124 
    58.903      6.887      6.061     21895442 
    58.906      8.757      4.410     23615062 
    58.907      0.977      6.061     46078700 
    58.907      5.093      6.061     30411552 
    58.908      3.141      4.411     14459968 
    58.910      7.100      4.214      4966784 
    58.912      9.576      6.061     10374214 
    58.931      2.365      3.937     72571048 
    58.933      2.981      4.410      6643927 
    58.935      7.970      4.208     11500982 
    58.936      9.208      6.064      5109149 
    58.945      0.394      4.139      5891419 
    58.949      2.394      4.137     26583524 
    58.950      2.095      4.138     69184200 
    58.958      8.911      4.219     11113652 
    58.959      1.700      3.656      5890378 
    58.971      7.186      6.063      7348483 
    58.977      1.202      4.132      5472628 
    58.985      1.937      4.138     39487564 
    58.986      8.199      4.136     35085708 
    59.000      2.044      3.936     62080148 
    59.006      8.138      3.935     35264488 
    59.017      2.569      3.932     18999576 
    59.024      2.471      3.655     11350717 
    59.030      2.720      4.138      6276244 
    59.055      1.965      3.938     53168244 
    59.055      1.785      3.940     12011859 
    59.055      0.819      3.944     19565796 
    59.058      2.155      3.655     25751482 
    59.059      1.208      6.070      5060533 
    59.087      7.967      3.653     16350208 
    59.500      3.976      4.410     94487824 
    59.500      3.892      4.410    100014784 
    59.508      8.381      4.414     33672716 
    59.540      8.141      4.411     13431528 
    59.549      2.033      4.414      7018990 
    59.968      7.068      3.205     10535894 
    59.993      1.617      3.202     11769452 
    59.999      1.824      3.202      8517373 
    60.000      1.688      3.200      5977650 
    60.029      1.348      3.199     18912078 
    60.047      8.293      3.202     14756091 
    60.073      4.317      3.203      5013596 
    60.086      0.996      3.201     19739996 
    60.091      6.834      3.199      8672100 
    60.191      0.618      3.217      3765759 
    60.643      8.899      5.093      4750560 
    60.690      1.258      5.088      5848104 
    60.701      1.665      4.623      8334239 
    60.718      1.266      4.626     16506084 
    60.734      0.887      5.091     47566276 
    60.734      2.382      4.626     90098696 
    60.736      0.754      5.092     31753278 
    60.738      0.884      4.626     87025144 
    60.739      1.946      5.092     16277027 
    60.746      7.409      4.628     16924238 
    60.746      8.475      4.634      8604889 
    60.750      6.069      5.092     23267628 
    60.753      9.198      5.091     55389960 
    60.759      8.604      5.092     12442458 
    60.763      6.888      5.095     10774332 
    60.800      0.981      5.091     29008254 
    61.312      7.180      4.241     10033152 
    61.364      9.121      4.245     19112322 
    61.364      8.143      4.248      8410457 
    61.398      1.762      4.237      5523886 
    61.415      0.941      4.249      7347576 
    61.657      4.026      4.266     86496312 
    61.704      4.250      4.048    136985904 
    61.741      3.711      4.286      4992580 
    61.752      2.389      4.048      4957947 
    61.759      3.831      4.037     34930500 
    61.765      7.186      4.045     13349380 
    61.793      1.494      4.289     61097112 
    61.805      9.133      4.045     35040072 
    61.827      7.964      4.289     30117406 
    61.860      4.033      4.287     62937284 
    61.860      8.147      4.291     30529792 
    61.967      4.245      3.840     18752456 
    61.998      1.621      4.563      5008372 
    62.014      2.031      3.836      4924463 
    62.023      8.490      3.881     28165164 
    62.071      0.880      3.885     43435400 
    62.075      7.196      3.840      9692482 
    62.077      0.991      4.554      4580170 
    62.081      1.264      4.554     49754288 
    62.095      0.744      4.547     11231998 
    62.103      0.877      3.840     36364768 
    62.118      7.213      3.864      7847978 
    62.121      3.573      4.555     20581356 
    62.121      8.674      4.557     64524500 
    62.121      8.595      4.557     62974152 
    62.124      1.955      4.554      7579219 
    62.127      8.486      3.836     31938694 
    62.128      1.956      4.081     13028577 
    62.141      1.642      4.058      3610677 
    62.150      8.147      4.079     11277338 
    62.158      2.045      4.082     20620820 
    62.165      7.942      4.082     21168132 
    62.198      0.889      3.985      9362817 
    62.200      7.958      3.982     37905652 
    62.200      6.711      3.977     13451989 
    62.212      1.194      4.082     10474637 
    62.223      8.433      4.076      3934159 
    62.224      7.499      4.082      8761627 
    62.228      1.250      3.983      4025884 
    62.229      5.816      3.982     16682400 
    62.240      1.660      3.981     21455298 
    62.240      3.229      3.981     31778568 
    62.242      3.005      3.980     66589644 
    62.247      6.855      3.980     23979602 
    62.253      7.239      3.981     10249369 
    62.263      8.680      3.989      4200765 
    62.448      2.478      4.390     17928662 
    62.483      2.025      4.389     15803718 
    62.809      6.691      3.931      8840839 
    62.819      7.947      3.930     42243040 
    62.829      7.493      3.928     32325856 
    62.831      4.331      3.931     28151294 
    62.831      4.099      3.927    189020080 
    62.831      1.218      3.929     13188945 
    62.876      7.964      4.019     22212366 
    62.913      4.309      4.023     52408388 
    62.933      5.969      4.039      5405670 
    62.938      8.145      4.021     45933616 
    62.973      1.666      4.019      7476148 
    62.977      1.487      4.028      4501558 
    63.031      2.058      3.949      4575082 
    63.404      8.146      3.882      7021316 
    63.491      8.378      3.982     21462130 
    63.512      0.822      3.931      6649860 
    63.573      8.383      3.886     46414380 
    63.688      4.407      3.891    143961504 
    63.691      2.902      3.896     17854104 
    63.691      8.446      3.885     23081630 
    63.700      3.251      3.896      6160404 
    63.731      7.917      3.900      8702291 
    63.740      1.931      3.893      5790186 
    63.741      7.494      3.893     11870225 
    63.743     -0.027      3.896      3295638 
    63.757      4.407      4.006     95675152 
    63.767      1.211      3.891     37550448 
    63.778      7.233      3.893     15675705 
    63.784      0.382      3.892      5889891 
    63.797      8.758      4.010     13959811 
    63.818      0.798      3.884     10465296 
    63.818      7.882      4.012      9333343 
    63.823      8.759      3.895     16804006 
    64.004      7.091      4.255     23264444 
    64.011      7.839      4.259     10091040 
    64.024      7.842      4.100     22215290 
    64.035      7.087      4.099     10820801 
    64.429      4.281      3.717      7136926 
    64.583      5.158      3.656     46128352 
    64.584      4.263      3.654      9148849 
    64.589      2.048      3.717     19516632 
    64.594      8.812      3.660     28244966 
    64.595      5.155      3.713     36571608 
    64.596      0.881      3.658     60733708 
    64.601      0.880      3.714     52026464 
    64.601      1.281      3.710     19321808 
    64.607      1.817      3.712      5930884 
    64.622      1.277      3.663     16908378 
    64.628      8.809      3.715     30062572 
    64.628      8.894      3.714     13543343 
    64.628      8.885      3.666     15717165 
    64.636      3.655      3.716    536420544 
    64.636      3.717      3.655    884642624 
    64.706      2.077      3.645     16058733 
    64.744      1.497      4.489      9377770 
    64.744      4.067      4.489     22168380 
    64.745      8.134      4.495      7846109 
    64.774      2.429      4.490    124113480 
    64.775      2.037      4.490     73946048 
    64.777      3.802      4.491     14031771 
    64.778      8.385      4.492     16003880 
    64.818      3.529      4.492     18279508 
    64.867      3.037      4.117     10458378 
    64.875      7.762      4.118      8249877 
    64.878      4.751      4.114      8282749 
    64.885      2.008      4.116     52776272 
    64.887      6.946      4.114      8871953 
    64.889      2.280      4.116     63069540 
    64.902      7.200      4.116     14442354 
    64.910      8.542      4.435      7194766 
    64.913      8.005      4.119      5634308 
    64.925      7.623      4.118      8166865 
    64.928      8.539      4.116      6588410 
    64.939      2.455      4.435    112066608 
    64.940      2.046      4.435     75683704 
    64.940      2.730      4.431     26136078 
    64.945      9.360      4.433     21080552 
    64.967      7.060      4.118      7900218 
    65.053      8.883      3.590      7783030 
    65.072     -0.061      3.527      4688978 
    65.079      0.283      3.525     32664620 
    65.088      5.075      3.591     10954199 
    65.089      0.601      3.532     11208376 
    65.090      8.672      3.589     82212448 
    65.094      4.560      3.590    111318112 
    65.095      6.709      3.531      7455579 
    65.114      1.125      3.531     14683048 
    65.115      0.960      3.530     38693212 
    65.121      0.844      3.530     76429408 
    65.124      1.582      3.530     33119510 
    65.128      1.977      3.530     66829432 
    65.129      7.334      3.535      7005824 
    65.136      0.191      3.529     57639104 
    65.141      6.861      3.531      9511706 
    65.156      8.016      3.531     32452778 
    66.000      0.722      3.228     39421812 
    66.015      0.907      3.220     57328256 
    66.041      8.135      3.219      8310223 
    66.047      0.783      3.226     92985056 
    66.054      1.264      3.220     50138400 
    66.068      1.872      3.224     28096622 
    66.069      3.976      3.223     13639678 
    66.073      7.319      3.232      6070926 
    66.090      8.398      3.214     21577490 
    66.112      7.408      3.211      7626202 
    66.926      2.396      3.418     13204452 
    66.943      0.801      3.423     77675664 
    66.947      3.968      3.426     15047762 
    66.959      1.648      3.434      5533888 
    66.972      8.052      3.431     16555538 
    66.973      3.004      3.419      6263584 
    66.980      1.219      3.425     17941976 
    66.994      9.027      3.429      4307362 
    68.316      1.031      3.867     14679261 
    68.327      3.871      3.861    162399472 
    68.335      0.808      3.867      6605034 
    68.366      1.822      3.857      6639232 
    68.381      8.443      3.860     10252431 
    68.402      1.187      3.863     30332014 
    68.414      1.026      4.371      6416778 
    68.424      8.155      4.376      4507064 
    68.428      3.885      4.376     42279668 
    68.448      4.364      3.858     28525806 
    68.459      0.805      4.389      3532752 
    68.460      7.944      3.857      3386264 
    68.486      1.828      4.377      3084042 
    68.519      1.193      4.373     41320308 
    68.527      7.947      4.374     15176433 
    68.583      8.464      4.375     16873546 
    70.759      0.892      3.576      8754210 
    70.898      6.887      3.572      8945561 
    70.938      5.113      3.572      5851824 
    70.962      0.657      3.573     45986900 
    70.963      1.262      3.573     72563872 
    70.964      4.230      3.576     17885954 
    70.976      8.666      3.572     35297684 
    70.986      4.547      3.571     20854826 
    71.189      1.899      3.579      3564599 