   114.870      7.220      7.493     45918752 
   114.973     10.266      7.494     13732165 
   115.403     10.116      7.373     13032558 
   115.512      6.884      7.373     37729560 
   118.214      6.688      6.685    827451904 
   118.298      2.805      6.686     13490685 
   118.307      1.243      6.684     53461880 
   118.339      6.850      6.684    202189008 
   118.370      0.387      6.691      9040833 
   118.372      3.942      6.684     14422886 
   118.391      3.004      6.685     10091109 
   120.374      7.085      7.616     20149894 
   120.443      4.650      7.618      7888083 
   120.491      1.847      7.614      8975845 
   120.501      3.706      7.614     13247649 
   120.519      1.987      7.608      7917639 
   122.299      7.619      7.097     24739072 
   122.824      7.191      6.895     19257214 
   122.898      1.258      6.895     12426143 
   122.908      5.116      6.895      8938450 
   122.955      6.073      6.893     10183534 
   123.015      0.889      6.891      7981164 
   124.466      1.604      6.880     13131421 
   124.493      7.497      7.214     40542816 
   124.516      0.888      7.218      7255150 
   124.527      6.884      6.880    342357280 
   124.551      1.263      6.881     34815596 
   124.576      7.379      6.882     28792162 
   127.238      2.567      7.196      9662330 
   127.325     10.276      7.201     19371118 
   127.340      4.124      7.206      9559591 
   127.639      7.394      7.089     10379266 
   127.663     10.119      7.091     34763344 
   127.769      4.264      7.093     16025349 
   127.793      2.859      7.090     15403400 
   127.996      7.092      7.093    366328768 
   129.228      1.079      6.854     15804182 
   129.234      0.846      6.861     12210278 
   129.321      0.181      6.868      7593955 
   129.351      7.226      6.863     25226868 
   131.029      1.985      6.900     15992952 
   131.116      1.074      6.904     18360932 
   131.142      0.806      6.901     17496134 
   131.233     -0.030      6.910      8512223 
   131.301      1.996      6.910     16150154 
   131.920      0.944      7.055      7444201 
   132.063      3.180      7.059     24717330 
   132.122      2.972      7.059     17679488 
   132.150      4.506      7.060     11153891 
   132.653      6.380      7.173     15845905 
   132.712      2.900      7.173     23114704 
   132.734      0.645      7.173     26829638 
   132.748      3.510      7.171     23034488 
   132.783      1.021      7.173     14351982 
   132.785      6.876      7.167     13140577 
   133.014      6.700      6.863    137376832 
   133.032      2.787      6.874      9593552 
   133.049      0.862      6.865     14840365 
   133.078      1.631      6.864     10218252 
   133.086      6.862      6.862    496442272 
   133.098      0.383      6.865     17607368 
   133.116      3.005      6.860     35977172 
   133.122      1.229      6.862     44526240 
   133.131      3.955      6.863     18392940 
   133.169      3.232      6.864     25367244 