   105.343      0.933     10.109      8410316 
   105.343      1.869     10.103      7165120 
   105.343      5.997     10.105      8648439 
   105.343      6.465     10.106      6354036 
   105.343      7.375     10.108     93363184 
   105.343      7.092     10.108    136309808 
   105.343      6.424     10.106      5521770 
   105.595      4.112     10.281      3789040 
   105.625      4.513     10.273      6427972 
   105.635      2.560     10.272      6432042 
   105.643      7.073     10.277      7670444 
   105.644      7.211     10.276     44180328 
   105.645      7.502     10.275     23232178 
   106.741      8.057      9.050     41057776 
   106.745      4.005      9.052     67677448 
   106.747      0.957      9.052     22870146 
   106.748      0.796      9.052     22137960 
   106.748      8.121      9.051     30426778 
   106.751      4.253      9.049     11451742 
   106.752      7.200      9.058      5438634 
   106.753      3.547      9.051     38241728 
   106.754      2.391      9.050     40303504 
   106.772      3.428      9.052      7283506 
   106.780      1.661      9.056      3229038 
   107.285      8.348      7.789     16337548 
   107.286      3.697      7.790      6682486 
   107.297      3.969      7.790     72063696 
   107.305      4.655      7.792     27840518 
   107.317      4.138      7.792     13775772 
   107.363      3.029      7.802      6210094 
   107.558      1.455      6.762      6212248 
   107.614      1.322      6.763     18124550 
   107.618      3.093      6.764     31069316 
   107.667      7.397      6.772     16577233 
   107.684      1.683      8.598      5174757 
   107.684      3.288      8.594     21458720 
   107.690      3.955      8.594     83469600 
   107.691      4.619      8.593     72293352 
   107.692      4.055      8.593     79389224 
   107.698      7.815      8.594     45580952 
   107.726      3.041      8.590      8984035 
   107.744      8.147      7.434      3831074 
   107.762      4.181      7.430     11731383 
   107.773      0.888      7.433     41553964 
   107.773      8.467      7.434     56172564 
   107.774      0.773      7.433     57062324 
   107.777      1.252      7.432     37736616 
   107.779      4.627      7.430     21067914 
   107.782      2.373      7.431     14520352 
   107.783      3.210      7.431      7422108 
   108.270      2.049      7.321     10378796 
   108.274      3.312      7.320     30821598 
   108.274      3.380      7.321     22541234 
   108.274      1.806      7.188      4116504 
   108.277      1.660      7.183      4742642 
   108.293      1.866      7.323      7467321 
   108.296      2.262      7.321      5069392 
   108.312      1.681      7.026     10473742 
   108.318      3.099      7.023     23214972 
   108.375      2.013      7.021      4505588 
   108.386      3.264      7.581     30684982 
   108.390      3.165      7.582     34056516 
   108.392      1.693      7.581     55540028 
   108.392      1.758      7.582     60904512 
   108.400      8.532      7.583     11896041 
   108.769      7.198      7.996      5606651 
   108.813      0.906      6.429     10844900 
   108.816      0.678      6.431     18600254 
   108.823      1.873      6.431     18467318 
   108.864      1.199      6.430      9451952 
   108.881      2.475      7.999      3475920 
   108.897      3.650      8.001      9929009 
   108.915      0.853      8.000     76008664 
   108.917      1.707      8.002      8258953 
   108.917      2.161      8.000     39396424 
   108.921      6.864      8.002     28708664 
   108.921      1.980      8.001     21527774 
   108.923      0.976      8.001    104950200 
   108.928      0.174      8.000      4979448 
   108.935      4.189      7.998      4567485 
   108.935      3.535      8.001     33193752 
   109.731      2.665      8.429     47610364 
   109.733      4.575      8.429    138600544 
   109.737      3.903      8.431    154358704 
   109.737      3.957      8.429    136868624 
   109.815      6.837      5.988     12236310 
   109.821      6.475      5.988    259128144 
   109.838      1.624      6.483     15175691 
   109.846      1.787      6.481     12214113 
   109.861      1.779      5.988      3937109 
   109.862      1.620      5.991      4988240 
   109.864      6.850      6.488     16589880 
   109.884      6.015      6.488    350168512 
   109.890      7.438      6.489     17594646 
   109.929      2.724      6.373      5661068 
   109.931     -0.087      6.367     10637455 
   109.960      2.879      6.366     27526838 
   109.962      3.504      6.369     13016497 
   109.964      8.673      6.368     25659632 
   109.968      7.162      6.368     59624948 
   109.969      4.309      6.368     12922474 
   109.976      4.774      6.369     23825466 
   109.976      7.374      6.367     50292796 
   109.998      8.009      6.371      9213237 
   110.007      1.133      6.370      6282340 
   110.185      1.658      6.708      3709117 
   110.196      1.643      7.387      5062027 
   110.214      1.834      6.710     11386490 
   110.223      2.886      7.392      4620124 
   110.223      1.830      7.392     20461686 
   110.224      6.705      7.390    337441888 
   110.224      7.386      7.390    603809472 
   110.230      7.386      6.707    390144256 
   110.237      0.998      7.390     11684561 
   110.237      0.999      6.708      8026296 
   110.250      3.216      6.724      3973080 
   110.801      7.849      8.366     38805236 
   110.817      7.382      8.365     50417004 
   110.826      3.481      8.365     86289320 
   110.827      4.122      8.364     49196544 
   110.839      1.307      8.366     20948410 
   110.840      4.330      8.365     26229898 
   110.852      2.057      8.364      8569510 
   110.889      2.783      8.372      4967784 
   112.121      2.748      6.861      4139034 
   112.122      2.754      7.511     10895093 
   112.148      7.513      6.863    658690496 
   112.149      6.855      7.513    645325952 
   112.150      2.624      7.510     11404147 
   112.199      2.643      6.852      4043246 
   112.214      2.046      7.844     11649149 
   112.231      4.210      8.491      6606838 
   112.234      2.257      7.844     12911613 
   112.235      4.328      7.841     34269028 
   112.235      8.366      7.845     24417366 
   112.236      8.894      7.842     13342969 
   112.240      4.101      7.846     18958628 
   112.240      0.959      8.496      7024033 
   112.241      2.778      7.847     15496387 
   112.241      7.849      7.849    374664448 
   112.276      8.906      8.496     17219908 
   112.281      7.185      8.498     16410397 
   112.289      2.188      8.497      4095828 
   112.294      4.119      6.966      3796993 
   112.296      0.872      8.494     14824739 
   112.297      2.037      8.496     27546002 
   112.297      1.698      8.495      9432173 
   112.298      1.827      8.495     14219164 
   112.302      3.872      8.495     55709460 
   112.362      7.528      6.959    630987840 
   112.370      2.433      7.529     31970350 
   112.373      6.954      7.530   1026031936 
   112.378      2.176      7.533      5144748 
   112.383      2.440      6.962     13001663 
   112.419      1.055      8.474      3006254 
   113.081      2.426      8.371      5838076 
   113.082      5.231      8.368     10892839 
   113.089      3.804      8.371     24586616 
   113.089      2.974      8.371     11581678 
   113.094      3.985      8.370     35908472 
   113.094      2.024      8.370     42914512 
   113.095      4.418      8.369     44598424 
   113.095      4.490      8.368     21314968 
   113.099      3.879      8.370     43360928 
   113.100      8.134      8.371     68964592 
   113.167      3.534      8.368      6816452 
   113.168      1.251      9.579     10861183 
   113.170      2.797      7.552     12350082 
   113.181      4.567      7.002      3743328 
   113.186      7.549      7.010    397402240 
   113.186      2.557      7.548     42095072 
   113.186      1.609      9.580      8487818 
   113.187      7.009      7.551    422296448 
   113.190      2.556      7.009     28781786 
   113.197      2.793      7.012     10601851 
   113.202      1.915      9.578      6042189 
   113.203      6.062      9.579     10839050 
   113.211      0.961      9.578     19930564 
   113.214      2.115      9.580     16418435 
   113.217      9.808      9.578     12153827 
   113.219      8.791      9.579      5455482 
   113.219      1.178      9.578     24408060 
   113.225      5.306      9.579     51112656 
   113.248      1.521      9.577     11422936 
   113.302      4.423      9.584      4400623 
   113.559      2.451      7.825     22812348 
   113.567      3.886      7.823     10518444 
   113.570      1.390      7.830      4642326 
   113.575      7.236      7.824     61347380 
   113.576      1.292      7.833      4441146 
   113.576      1.511      7.825      6567318 
   113.577      5.815      7.825     18637680 
   113.578      2.034      7.826     45613248 
   113.580      4.106      7.820     14105415 
   113.581      1.670      7.825     33620712 
   113.581      8.444      7.825     54903584 
   113.583      4.591      7.826     24290454 
   113.590      6.718      7.822      5320810 
   114.325      8.512      8.889      9500132 
   114.340      2.743      8.892      6415400 
   114.357      4.075      8.892     42560464 
   114.358      4.808      8.891    122926728 
   114.363      3.719      8.891     88964688 
   114.363      2.620      8.893      8501869 
   114.388      8.457      7.236      8395967 
   114.397      4.299      7.233      8064058 
   114.404      1.380      7.236     29084640 
   114.409      3.983      7.237     19627170 
   114.410      4.106      7.237     79358384 
   114.411      1.493      7.236     79072960 
   114.412      7.966      7.236     81492320 
   114.412      1.689      7.236    133318832 
   114.415      7.827      7.236     98751176 
   114.420      8.198      9.134     16107257 
   114.433      0.885      9.134     10947068 
   114.436      1.289      7.236     14144822 
   114.439      2.050      7.247      5937290 
   114.443      4.248      9.134     39585044 
   114.443      0.945      9.135      9037094 
   114.452      2.388      9.135     24199170 
   114.453      8.791      9.134     31393444 
   114.459      4.049      9.134     66987832 
   114.465      1.286      9.135     14010914 
   114.480      2.446      7.247      3400922 
   114.483      1.655      9.137      8901890 
   114.486      5.799      7.244      3689346 
   114.491      2.057      9.137     36945992 
   114.491      8.063      9.136     10240971 
   114.493      7.196      9.137     48737872 
   114.493      4.416      9.135      7585848 
   114.495      2.586      9.137      8628885 
   115.156      7.246      5.815      3847114 
   115.206      7.827      6.731      5139836 
   115.222      3.995      5.812      6308754 
   115.230      2.028      5.810     16128752 
   115.238      5.813      6.732    178122000 
   115.241      2.446      5.810      7289862 
   115.244      6.731      5.809    132333672 
   115.253      2.022      6.734     11198096 
   115.264      1.688      5.812      8369782 
   115.269      7.822      5.810      6784112 
   115.295      1.695      6.739      7137594 
   115.316      3.987      6.739      6825829 
   115.319      1.637      6.739      8307271 
   115.608      1.138      7.346      4176971 
   115.621      3.662      7.353      8065336 
   115.624      0.977      7.345      5970484 
   115.626      1.449      7.349     30708920 
   115.626      2.081      7.348     30320672 
   115.631      6.866      7.354     57726476 
   115.632      1.715      7.348     92495784 
   115.633      4.422      7.347     43105028 
   115.635      3.536      7.345     13817037 
   115.637      1.405      7.350     31511828 
   115.639      6.676      7.353     68214704 
   115.641      1.968      7.345     16664689 
   115.646      3.898      7.344     19821460 
   116.020      1.216      8.141     17704624 
   116.024      3.936      8.142     50263600 
   116.033      2.564      8.139     56209376 
   116.036      7.448      8.130      5852730 
   116.036      1.949      8.139     45708104 
   116.036      2.050      8.139     77951352 
   116.038      1.825      8.139     47683784 
   116.038      0.921      8.140     22836122 
   116.040      3.220      8.134      9767636 
   116.044      2.340      8.141     31077032 
   116.046      7.301      8.140     54553064 
   116.053      4.075      8.137     13474972 
   116.054      0.791      8.144     12458368 
   116.059      8.408      8.130     42426028 
   116.241      1.705      8.010     30136622 
   116.244      8.540      8.007     87700480 
   116.247      1.753      8.008     40123988 
   116.248      2.558      8.007    141850752 
   116.248      4.571      8.008     54425024 
   116.251      2.795      8.008     23421104 
   116.255      7.194      8.008     14790331 
   116.256      1.201      8.370      3974738 
   116.259      4.137      8.007     32275720 
   116.268      7.565      8.012     17455686 
   116.279      2.087      8.372     21132086 
   116.280      4.367      7.937     41433592 
   116.281      7.018      8.010      6823942 
   116.286      7.240      8.371     17905332 
   116.287      4.369      8.374      3982801 
   116.287      7.747      8.012     79847312 
   116.291      3.239      8.373     59094268 
   116.303      3.893      8.372     26378356 
   116.305      1.929      8.373     27027596 
   116.310      2.898      8.373     23013872 
   116.322      1.191      7.941     28541684 
   116.344      4.092      7.942     37157248 
   116.347      3.929      7.941     73237560 
   116.358      8.452      7.942     33868264 
   116.359      0.394      8.370      4325057 
   116.369      7.490      7.943     47525720 
   116.411      4.139      8.378      8401226 
   116.503      3.249      8.323     18894602 
   116.537      1.829      8.318     47268804 
   116.537      3.032      8.329      7237545 
   116.569      3.941      8.331     15947117 
   116.600      4.634      8.355     14869428 
   116.822      2.769      8.401      6667625 
   116.829      3.218      8.399     26619342 
   116.830      8.127      8.401     32179998 
   116.833      3.889      8.402     15078118 
   116.833      0.724      8.401     20505088 
   116.835      7.963      8.401     12632016 
   116.838      1.828      8.400     67919456 
   116.842      1.926      8.397     42064856 
   116.845      0.788      8.400     30468970 
   116.848      1.208      8.400     51716940 
   116.853      7.493      8.398     27476588 
   116.864      0.931      8.400     17595508 
   116.898      4.145      6.869      6152672 
   116.900      1.365      6.868     18365584 
   116.907      3.538      6.869     10939868 
   116.909      7.284      8.389      4044908 
   116.916      1.702      6.871     77215328 
   116.918      4.366      8.455     60844776 
   116.920      0.977      6.870     37513364 
   116.920      3.251      8.454     26110690 
   116.923      3.898      6.870     27369832 
   116.923      8.004      6.870     27824016 
   116.923      1.971      6.870     27655614 
   116.927      2.137      6.872      4572528 
   116.929      1.192      8.451     29640734 
   116.930      0.866      6.873     10854612 
   116.930      7.349      6.872     37962012 
   116.931      0.738      6.869      5851676 
   116.931      2.913      8.457     13897864 
   116.934      3.899      8.454     40308176 
   116.940      7.943      8.455     42481832 
   116.964      1.015      8.451      7813462 
   116.968      4.140      8.455      5504916 
   117.345      1.482      8.151      4380802 
   117.354      1.660      8.149      9778112 
   117.356      4.357      8.146     45170580 
   117.359      7.201      8.143      4109528 
   117.361      3.545      8.147     27926524 
   117.368      7.948      8.148     84663040 
   117.370      4.297      8.147     77580032 
   117.371      4.009      8.146    178873936 
   117.372      9.044      8.139     39602004 
   117.381      3.427      8.147      7042920 
   117.395      3.008      8.154      4624012 
   117.440      1.594      8.575      5235628 
   117.440      1.177      8.575      8742968 
   117.444      1.523      8.576      8708858 
   117.445      3.571      8.576      6584018 
   117.445      8.685      8.574     48653228 
   117.449      9.567      8.577      5019128 
   117.463      1.894      8.574     45071068 
   117.466      6.065      8.573     91271912 
   117.467      1.233      8.575     11867997 
   117.470      0.871      8.573     15830895 
   117.471      0.970      8.572     24966736 
   117.473      5.105      8.574     10996160 
   117.473      0.652      8.573     29277106 
   117.473      6.888      8.572     13788207 
   117.476      4.638      8.575     22717572 
   117.591      3.308      8.678      4980696 
   117.629      3.190      8.668      4051891 
   117.635      1.878      8.682     16243304 
   117.655      2.113      8.669     10701094 
   117.667      1.921      8.664     21231676 
   117.667      5.162      8.672     25431448 
   117.667      8.919      8.672     16213447 
   117.703      4.558      8.670     37628756 
   117.755      3.587      8.670     55270512 
   117.762      3.040      7.813      4818455 
   117.793      0.918      8.679      9114580 
   117.797      5.102      8.675     99313712 
   117.823      2.194      7.821      9664525 
   117.848      1.678      7.819     20659230 
   117.848      8.038      8.677     11876290 
   117.849      1.819      7.819     29776502 
   117.850      4.048      7.819     14652150 
   117.852      4.382      7.815     18970670 
   117.859      3.275      7.818      7261051 
   117.861      2.002      7.819     17270938 
   117.868      3.875      7.188     11232319 
   117.869      8.909      7.815      7102769 
   117.869      0.649      8.677     26731412 
   117.871      3.955      7.818     13656258 
   117.872      8.584      7.818     14535745 
   117.877      1.260      8.677     16763138 
   117.877      4.512      8.671     23141684 
   117.877      4.579      8.671     29135604 
   117.878      6.888      7.195      7022440 
   117.887      8.505      7.188     12283115 
   117.892      1.579      8.674     14151565 
   117.892      4.145      7.188     12303914 
   117.899      1.021      8.676     34139052 
   117.899      1.711      7.190      6563342 
   117.905      2.190      7.186     38706168 
   117.907      2.436      7.188     20541002 
   117.913      8.200      8.675      8284810 
   117.915      0.275      8.671      7543242 
   117.919      7.960      7.187     36085900 
   117.963      3.083      7.820      4847818 
   118.094      7.091      7.392     24690400 
   118.095      4.641      7.389     28511980 
   118.096      3.058      7.391     28306710 
   118.096      8.368      7.390     52487304 
   118.100      3.481      7.389     17158054 
   118.101      2.858      7.390     64907856 
   118.105      4.120      7.389     18608032 
   118.119      1.302      7.388     11176671 
   118.119      2.054      7.393     10003338 
   118.224      9.803      7.402      5409478 
   118.360      7.398      8.153      8611132 
   118.364      2.550      8.540     10475581 
   118.368      3.159      8.534      5719376 
   118.380      3.623      8.538      7592478 
   118.380      2.266      8.535      8436377 
   118.381      3.943      8.538     28216664 
   118.385      4.141      8.537     63761248 
   118.387      1.729      8.538    138771552 
   118.390      2.021      8.537     42087136 
   118.390      2.794      8.540      9337027 
   118.392      8.013      8.538     73477728 
   118.398      3.264      8.538      6059198 
   118.400      0.778      8.148      5178630 
   118.404      3.372      8.147      8310322 
   118.404      8.888      8.147     11697693 
   118.415      2.256      8.147     35196864 
   118.420      4.972      8.146     32693762 
   118.420      1.303      8.148    121169736 
   118.421      4.574      8.148     54381632 
   118.421      2.039      8.148    135725040 
   118.421      4.171      8.147    215165520 
   118.427      1.864      8.149     47671588 
   118.436      8.445      7.302      7815691 
   118.456      0.887      7.305     17399326 
   118.457      4.173      7.305     79143800 
   118.459      1.248      7.305    251197456 
   118.459      3.938      7.305     29549006 
   118.459      1.949      7.304     35246752 
   118.460      1.830      7.305      7304254 
   118.461      2.051      7.305     49937292 
   118.461      8.136      7.306     83335024 
   118.462      2.793      7.304     23298006 
   118.466      0.774      7.305     17939036 
   118.466      2.338      7.302      9798618 
   118.473      2.573      7.304      8753262 
   118.480      3.219      7.303      8879484 
   118.878      3.190      8.481     25816528 
   118.880      3.047      8.409     74142704 
   118.881      4.625      8.407     80478688 
   118.884      1.863      8.408     34757588 
   118.884      4.131      8.408    135513648 
   118.888      3.169      8.408     34339860 
   118.888      4.635      8.482    112053792 
   118.891      2.112      8.411      8973778 
   118.893      3.070      8.481     40883708 
   118.980      8.192      8.615     22898976 
   118.985      1.329      8.615     35334380 
   118.989      1.463      8.614     49075644 
   118.989      3.917      8.614    106121840 
   118.994      3.211      8.614     39356020 
   118.994      3.085      8.614     67747392 
   118.994      4.709      8.613     77191560 
   118.996      1.580      8.612     12605644 
   119.071      2.173      7.947    136888000 
   119.080      0.976      7.946     10062080 
   119.080      1.687      7.950      7861407 
   119.097      2.454      7.951     14699769 
   119.099      4.137      7.951     13929777 
   119.107      7.188      7.952     57987704 
   119.112      4.193      7.951     16780944 
   119.143      3.660      7.952     22882678 
   119.147      0.848      7.950      8425544 
   119.277      7.229      8.442      6168859 
   119.285      4.587      8.437     13509144 
   119.286      2.443      8.438     11618490 
   119.309      3.509      8.441     12827717 
   119.310      2.686      8.438     39362904 
   119.314      2.024      8.439     19584058 
   119.314      5.228      8.438     36733828 
   119.315      7.826      8.438     83301984 
   119.321      2.983      8.442     34612540 
   119.326      3.782      8.442      9685406 
   119.328      3.889      8.438     23212252 
   119.329      1.682      8.441      4917856 
   119.339      8.133      8.435     19621114 
   119.349      4.092      8.439     12866158 
   119.360      8.554      7.755      7232314 
   119.360      5.028      8.801     86104424 
   119.363      3.659      8.798     14077812 
   119.368      3.720      8.801     29288394 
   119.369      2.071      8.803      6055838 
   119.371      3.324      8.800     11289573 
   119.374      2.816      7.758      3382264 
   119.378      8.016      7.755     60931624 
   119.381      3.189      8.801     14214593 
   119.382      3.954      7.754      5293992 
   119.382      5.169      8.801     15838014 
   119.382      7.201      7.756     16883174 
   119.387      3.705      7.757     19532634 
   119.391      2.557      7.756     19564426 
   119.391      3.036      7.757     42712652 
   119.393      4.132      7.753     16200926 
   119.397      1.729      7.757      3868408 
   119.402      4.655      7.755     26969986 
   119.583      3.203      8.618     16896188 
   119.588      4.655      8.621     90856152 
   119.591      3.115      8.622     19423426 
   119.874      3.891      7.964     17950778 
   119.875      3.543      7.964      7066826 
   119.877      4.292      7.964     27883758 
   119.883      1.623      7.963     51115012 
   119.890      4.085      7.963     61644592 
   119.891      7.234      7.963     62402852 
   119.892      1.490      7.963    180794768 
   119.904      0.908      7.963     18457464 
   119.907      1.691      7.968     29363140 
   119.918     -0.035      7.964      7290626 
   119.924      0.392      7.965      5922176 
   119.937      8.667      7.963     39333716 
   119.942      4.361      6.668     26185192 
   119.963      3.534      6.669     13509579 
   119.963     -0.086      6.668     17921912 
   119.966      1.706      6.670     15359074 
   119.968      0.588      6.669     13830676 
   119.968      1.567      6.669     42364556 
   119.968      7.348      6.669     78487792 
   119.972      3.897      6.669      6170676 
   119.974      1.122      6.669     44883976 
   119.975      4.391      6.669     30978274 
   119.976      0.181      6.668     10114641 
   119.977      8.677      6.669      4335602 
   119.978      1.978      6.667      3756940 
   119.978      2.088      6.672      3853679 
   119.991      6.877      6.668      9082240 
   120.224      4.072      8.754     51289660 
   120.227      3.717      8.752     16657880 
   120.230      4.417      8.752     15506121 
   120.236      7.893      8.754     27456724 
   120.238      3.889      8.756     14465896 
   120.329      4.642      8.680     45950004 
   120.342      3.146      8.682      9020242 
   120.354      3.924      8.334      8686000 
   120.364      2.175      8.333     22976560 
   120.364      4.223      8.334    135627120 
   120.366      1.857      8.334    147852048 
   120.366      2.117      8.334     24929698 
   120.368      1.453      8.328     49613224 
   120.368      1.568      8.332     32516750 
   120.374      4.134      8.331     60510788 
   120.399      0.796      8.334     11086090 
   120.517      1.761      8.288     20483924 
   120.517      2.029      8.285      8382919 
   120.522      0.867      8.287      4629506 
   120.534      1.614      8.286     50691384 
   120.535      9.360      8.287     16285211 
   120.537      4.404      8.288     18573818 
   120.554      3.207      8.283     28396510 
   120.560      1.349      8.283     45483356 
   120.567      1.960      8.285     18805294 
   120.600      4.658      8.580    102995208 
   120.606      3.225      8.580     23738384 
   120.606      3.166      8.581      5158802 
   120.615      2.735      8.292      5111666 
   120.681      3.275      8.199      4674444 
   120.794      4.331      8.196     20738394 
   120.802      2.728      8.198     77364344 
   120.802      1.929      8.198     74826200 
   120.808      8.535      8.198     47748436 
   120.810      1.624      8.197      7285466 
   120.810      4.141      8.197     47564788 
   120.813      2.392      8.196     23855588 
   120.813      2.093      8.197    101589736 
   120.817      8.397      8.198     59524872 
   120.820      4.398      8.197     21155006 
   120.972      0.922      8.665     17649780 
   120.972      1.634      8.665     71169920 
   120.972      0.779      8.663      5618482 
   120.972      1.482      8.667      5174746 
   120.972      1.195      8.667     11138517 
   120.982      0.385      8.664     11013506 
   120.986      3.233      8.667     25754030 
   120.987      6.859      8.668      9778221 
   120.993     -0.034      8.665      9702024 
   120.993      3.890      8.665     18785960 
   120.994      3.012      8.665      9436981 
   120.996      7.964      8.665     56884156 
   120.998      4.000      8.664      9459863 
   121.012      3.559      8.656      4180246 
   121.024      3.443      8.668      3878077 
   121.107      1.602      8.633     54292396 
   121.110      0.914      8.633     24940302 
   121.115      1.194      8.628     33257284 
   121.120      0.824      8.629     16092202 
   121.125      0.673      8.631     11407619 
   121.138      4.634      8.626     55624656 
   121.139      1.477      8.627     22771662 
   121.140      1.751      8.623     38415084 
   121.141      4.497      8.627     21480154 
   121.148      1.052      8.623     15138337 
   121.220      1.482      8.121     73839720 
   121.248      3.936      8.119    122771464 
   121.249      1.557      8.120    214009680 
   121.254      4.225      8.122     98521720 
   121.258      4.581      8.120     13301519 
   121.261      0.818      8.119     26441038 
   121.270      2.665      8.118     12232082 
   121.428      2.033      8.754      4383116 
   121.474      1.676      8.755     19208094 
   121.481      3.123      8.754     18780848 
   121.489      3.634      8.751      6592070 
   121.492      4.220      8.754     74443864 
   121.492      4.969      8.755     15587237 
   121.493      3.254      8.753     25980330 
   121.511      1.354      8.757      6943206 
   121.530      0.838      8.048     99996152 
   121.530      0.922      8.049     20496688 
   121.536      4.365      8.051     14890133 
   121.547      3.953      8.050     18396166 
   121.549      2.391      8.051     93938472 
   121.551      3.434      8.051     32469108 
   121.554      7.197      8.051     70864760 
   121.559      1.659      8.050     47846284 
   121.560      9.046      8.052     39168300 
   121.560      0.778      8.047     43459332 
   121.562      1.268      8.051      8365905 
   121.569      2.078      8.053      7855778 
   121.788      3.726      7.886      4054343 
   121.821      4.518      7.882     29784922 
   121.828      8.528      7.886     25610198 
   121.835      4.410      7.887     32393620 
   121.838      8.756      7.888     43385840 
   121.846      1.444      7.887     33736584 
   121.851      1.857      7.887     77358176 
   121.852      3.895      7.890      6889340 
   121.854      1.724      7.887      7484326 
   121.873      4.046      7.885     12003635 
   122.003      4.573      8.885     79671384 
   122.005      2.255      8.885     67953256 
   122.007      2.774      8.886     91200784 
   122.008      4.354      8.885     46873932 
   122.056      2.054      8.892     36582916 
   122.056      8.140      8.890     10438487 
   122.073      1.859      8.888     11692664 
   122.082      7.836      8.890     19129038 
   122.166      4.580      8.352     58354240 
   122.168      4.734      8.353    159290912 
   122.168      1.464      8.356      6970064 
   122.173      3.212      8.351     23482656 
   122.173      2.664      8.353    100365160 
   122.180      3.084      8.352     15299317 
   122.193      1.295      8.357      7167342 
   122.527      7.892      8.521      7761485 
   122.546      4.315      8.540     12704928 
   122.556      1.828      8.519     22580178 
   122.560      1.502      8.517     19815388 
   122.563      2.609      8.516     26910678 
   122.582      1.667      8.518     13397835 
   122.588      3.142      8.505      3559855 
   122.622      2.739      8.516     39296000 
   122.622      4.881      8.521     17267406 
   122.731      1.852      7.490      4919792 
   122.741      3.516      7.389      4672084 
   122.743      1.472      8.905     11666954 
   122.747      8.499      8.902     17907174 
   122.750      0.624      7.385     34651916 
   122.752      4.640      8.906     69656288 
   122.754      8.657      7.387      5195729 
   122.761      3.310      8.905     12414951 
   122.767      3.161      8.903     12050686 
   122.776      0.790      8.906     12286540 
   122.790      4.777      7.384     16122312 
   122.794      5.021      8.908     10044806 
   122.796      4.299      7.376     10638634 
   122.797      0.275      7.382      9504509 
   122.800      8.689      8.902     20846324 
   122.801      6.370      7.378     38653712 
   122.809      2.866      7.389      4872052 
   122.814      1.591      8.906      6365290 
   122.815      5.129      7.377     20486604 
   122.816      1.012      7.377     17408642 
   122.825      1.588      7.377     38632756 
   122.834      1.477      8.676      9147984 
   122.840      0.758      7.494      5634116 
   122.841      6.677      7.492      6865057 
   122.846      3.924      7.489     45011280 
   122.848      0.387      7.489      5394690 
   122.854      1.329      7.380      4768702 
   122.856      4.798      8.674     21100454 
   122.861      1.626      8.675     17193994 
   122.867      1.209      7.490    103959288 
   122.871      1.797      8.674     14946505 
   122.876      3.618      8.675     19116886 
   122.877      2.783      7.490     32431664 
   122.879      7.945      7.491     38368380 
   122.888      4.090      7.491     12313687 
   122.890      4.570      8.674     60420488 
   122.893      4.768      8.544     10697861 
   122.893      4.320      8.548      6611594 
   122.901      4.220      8.424     80798000 
   122.901      1.330      8.424     38370232 
   122.906      2.007      8.423     55722336 
   122.908      2.307      8.423     23096132 
   122.910      4.296      8.424    412244896 
   122.910      1.677      8.424    228726416 
   122.911      8.413      7.492     55045268 
   122.913      1.902      8.424     34495988 
   122.916      1.389      8.423     60454616 
   122.928      2.727      8.541     31172600 
   122.941      8.263      8.547     21316678 
   122.944      8.196      8.543     19866694 
   122.964      1.340      8.561      4599268 
   123.260      1.715      8.582     25058712 
   123.273      1.411      8.582     19269062 
   123.274      4.314      8.582    435977728 
   123.276      2.010      8.581     68980376 
   123.277      1.903      8.582    151300048 
   123.279      1.781      8.582     39010692 
   123.282      2.298      8.582     62392916 
   123.380      2.867      8.674     20208320 
   123.386      2.720      8.675     26732236 
   123.387      4.360      8.674     98736752 
   123.388      6.362      8.678     17313078 
   123.407      4.310      8.671     57890136 
   123.409     -0.102      8.673      8416048 
   123.410      0.578      8.675     12426155 
   123.558      1.214      7.951      9445316 
   123.563      0.771      7.948     11774289 
   123.566      6.859      7.949     17315174 
   123.574      7.234      7.953      4415356 
   123.576      4.293      7.951     23616734 
   123.577      3.225      7.951    112526280 
   123.577      3.994      7.951    108432784 
   123.577      3.005      7.951    119051000 
   123.578      3.414      7.952     23617264 
   123.584      0.884      7.949     17728638 
   123.601      1.642      7.952     13434811 
   123.610      8.665      7.952     42721828 
   123.690      5.171      8.888    107625040 
   123.694      5.303      8.888     19958640 
   123.694      0.873      8.888     11092602 
   123.695      9.196      8.889     25114156 
   123.696      3.659      8.887     15423289 
   123.699      0.979      8.892      7100716 
   123.708      5.059      8.888     15781509 
   123.709      1.613      8.889     23420710 
   123.715      8.768      8.893     18066670 
   123.720      2.072      8.893     29687778 
   123.722      4.773      8.895      8663021 
   123.722      9.558      8.887      4811372 
   123.735      1.437      8.888      5127017 
   123.764      3.723      8.887      8910020 
   123.767      1.833      8.900     17876402 
   123.770      8.501      8.908      6408087 
   123.790      4.212      8.899      6560858 
   123.790      7.827      8.902      5396249 
   124.040      4.091      8.134      5005614 
   124.043      4.413      8.137     27253474 
   124.045      4.507      8.135     51802492 
   124.046      8.370      8.136     96998160 
   124.048      3.984      8.137     10080658 
   124.053      7.596      8.137     17309056 
   124.054      2.691      8.135      7254572 
   124.055      2.967      8.137     88239112 
   124.056      7.057      8.137     17613756 
   124.056      3.173      8.136     97125288 
   124.085      1.581      8.210     12041562 
   124.088      1.455      8.210     52829136 
   124.088      3.915      8.210     25933436 
   124.089      4.492      8.210    107581752 
   124.090      4.773      8.206      8764912 
   124.090      1.008      8.209     17820440 
   124.092      3.887      8.133      6693854 
   124.092      5.129      8.210     36802372 
   124.095      1.343      8.210     52198240 
   124.100      0.659      8.211     14603004 
   124.103      8.615      8.212     23644720 
   124.191      1.793      8.533     39270464 
   124.198      4.755      8.531    461384032 
   124.201      1.415      8.532     27344376 
   124.202      3.227      8.530     27959668 
   124.204      1.720      8.531     80858944 
   124.212      4.317      8.539     49757760 
   124.785      2.586      9.197     13223965 
   124.801      1.260      9.199     26625364 
   124.801      0.862      9.200      5414820 
   124.803      1.661      9.198     11585893 
   124.804      4.419      9.195     16136413 
   124.805      4.965      9.198     96008984 
   124.809      0.780      9.194      7745903 
   124.810      2.383      9.198     31748236 
   124.811      2.064      9.199     45299580 
   125.051      7.401      9.796      5082268 
   125.058      0.830      9.801      8193336 
   125.062      2.855      9.802      8957163 
   125.080      2.108      9.810      6272690 
   125.081      0.907      9.797     14764728 
   125.082      5.310      9.802      4714210 
   125.083      4.968      9.804     20077508 
   125.084      1.262      9.801     78154920 
   125.086      1.634      9.803      5350916 
   125.087      4.639      9.803    110191464 
   125.103      9.186      9.811      5337179 
   125.106      9.579      9.807     25907414 
   125.115      3.055      9.806     13079891 
   125.126      1.445      8.719      7248969 
   125.143      1.848      8.724     37609496 
   125.151      4.710      8.721    122806976 
   125.151      1.569      8.719     18577086 
   125.155      5.060      8.717     20373982 
   125.160      2.140      8.718     19645298 
   125.166      0.884      8.719      5520302 
   125.482      4.632      8.498     14132305 
   125.486      1.848      8.498     17457672 
   125.486      1.589      8.499     27537524 
   125.493      8.114      8.498     25044776 
   125.494      4.478      8.499     97466592 
   125.499      1.480      8.498     51508184 
   125.549      0.792      8.492      6514779 
   125.600      1.262      8.604     42721620 
   125.601      3.581      8.617      5621439 
   125.603      1.951      8.605     56511368 
   125.604      0.737      8.605     40419032 
   125.605      5.093      8.606     20607692 
   125.607      4.546      8.605    128912832 
   125.610      9.225      8.602      7050355 
   125.610      0.871      8.607     18525870 
   125.610      3.233      8.390     48687416 
   125.611      3.138      8.390     29402984 
   125.613      4.651      8.390    128560880 
   125.891      3.932      8.460      9703720 
   125.902      7.303      8.465      7774278 
   125.907      7.430      8.462     94433744 
   125.910      1.303      8.463    124557496 
   125.912      0.774      8.461     27689784 
   125.914      4.181      8.462     36033408 
   125.915      0.898      8.463     18016672 
   125.916      3.218      8.465     10102414 
   125.919      8.168      8.464     21527720 
   125.929      4.627      8.462     17402000 
   125.951      2.375      8.467     10386097 
   126.341      2.584      7.198      6064856 
   126.369      4.249      7.195     14822196 
   126.375      4.051      7.195     23303156 
   126.377      2.064      7.195     27705282 
   126.382      1.659      7.195    127123792 
   126.382      0.824      7.193     12934098 
   126.383      2.383      7.195     36862016 
   126.384      8.054      7.197     88282992 
   126.388      9.132      7.194     36349560 
   126.389      4.365      7.195     46090116 
   126.539      7.210      7.596      9955558 
   126.545      8.135      7.596     11342756 
   126.557      3.183      7.596      6921014 
   126.560      3.936      7.603      4270226 
   126.572      4.509      7.600    108171504 
   126.578      4.756      7.600     30472564 
   126.579      2.794      7.600     48722336 
   126.585      7.055      7.599     18029434 
   126.588      2.549      7.599     46422288 
   126.596      2.974      7.597      8441890 
   126.600      4.108      7.589      3327354 
   126.663      3.617      7.596      3614402 
   126.792      1.617      9.204     13829920 
   126.810      8.595      9.200      4963008 
   126.821      4.709      9.204     17625194 
   126.822      1.955      9.205      6332661 
   126.822      5.092      9.204     86334360 
   126.825      6.066      9.205      7760059 
   126.826      1.581      9.204     16391020 
   126.826      0.873      9.205     38522860 
   126.827      8.902      9.206     19399994 
   126.827      6.888      9.206     13036947 
   126.829      1.442      9.203     13574867 
   126.840      8.721      9.204      6455922 
   126.841      0.741      9.206      9455040 
   126.848      2.100      9.205      3361892 
   126.853      0.982      9.206      8882788 
   126.867      1.774      9.205      5337548 
   127.983      2.065      8.782     33113724 
   127.996      3.949      8.785     17326288 
   128.010      0.920      8.783     10911289 
   128.014      4.419      8.783     55342104 
   128.016      5.310      8.784     20095644 
   128.027      2.392      8.781      8402972 
   128.028      1.284      8.782     33456182 
   128.042      9.139      8.784     15198079 
   128.045      9.577      8.777      3968908 
   128.220      8.063      8.779      6780892