#phipsi_gfactor
#Residue\Model	average
2	-3.61
3	-3.37
4	-2.68
5	-3.59
6	-1.12
7	-0.50
8	-0.21
9	0.59
10	0.96
11	0.95
12	0.93
13	1.11
14	1.14
15	0.83
16	1.00
17	0.90
18	1.00
19	1.02
20	1.13
21	1.04
22	0.05
23	0.88
24	-0.15
25	-0.51
26	0.35
27	0.55
28	-0.23
29	0.58
30	1.26
31	0.99
32	0.92
33	0.84
34	1.08
35	0.27
36	-1.45
37	0.09
38	0.47
39	0.67
40	-1.45
41	0.81
42	-0.99
43	-0.37
44	0.54
45	1.08
46	1.16
47	1.13
48	0.99
49	1.05
50	1.26
51	0.98
52	0.85
53	1.10
54	1.41
55	0.81
56	0.66
57	0.68
58	-0.31
59	-0.28
60	-0.37
68	-0.69
69	-0.73
70	-0.57
77	-1.04
78	-0.28
79	0.09
80	0.23
81	0.16
82	-0.06
83	0.55
84	0.37
85	0.81
86	0.83
87	0.57
88	0.76
89	0.90
90	0.98
91	0.84
92	0.99
93	0.79
94	1.08
95	0.70
96	0.61
97	0.80
98	0.75
99	0.27
100	0.33
101	0.59
102	0.82
103	0.67
104	0.00
105	-0.34
106	-0.82
107	-1.72
#Reported_Model_Average	0.260
#Overall_Average_Reported	0.260
