#alldih_gfactor
#Residue\Model	average
2	-2.19
3	-1.10
4	-1.19
5	-1.94
6	-0.07
7	0.08
8	-0.25
9	0.59
10	1.00
11	0.81
12	0.93
13	1.07
14	0.93
15	0.83
16	0.90
17	0.85
18	0.67
19	0.89
20	0.99
21	1.12
22	0.13
23	0.61
24	-0.15
25	0.29
26	0.30
27	-0.58
28	-0.07
29	0.58
30	0.90
31	0.99
32	0.14
33	0.70
34	0.60
35	0.38
36	-0.28
37	0.09
38	0.47
39	0.89
40	-0.61
41	0.81
42	-0.43
43	0.06
44	0.54
45	0.97
46	1.11
47	0.61
48	0.89
49	0.84
50	0.51
51	0.83
52	0.89
53	0.62
54	0.80
55	0.93
56	0.77
57	-0.09
58	-0.04
59	-0.28
60	-0.37
68	-0.69
69	-0.55
70	-1.13
77	-0.77
78	0.26
79	-0.34
80	-0.95
81	-0.05
82	0.36
83	0.54
84	0.67
85	0.49
86	0.46
87	-0.87
88	-0.38
89	0.89
90	0.86
91	0.80
92	-0.05
93	0.79
94	0.52
95	0.70
96	-0.78
97	0.26
98	0.75
99	0.17
100	0.33
101	-0.07
102	-1.27
103	-0.62
104	0.49
105	-0.35
106	-0.95
107	-1.24
#Reported_Model_Average	0.199
#Overall_Average_Reported	0.199
