#verify3d
#Residue\Model	1	2	3	4	5
2	0.08	0.08	0.08	0.08	0.08
3	-0.10	-0.10	-0.10	-0.10	-0.10
4	0.41	0.41	0.41	0.41	0.51
5	0.08	0.08	0.08	0.08	0.08
6	-0.41	-0.41	-0.41	-0.41	0.24
7	0.71	0.71	0.71	0.71	0.71
8	0.34	0.34	0.34	0.34	0.34
9	0.05	0.05	-0.25	0.05	0.05
10	0.60	0.62	0.62	0.60	0.60
11	-0.62	-0.62	-0.62	-0.62	-0.62
12	1.10	1.10	1.10	1.10	1.10
13	0.29	0.29	0.62	0.29	0.29
14	0.56	-0.20	0.56	-0.20	0.56
15	-0.02	-0.02	-0.02	-0.02	-0.02
16	-0.29	-0.29	-0.29	-0.29	-0.29
17	-0.20	-0.20	-0.20	0.56	1.10
18	-0.27	-0.27	-0.27	-0.27	-0.27
19	-0.29	-0.29	-0.29	-0.29	-0.29
20	-0.46	-0.46	-0.46	-0.46	-0.46
21	0.62	0.60	0.62	0.60	0.62
22	-0.38	-0.38	-0.38	-0.38	-0.38
23	0.25	0.25	0.25	0.25	0.10
24	1.10	1.10	1.10	1.10	1.10
25	0.28	0.28	0.28	0.04	0.28
26	1.25	1.25	1.25	1.25	1.25
27	0.23	0.23	0.23	0.23	0.23
28	0.34	0.34	0.34	0.34	0.34
29	0.62	0.62	0.62	0.62	0.62
30	0.86	-1.09	-1.09	0.86	-1.09
31	-0.02	0.44	0.44	0.44	0.44
32	-0.13	-0.13	-0.13	-0.13	-0.13
33	-0.02	-0.02	-0.02	-0.02	-0.02
34	-0.17	-0.17	-0.17	-0.17	-0.17
35	-0.38	-0.38	-0.38	-0.38	-0.38
36	-0.02	-0.02	-0.02	-0.02	-0.02
37	-0.02	-0.02	-0.02	-0.02	-0.02
38	-0.25	-0.25	-0.25	-0.25	0.05
39	0.66	0.66	0.66	0.66	0.66
40	-0.02	-0.02	-0.02	-0.02	-0.02
41	1.10	1.10	1.10	1.10	1.10
42	-0.81	-0.81	-0.81	-0.81	-0.81
43	0.08	0.08	0.08	0.08	0.08
44	-0.25	-0.25	-0.25	-0.25	-0.25
45	0.62	0.62	0.60	0.60	0.60
46	-0.13	-0.13	-0.13	-0.13	-0.13
47	0.16	0.16	0.16	0.16	0.16
48	0.56	0.56	0.56	1.10	0.56
49	-1.25	-1.25	-1.25	-1.25	-0.62
50	0.86	0.86	0.86	0.86	0.86
51	-0.29	-0.29	-0.29	-0.29	-0.29
52	0.56	0.56	0.56	0.56	0.56
53	0.62	0.62	0.62	0.62	0.62
54	0.17	0.17	0.17	0.17	0.61
55	0.62	0.62	0.62	0.62	0.62
56	-0.20	-0.20	0.56	0.56	0.56
57	0.44	0.44	0.44	0.44	0.44
58	-0.13	-0.20	-0.20	-0.13	-0.13
59	1.10	1.10	1.10	1.10	1.10
60	1.10	1.10	1.10	1.10	1.10
68	0.44	0.44	0.44	0.44	0.44
69	0.62	0.60	0.60	0.62	0.62
70	0.56	0.56	-0.20	-0.20	-0.20
77	0.04	0.28	0.28	0.04	0.04
78	-0.41	-0.41	-0.41	0.24	-0.41
79	0.60	0.62	0.09	0.62	0.62
80	0.32	0.32	0.32	-0.02	-0.02
81	-0.20	0.56	-0.20	0.56	-0.20
82	0.60	0.60	0.62	0.60	0.60
83	-1.37	-1.37	-0.46	-0.46	-0.46
84	-0.20	-0.20	0.56	-0.20	-0.20
85	-0.20	-0.20	-0.20	-0.20	-0.20
86	0.16	0.16	0.16	0.16	0.16
87	-0.02	0.32	-0.02	-0.02	-0.02
88	0.44	0.44	0.44	0.44	0.44
89	-2.36	-2.36	-2.36	-2.36	-0.59
90	-1.37	-1.37	-0.46	-0.46	-0.46
91	0.56	-0.20	-0.20	-0.20	0.56
92	-1.37	-0.46	-0.46	-1.37	-1.37
93	0.44	-0.02	-0.02	0.44	-0.02
94	0.16	0.16	0.16	0.16	-0.38
95	0.44	0.44	0.44	0.44	0.44
96	-1.70	-1.70	-0.55	-0.55	-1.70
97	-1.81	-1.35	-1.81	-1.81	-1.35
98	0.44	0.44	0.44	0.44	0.44
99	0.07	0.07	0.07	0.07	0.07
100	0.44	0.44	0.44	0.44	-0.02
101	0.60	0.60	0.62	0.60	0.62
102	-1.35	-1.81	-1.81	-1.81	-1.35
103	0.44	0.44	0.44	0.44	0.44
104	-0.20	-0.20	-0.20	-0.20	-0.20
105	-1.14	-1.14	-0.68	-1.14	-0.68
106	-0.42	-2.06	-2.06	-0.42	-0.42
107	-0.10	-0.10	-0.10	-0.10	-0.10
#Reported_Model_Average	0.048	0.016	0.048	0.086	0.096
#Overall_Average_Reported	0.059
