    13.940     18.333      1.548      0.934      -172475 
    13.940     19.439      0.513     -0.095       -76285 
    13.940     24.861      1.403     -0.100        34353 
    13.940     27.421      1.002     -0.099        38927 
    13.940     14.894      6.278     -0.092       -43190 
    13.940     23.476      0.512     -0.099       -41150 
    13.940     19.439      0.507      1.125       -64342 
    13.940     23.427      0.517      1.120       -54377 
    13.940     20.767      0.901     -0.067       -71176 
    13.940     20.767      0.901     -0.067       -71176 
    13.940     32.008      4.510      1.130       -52416 
    13.940     32.008      4.510      1.130       -52416 
    13.940     33.117      1.729      1.098      -144231 
    13.940     28.942      1.645      1.113       215940 
    13.940     21.896      1.268      1.142      -184769 
    13.940     24.967      0.860      1.079       152477 
    13.940     24.967      0.860      1.079       152477 
    13.940     28.942      1.645      1.113       215940 
    13.940     33.117      1.729      1.098      -144231 
    13.940     33.117      1.729      1.098      -144231 
    13.940     32.903      2.037      0.897       -42152 
    13.940     32.413      2.040      0.889       -49097 
    13.940     21.631      1.547      0.936        51128 
    13.940     21.631      1.547      0.936        51128 
    13.940     20.689      0.923      0.937      -537677 
    13.940     25.425      3.578      0.914        30991 
    13.940     20.779      0.894      0.596       256042 
    13.940     28.979      1.649      0.393       -59100 
    13.940     20.773      0.882      0.366       270564 
    13.940     29.025      1.652      1.014      -424197 
    13.940     18.676      3.730      0.914        34725 
    13.940     18.439      1.118      0.912       126541 
    13.940     16.927      3.937      0.913        83407 
    13.940     16.990      1.952      0.914       -67682 
    13.940     30.391      1.937      0.912        60507 
    13.940     17.782      0.946      0.916       336248 
    13.940     25.415      2.885      0.355        38835 
    13.940     23.032      4.039      0.355        37557 
    13.940     16.633      1.719      0.355       -49087 
    13.940     13.959      0.352      0.355      2416193 
    13.940     25.712      1.306      0.353        48345 
    13.940     25.787      1.062      0.354        66017 
    13.940     18.713      0.655      0.358       157596 
    13.940     26.052      3.194      0.352        25544 
    13.940     13.847     -0.095      0.358        93476 
    13.940     17.715      0.931      0.370        83696 
    13.940     18.800      1.486     -0.090        28446 
    13.940     13.941      0.356     -0.097        82851 
    13.940     18.704      0.663     -0.094        37832 
    13.940     29.954      0.017     -0.096       -26574 
    13.940     29.093     -0.152     -0.093       -32183 
    13.940     26.062      3.172     -0.089        54860 
    13.940     25.336      0.954     -0.092        29667 
    13.940     17.646      1.753     -0.090       -42331 
    13.940     27.381      1.148     -0.092        50703 
    13.940     17.697      0.936     -0.093       129447 
    13.940     18.588      1.555      1.129       110524 
    13.940     20.593      2.205      1.127       -44744 
    13.940     24.392      1.281      1.135        78485 
    13.940     18.891      1.882      0.413       -15522 
    13.940     29.530     -0.085      1.141       -19209 
    14.385     28.754      0.263      0.589        35204 
    14.438     26.862      3.518      0.594        41583 
    14.447     18.500      1.111      0.595        95117 
    14.460     23.294      3.985      0.416        59445 
    14.467     15.950      1.539      0.597       -34555 
    14.467     17.103      0.084      0.593       101161 
    14.472     18.794      2.763      0.427       -17123 
    14.475     16.900      1.644      0.420       -47972 
    14.478     28.723      0.774      0.595        43773 
    14.481     16.145      4.528      0.405        13425 
    14.493     27.771      0.486      0.414        40469 
    14.498     15.529      1.036      0.592        51071 
    14.524     17.003      0.244      0.569        36433 
    14.534     19.145      3.032      6.844        15534 
    14.536     16.919      0.258      0.419       103616 
    14.552     27.747      1.545      0.415        52901 
    14.558     14.069      3.753      0.596        33330 
    14.587     25.186      3.628      6.546       -53214 
    14.596     18.165      2.160      6.550       -24264 
    14.598     18.124      2.153      0.595       -26785 
    14.598     18.954      0.976      0.595        63364 
    14.610     19.427      2.796      6.852        23280 
    14.612     29.444     -0.249      6.550       202419 
    14.629     19.590      0.519      6.556       -34483 
    14.668     21.114      0.778      6.552       -26539 
    14.676     16.331      1.707      6.772       -23312 
    14.750     14.756     -0.219      6.776      3035586 
    14.757     21.545      1.283      6.782       -28496 
    14.758     21.667      0.860      6.845       -65764 
    14.790     14.901      4.296      6.773       -28846 
    14.798     29.631     -0.068      6.776       336393 
    14.834     14.684      4.506      6.874       -46844 
    14.977     32.078      2.041      1.704       -20697 
    14.982     29.116     -0.173      6.277       423721 
    15.005     32.557      0.719      6.862        32097 
    15.019     17.575      4.344      1.689       -13906 
    15.037     14.902      6.284      6.857        48747 
    15.042     14.564      0.416      0.733        40274 
    15.072     15.620      3.915      6.862       -44069 
    15.097     17.457      2.837      1.675        12252 
    15.102     23.003      1.180      6.863       -74124 
    15.103     28.264     -0.008      6.863       339245 
    15.103     31.724      1.926      1.701       -19021 
    15.185     22.308      3.667      0.733        26824 
    15.195     30.651      1.710      0.735        51671 
    15.213     30.383      1.345      0.732        40860 
    15.236     16.927      0.976      0.735       116581 
    15.246     15.243      0.732      0.735      2605308 
    15.260     22.865      1.018      0.733        71428 
    15.262     17.107      0.082      0.736        59141 
    15.276     18.598      1.544      0.737        90377 
    15.283     28.079     -0.267      0.740       -27379 
    15.323     14.372      0.581      1.030        57266 
    15.374     22.214      4.376      1.025        21327 
    15.377     24.686      0.796      1.031        59667 
    15.398     26.214      1.491      1.027        63939 
    15.405     18.198      2.148      1.038       -54753 
    15.424     18.704      0.985      1.032       122481 
    15.436     15.471      1.026      1.029      1906863 
    15.446     26.171      1.801      1.032        51334 
    15.508     13.829      0.341      0.348       -43480 
    15.516     16.561     -0.069      0.432       -11196 
    15.517     18.532      3.815      1.034        39480 
    15.517     29.063      1.659      1.034       -66344 
    15.517     25.422      0.819      1.034        39646 
    15.651     18.228      1.125      0.093       -14425 
    15.661     14.653      4.503      6.856       -55467 
    15.885     30.654      2.945      6.855      -107688 
    16.067     15.470      2.173      1.688       -97992 
    16.255     17.894      0.755      0.754      -194279 
    16.407     32.065      4.504      1.694       -17453 
    16.453     14.782     -0.204      1.695       -21894 
    16.453     17.604      2.915      1.694       -34794 
    16.510     17.543      4.328      1.694        65219 
    16.513     32.058      2.034      1.692       103994 
    16.531     29.628     -0.093      1.692       -36470 
    16.760     14.013      0.349      1.718       -45850 
    16.792     15.331      0.759      0.720       -40356 
    16.867     30.443      1.362      0.975        50961 
    16.897     27.855      1.559      0.270        28774 
    16.897     32.275     -0.210      2.187       -10928 
    16.928     16.894      1.644      0.269       -95837 
    16.958     25.306      6.304      0.264       -50815 
    16.962     14.408      0.420      0.265       102117 
    16.989     15.237      0.731      0.975       124883 
    16.991     22.844      1.013      0.977        87465 
    16.998     21.110      3.017      0.267       -54765 
    17.006     20.823      3.769      0.268        90851 
    17.030     23.384      3.989      0.982        31782 
    17.044     18.635      1.665      0.974       -66547 
    17.055     28.672      0.254      0.091        23295 
    17.074     23.717      2.876      0.088        53409 
    17.076     21.057      2.807      0.264       -36833 
    17.078     17.146      0.135      1.706       -12364 
    17.128     18.509      1.127      0.092        51697 
    17.135     14.444      0.596      0.092       109030 
    17.157     21.889      0.859      0.089       117979 
    17.170     13.975      3.759      0.090        40968 
    17.170     15.975      1.531      0.089       -77758 
    17.273     31.117      1.690      0.083        19947 
    17.698     21.379      2.939      0.953       -64301 
    17.703     13.843     -0.093      0.940       159738 
    17.705     17.664      0.946      0.950      5611012 
    17.706     13.962      0.353      0.937       147981 
    17.714     25.181      3.594      0.950       116171 
    17.714     18.642      3.727      0.958        39646 
    17.723     30.279      1.938      0.954        27868 
    17.733     17.647      1.761      0.938       -81680 
    17.733     18.645      0.666      0.938        57344 
    17.734     17.060      1.948      0.954      -119090 
    17.745     17.376      3.964      0.953        49306 
    17.756     28.236     -0.004      0.759       -25465 
    17.765     25.475     -0.007      0.947       -31300 
    17.767     32.468      0.699      0.758      -201116 
    17.770     32.700      1.724      0.952        32453 
    17.770     32.823      1.915      0.952        27550 
    17.774     27.192      1.301      0.758       121578 
    17.778     16.505      4.396      0.954        44840 
    17.790     23.441      0.512      0.758        99598 
    17.807     18.200      4.048      0.758       136267 
    17.843     17.088      1.874      0.758      -210004 
    17.873     17.057      3.689      0.758        28796 
    17.886     18.135      0.916      2.168       -22624 
    17.905     21.352      2.931      0.761       -29256 
    17.936     14.556     -0.474      2.175       -38419 
    17.965     18.138      2.179      1.007        59877 
    18.112     18.561      0.987      2.171       -38106 
    18.153     33.504      2.575      2.176        42369 
    18.189     21.045      4.192      2.178        33921 
    18.194     33.529      2.988      2.177        47660 
    18.228     18.174      2.175      1.565       131680 
    18.232     31.736      1.767      2.180        31247 
    18.260     13.617      4.219      1.559       313801 
    18.266     19.190      4.486      1.558        83393 
    18.311     18.676      1.498      2.179        82936 
    18.312     32.173     -0.187      2.176        36312 
    18.359     18.134      2.159      0.966      -145906 
    18.387     17.087      0.086      1.124        41808 
    18.428     14.212      4.071      1.531       300882 
    18.458     18.657      3.715      1.123        56861 
    18.461     14.426      0.583      1.122        92904 
    18.467     13.782      0.907      1.126        97349 
    18.482     14.027      3.749      1.125       112420 
    18.529     17.209      0.094      1.553        31212 
    18.535     22.069      0.866      1.560        81099 
    18.562     13.931      1.122      1.556        81935 
    18.564     33.717      3.729      1.557      -134452 
    18.570     20.830      4.169      1.552        58588 
    18.602     25.280      0.943      0.656        57048 
    18.607     26.200      0.879      1.554        40110 
    18.625     16.605      1.722      0.655      -106725 
    18.625     15.194      0.737      1.553        91616 
    18.637     23.048      4.036      0.655       127422 
    18.665     14.164     -0.416      0.656       -52518 
    18.670     13.962      0.349      0.654       174324 
    18.670     18.704      0.655      0.655      2839968 
    18.675     22.137      3.868      1.487        33306 
    18.679     19.830      0.840      1.553        54053 
    18.703     13.848     -0.097      0.656        57448 
    18.769     17.529      4.172      1.486        74299 
    18.802     22.101      4.363      0.976        93511 
    18.802     29.922      0.019      0.654       -37559 
    18.814     33.683      3.391      1.397       -84672 
    18.819     15.514      1.030      0.978       119280 
    18.822     14.412      0.575      0.978        75459 
    18.829     22.950      1.189      1.395        76978 
    18.831     13.617      4.267      1.485       159816 
    18.838     18.775      0.987      1.487        60199 
    18.852     24.728      3.593      1.485       110842 
    18.852     22.081      3.694      0.981        34521 
    18.882     18.878      1.478      0.973       100623 
    18.909     26.791      3.510      0.977        25226 
    18.919     17.610      3.837      1.306        66892 
    18.954     23.096      0.887      1.304       175268 
    18.958     32.449      3.793      1.303      -255292 
    18.966     21.362      0.910      1.304       138061 
    18.974     32.136      4.316      1.452      -295692 
    18.996     16.147      4.378      1.452        41288 
    19.051     33.649      3.342      1.320       -37979 
    19.188     14.635     -0.474      2.196        14159 
    19.385     19.580      4.302      0.513        32388 
    19.443     21.427      4.050      0.515        54837 
    19.450     19.454      0.510      1.005        79667 
    19.465     21.196      0.756      0.511       175212 
    19.469     32.470      3.786      0.513       -40292 
    19.469     23.089      0.888      0.512       105481 
    19.618     19.480      0.531      0.844        48840 
    19.792     20.547      2.203      0.838      -100163 
    19.794     17.159      4.769      0.841       152724 
    19.805     33.586      2.686      0.842        31760 
    19.812     13.907      1.128      0.841       160668 
    19.824     33.655      2.561      0.840        21045 
    19.843     16.843      4.224      0.839        95085 
    19.857     27.152      2.217      0.834        34618 
    19.896     18.524      1.557      0.842        67829 
    19.914     24.332      1.266      0.846        27122 
    19.921     30.357      1.346      0.838        26451 
    20.804     21.073      2.382      0.960        35713 
    20.872     15.033     -0.126      0.964       -26107 
    20.881     23.736      3.806      0.936       117045 
    20.885     32.807      2.039      0.885       707069 
    20.890     31.987      2.105      0.941       294870 
    20.898     20.734      4.110      0.889       416487 
    20.909     21.243      2.957      0.891       -62712 
    20.918     23.434      0.507      0.958        55351 
    20.936     27.151      1.726      0.935        73123 
    20.942     23.893      0.886      0.956       401133 
    20.949     25.350      3.659      0.959       135442 
    20.959     22.442      3.193      0.932       -49067 
    20.976     14.268      4.075      0.959        35829 
    21.056     18.420      1.530      0.961        26013 
    21.078     31.488      4.559      0.641       -43330 
    21.100     26.029      3.168      0.775        88750 
    21.103     17.864      0.768      0.638        74844 
    21.113     25.432      2.890      0.641        68881 
    21.128     21.199      2.966      0.767       -64747 
    21.136     23.408      0.508      0.638       304755 
    21.137     21.346      2.986      0.963       -53310 
    21.138     31.100      1.912      0.638       138204 
    21.138     23.953      0.879      0.639       102481 
    21.144     19.449      0.514      0.759       280931 
    21.145     31.407      2.125      0.774       125674 
    21.149     21.469      4.043      0.762        70322 
    21.161     32.588      0.706      0.639       -31180 
    21.171     29.867      3.631      0.637       -41945 
    21.185     19.570      4.294      0.760       152264 
    21.233     27.398      4.120      0.859       244330 
    21.250     32.394      3.770      0.911       -37247 
    21.322     25.195      3.620      0.915       133412 
    21.349     19.820      0.939      0.841       -51142 
    21.367     21.145      2.955      1.270       -98320 
    21.372     18.904      1.301      0.914       103728 
    21.500     27.464      4.697      1.290       166529 
    21.500     31.773      2.255      0.910       172281 
    21.500     28.756      4.481      1.290        96111 
    21.712     19.416      3.395      1.306        47656 
    21.736     21.778      1.276      0.777      -210109 
    21.751     20.348      4.277      1.299       166711 
    21.872     27.489      4.685      1.264       337050 
    22.070     32.374      1.885      1.263        48043 
    22.088     20.312      4.431      1.266       177685 
    22.128     26.422      1.703      0.787        88293 
    22.143     22.659      1.705      0.783       -34701 
    22.150     15.148      4.176      0.788       187910 
    22.204     18.566      1.543      0.791        29719 
    22.683     22.664     -0.324      6.669       190006 
    22.858     24.468      3.788      1.017       100261 
    22.888     15.241      0.732      1.022        76409 
    22.908     31.181      1.707      1.017        99711 
    22.934     16.931      0.969      1.015        81304 
    22.948     27.057      0.073      1.181       -26954 
    22.991     15.090     -0.140      1.185       -80211 
    23.000     15.054     -0.149      1.210       -33607 
    23.000     26.879      0.109      1.210       -14411 
    23.045     23.736      3.807      0.890        83887 
    23.060     31.633      2.240      0.888       150858 
    23.062     18.921      1.300      0.890       161122 
    23.065     19.480      0.517      0.891       137964 
    23.066     32.467      3.791      0.890      -144463 
    23.087     29.382     -0.259      0.885       -40648 
    23.246     13.617      4.245      0.796       164046 
    23.303     26.960      1.541      0.789       124808 
    23.310     21.612      1.482      0.795       -96274 
    23.389     28.482      0.030      0.511       -42812 
    23.439     24.027      0.890      0.511       123304 
    23.461     32.487      0.709      0.514       -50262 
    23.469     31.078      1.912      0.512       127323 
    23.473     25.421      2.889      0.510        90932 
    23.475     20.835      0.950      0.510        61397 
    23.476     21.181      0.639      0.511       273620 
    23.478     17.759      0.757      0.513        90606 
    23.482     17.110      3.682      0.508        43192 
    23.484     25.281      3.645      0.883       175938 
    23.524     15.158     -0.139      0.509       -39124 
    23.951     16.289      2.161      0.794       -13804 
    24.000     23.350      0.522      0.900        79459 
    24.000     13.939      0.346      0.900        49545 
    24.362     16.251      2.278      0.804       -24916 
    24.543     15.965      2.957      0.803        73139 
    24.623     26.435     -0.299      6.831        35253 
    24.690     24.668     -0.160      6.832        76901 
    24.783     26.786      1.650      0.800       102308 
    24.864     24.851      1.332      0.867       104005 
    24.906     21.880      3.258      0.925       -11258 
    24.927     15.495      1.031      0.807        60624 
    24.948     26.928      1.548      0.852       164128 
    24.955     21.616      1.513      0.859      -154240 
    25.013     13.813      4.241      0.861        44485 
    25.032     18.520      3.814      0.806        42639 
    25.040     21.068      1.652      0.808      -120142 
    25.067     14.378      5.049      0.926        18017 
    25.159     27.070      0.090      6.980        28729 
    25.179     25.164     -0.268      6.724        91263 
    25.194     27.579     -0.441      6.299        42916 
    25.203     25.983      3.169      0.940        86055 
    25.204     21.151      0.773      0.938       236447 
    25.223     21.892      2.611      0.943       -35431 
    25.225     31.392      2.130      0.938       109882 
    25.229     13.936      0.351      0.935        50638 
    25.256     18.912      1.393      6.722       -39188 
    25.278     18.748      0.639      0.940        41104 
    25.278     20.210      4.371      0.938       126726 
    25.317     25.288      6.301      6.300       162373 
    25.321     30.008      2.173      0.807        52302 
    25.338     29.862      0.013      0.941       -37651 
    25.341     13.617     -0.101      0.939        40039 
    25.366     24.008      2.559      0.793       -11332 
    25.384     16.899      0.266      6.296       -27341 
    25.391     16.017      2.197      0.801       -52091 
    25.401     21.925      3.373      0.938       -25186 
    25.429     22.959      1.196      6.721       -25670 
    25.484     25.456     -0.001      6.991        70517 
    25.489     17.780      0.933      6.984       -25970 
    25.546     14.402      5.040      0.947        21031 
    25.564     18.750      1.418      7.003       -18305 
    26.056     22.594      1.361      0.874       -45236 
    26.125     22.101      0.796      0.874       247849 
    26.125     26.370      1.693      0.870        61355 
    26.147     18.689      1.562      0.872        62101 
    26.167     33.699      3.721      0.874       -55721 
    26.209     22.522      1.669      0.873       -44959 
    26.446     18.804      1.406      6.694       -25405 
    26.446     24.624     -0.158      6.707        27845 
    26.446     27.898      6.377      6.694        58291 
    26.451     26.460     -0.291      6.704       206580 
    26.767     18.683      0.648      7.108       -23492 
    26.979     27.005      0.105      7.100       211724 
    26.980     25.309     -0.018      7.109        28943 
    27.026     28.466      0.063      7.104        89112 
    27.039     25.153     -0.269      6.538        38631 
    27.065     17.670      0.943      7.097       -37703 
    27.217     18.772      1.420      7.113       -13246 
    27.401     28.144     -0.274      6.529        36932 
    27.434     27.278     -0.435      6.561       140274 
    27.674     25.292      6.304      6.575        47555 
    27.760     16.283      4.559      6.362       -54768 
    27.811     27.807      6.365      6.363       189632 
    27.830     26.497     -0.299      6.364        47840 
    28.187     32.497      0.719      6.993        48814 
    28.227     15.239      0.743      6.741       -29456 
    28.234     22.346      3.688      6.741       -22756 
    28.239     15.076     -0.136      6.984       293075 
    28.247     17.751      0.762      6.994       -35945 
    28.256     18.690      4.689      6.978       -40367 
    28.264     28.308     -0.264      6.736       172040 
    28.289     15.021     -0.134      6.958       149961 
    28.289     32.553      0.715      6.971        35798 
    28.308     14.552      0.416      6.744       -30164 
    28.320     15.646      3.932      6.980       -44952 
    28.544     27.029      0.094      7.055        88752 
    28.547     18.759      4.301      7.045       -34387 
    28.598     23.473      0.513      7.045       -31588 
    28.644     14.967     -0.130      7.053        66935 
    28.644     28.534      0.040      7.053       372756 
    28.903     17.344      3.978      2.119        55199 
    28.950     33.200      1.705      1.652       527645 
    29.094     14.947      6.280      6.823       357076 
    29.126     29.120     -0.175      6.820      1409016 
    29.130     18.510      4.494      6.823       -67617 
    29.188     17.708      3.018      6.823        28577 
    29.343     23.048      0.893      6.748       -31568 
    29.451     29.445     -0.246      6.746       786676 
    29.459     17.718      1.877      6.747        42540 
    29.462     18.116      3.996      6.747       -62514 
    29.468     14.588     -0.444      6.747       180280 
    29.479     21.373      0.926      6.732       -26141 
    29.498     16.386      1.670      6.912       -17732 
    29.528     21.933      0.852      7.150       -61151 
    29.529     19.681      4.546      7.154       -35336 
    29.533     17.670      2.269      6.753        30406 
    29.568     18.197      3.397      7.157        29215 
    29.584     14.778     -0.151      7.147       226613 
    29.593     18.311      3.241      7.141        26783 
    29.616     29.648     -0.071      6.924      1208632 
    29.617     14.837     -0.216      6.925       316358 
    29.641     29.657      0.145      7.140       581787 
    29.657     19.462      4.296      6.922       -35044 
    29.699     18.701      2.806      6.925        30301 
    29.726     18.712      3.353      6.928        30766 
    29.904     14.586      5.026      7.018       -71520 
    29.929     25.222      0.944      7.014       -46137 
    29.957     21.953      2.610      7.021        27831 
    29.962     14.142     -0.408      7.016       205802 
    29.971     18.674      0.656      7.018       -29591 
    31.413     20.739      0.885      0.706        31095 
    31.515     20.507      0.893      0.746        73666 
    32.455     28.249     -0.002      0.706        48833 
    32.455     17.050      3.098      0.706        15492 
    32.491     28.906      2.170      0.705       -29254 
    32.527     23.465      0.508      0.705       -67998 
    32.528     18.204      4.052      0.707      -170381 
    32.536     17.771      0.771      0.707      -202867 
    32.542     27.163      1.296      0.705      -182581 
    32.549     17.038      1.878      0.708        84378 
    32.550     17.084      3.693      0.708       -75535 
    32.555     18.924      4.346      0.707       -24939 
    32.565     14.962     -0.134      0.716        29777 
    32.573     21.244      2.931      1.904       -42460 
    32.613     21.128      2.929      0.706        46267 
    32.626     24.516      1.593      0.703       -37007 
    32.645     24.653      1.362      0.728       -61454 
    32.694     29.188      1.648      0.695       -66493 
    32.767     18.726      3.727      1.695        28568 
    32.800     28.871      1.630      1.710       236268 
    32.800     29.166      1.664      1.910       210797 
    32.811     20.482      0.896      0.746       166893 
    32.821     19.130      1.318      0.697       -35958 
    32.830     18.727      3.724      1.904        36636 