#mage_clash
#Residue\Model	1	2	3	4	5
15.000	0	0	1	0	1
16.000	1	1	0	1	0
17.000	0	0	0	0	0
18.000	0	0	0	2	0
19.000	0	0	0	0	0
20.000	0	0	0	0	0
21.000	0	0	0	0	0
22.000	0	0	0	1	0
23.000	0	0	0	0	0
24.000	0	0	0	0	0
25.000	0	0	0	0	0
26.000	0	0	0	0	0
28.000	0	2	0	0	2
29.000	0	0	0	0	0
30.000	0	0	0	0	1
32.000	0	0	0	0	0
33.000	1	1	1	1	1
34.000	0	0	0	2	0
35.000	0	0	0	1	1
36.000	1	0	0	0	0
37.000	0	0	0	0	0
38.000	0	0	0	0	0
39.000	0	0	0	0	0
40.000	0	0	0	0	0
41.000	0	0	0	0	0
42.000	0	0	0	0	0
43.000	0	3	1	1	0
44.000	0	0	0	0	0
45.000	0	0	0	0	0
46.000	0	0	0	0	0
47.000	0	0	0	0	0
48.000	0	0	0	0	0
49.000	0	0	0	0	0
50.000	0	0	0	0	0
51.000	0	0	0	0	0
52.000	0	0	0	0	0
53.000	0	0	0	0	0
54.000	0	0	0	0	0
55.000	0	0	1	0	0
56.000	0	0	0	0	0
57.000	0	0	0	0	0
58.000	0	0	0	0	0
59.000	0	0	0	0	0
60.000	0	0	0	0	0
61.000	0	0	0	0	0
62.000	0	1	0	1	0
63.000	0	0	0	0	0
64.000	0	0	0	0	0
65.000	0	0	0	0	0
66.000	0	0	0	0	0
67.000	0	0	0	0	0
68.000	0	0	0	0	0
69.000	0	0	0	0	0
70.000	0	0	0	0	0
71.000	0	0	0	0	0
72.000	0	1	2	0	1
73.000	0	0	0	0	0
74.000	0	0	0	0	0
75.000	0	0	0	0	0
76.000	0	0	0	0	0
77.000	0	0	0	0	0
78.000	0	0	0	0	0
79.000	0	0	0	0	0
80.000	0	0	0	0	0
81.000	0	0	0	0	0
82.000	0	0	0	0	0
83.000	0	0	0	0	0
84.000	0	0	0	0	0
85.000	0	0	0	0	0
86.000	0	0	0	0	0
87.000	0	0	0	0	0
88.000	0	0	1	0	0
89.000	0	0	0	0	0
90.000	0	0	0	1	0
91.000	0	0	0	0	0
92.000	0	0	0	0	0
93.000	0	0	0	0	0
94.000	0	0	0	0	0
#Reported_Model_Average	0.038	0.115	0.090	0.141	0.090
#Overall_Average_Reported	0.095
