#alldih_gfactor
#Residue\Model	average
15	0.04
16	-0.16
17	0.26
18	-0.25
19	-0.09
20	0.26
21	0.19
22	-0.24
23	0.56
24	-0.79
25	-1.10
26	-0.60
28	-1.37
29	-1.57
30	0.09
32	-0.46
33	0.10
34	0.27
35	-0.53
36	0.81
37	-0.07
38	-0.90
39	-0.06
40	0.49
41	0.05
42	1.06
43	0.38
44	1.09
45	0.85
46	1.16
47	1.02
48	0.36
49	0.81
50	0.40
51	-0.22
52	0.80
53	-0.25
54	0.24
55	0.06
56	-0.27
57	-0.22
58	-0.46
59	0.51
60	-0.14
61	0.48
62	-0.27
63	0.07
64	-0.25
65	-0.39
66	0.17
67	0.37
68	-0.11
69	-0.32
70	-0.53
71	0.50
72	-0.16
73	-0.09
74	0.02
75	0.90
76	-0.01
77	-0.23
78	0.43
79	0.69
80	0.17
81	0.56
82	-0.11
83	-1.96
84	-0.18
85	0.16
86	-0.14
87	0.87
88	0.10
89	0.11
90	0.01
91	0.08
92	-0.13
93	-0.46
94	-0.36
#Reported_Model_Average	0.027
#Overall_Average_Reported	0.027
