#phipsi_gfactor
#Residue\Model	average
15	-0.18
16	-0.35
17	-0.43
18	0.06
19	-0.03
20	-0.07
21	0.09
22	-0.42
23	0.56
24	-0.07
25	-1.59
26	-0.26
28	-2.22
29	-1.57
30	-0.02
32	-0.11
33	-0.63
34	-0.34
35	-0.53
36	0.47
37	0.19
38	-0.52
39	-0.27
40	0.65
41	0.05
42	1.18
43	0.99
44	1.08
45	1.08
46	1.15
47	1.13
48	0.74
49	0.79
50	0.01
51	-0.37
52	0.80
53	-0.25
54	0.05
55	0.06
56	-0.27
57	-0.56
58	-0.34
59	-0.27
60	-0.02
61	-0.24
62	-0.14
63	0.10
64	-1.34
65	-0.39
66	0.22
67	0.21
68	-0.36
69	-1.05
70	-0.48
71	0.40
72	-0.95
73	0.01
74	-0.09
75	0.62
76	0.04
77	-0.23
78	-0.21
79	0.88
80	0.17
81	0.79
82	-0.99
83	-1.96
84	-0.39
85	0.27
86	-0.39
87	0.87
88	-0.39
89	-0.52
90	-0.59
91	-0.71
92	-0.48
93	-1.11
94	-0.43
#Reported_Model_Average	-0.121
#Overall_Average_Reported	-0.121
