#verify3d
#Residue\Model	1	2	3	4	5
15	-0.56	-0.56	-0.56	0.37	-0.56
16	0.26	0.26	0.26	0.26	0.26
17	0.55	0.55	0.55	0.55	0.55
18	0.16	0.16	0.16	0.16	0.16
19	0.00	0.00	0.00	0.00	0.00
20	0.16	0.16	0.16	0.16	0.16
21	0.49	0.49	0.49	0.49	0.49
22	-0.33	-0.33	0.00	-0.33	-0.33
23	0.17	0.17	0.17	0.17	0.17
24	0.20	0.20	-0.41	-0.41	0.20
25	0.51	0.51	0.41	0.41	0.41
26	0.23	0.23	0.51	0.51	0.23
28	-0.74	-0.74	-0.74	-0.74	-0.74
29	0.14	0.14	-0.52	-0.52	0.14
30	-0.56	0.37	-0.56	0.37	-0.56
32	0.08	0.08	0.08	0.08	0.08
33	0.55	0.55	0.55	0.55	0.55
34	0.14	0.14	0.14	0.14	0.14
35	-0.52	-0.52	-0.52	-0.52	-0.52
36	0.08	0.08	0.08	0.08	0.08
37	0.51	0.51	0.23	0.51	0.23
38	0.29	0.29	0.29	0.29	0.29
39	0.08	0.08	0.08	0.08	0.08
40	-0.29	-0.29	-0.29	-0.29	-0.29
41	0.44	0.44	0.44	0.44	0.44
42	0.62	0.62	0.62	0.62	0.62
43	0.16	0.16	0.16	0.16	0.16
44	0.56	0.56	0.56	0.56	0.56
45	-0.13	-0.13	-0.13	-0.13	-0.13
46	0.66	0.66	0.66	0.66	0.66
47	0.16	0.16	0.16	0.16	0.16
48	0.62	0.62	0.62	0.62	0.62
49	-2.36	-0.59	-2.36	-0.59	-2.36
50	-0.46	-0.46	-0.46	-0.46	-0.46
51	-0.13	-0.13	-0.13	-0.13	-0.13
52	1.10	1.10	1.10	1.10	1.10
53	1.10	1.10	1.10	1.10	1.10
54	-0.35	-0.35	-0.35	-0.35	-0.35
55	-0.25	-0.25	-0.25	-0.25	-0.25
56	1.10	1.10	1.10	1.10	1.10
57	0.08	0.08	0.08	0.08	0.08
58	0.23	0.23	0.23	0.23	0.23
59	0.55	0.55	-1.54	-1.54	-1.54
60	0.16	0.16	0.16	0.16	0.16
61	0.10	0.10	0.10	0.10	0.52
62	0.16	0.16	0.16	0.16	0.16
63	0.37	0.37	0.37	0.37	0.37
64	0.55	-1.54	0.55	0.55	0.55
65	1.10	1.10	1.10	1.10	1.10
66	0.23	0.23	0.23	0.23	0.23
67	-0.17	-0.17	-0.17	-0.17	-0.17
68	-0.04	-0.04	-0.04	-0.04	-0.04
69	0.08	0.08	0.08	0.08	0.08
70	0.49	0.49	0.49	0.49	0.49
71	0.79	0.79	0.79	0.79	0.79
72	-0.68	-0.68	-0.68	-0.68	-0.68
73	0.23	0.23	0.23	0.23	0.23
74	0.41	0.51	0.51	0.51	0.51
75	0.51	0.51	0.51	0.51	0.51
76	0.23	0.23	0.23	0.23	0.23
77	-0.25	-0.25	-0.25	-0.25	-0.25
78	0.25	0.25	0.25	0.25	0.25
79	0.16	0.16	0.16	0.16	0.16
80	0.63	0.63	0.63	0.63	0.63
81	-0.55	-1.70	-0.55	-1.70	-1.70
82	0.50	0.50	0.50	0.50	0.50
83	-0.25	-0.25	-0.25	-0.25	-0.25
84	0.41	0.41	0.41	0.41	0.41
85	0.34	0.34	0.17	0.17	0.17
86	0.51	0.51	0.51	0.51	0.51
87	1.10	1.10	1.10	1.10	1.10
88	0.14	0.14	0.14	0.14	0.14
89	0.84	0.19	0.84	0.84	0.19
90	0.14	0.14	0.14	0.14	0.14
91	0.80	0.80	0.80	0.80	0.80
92	0.16	0.16	0.16	0.16	0.16
93	0.08	0.08	0.08	0.08	0.08
94	0.51	0.51	0.51	0.51	0.51
#Reported_Model_Average	0.197	0.183	0.156	0.187	0.146
#Overall_Average_Reported	0.174
