         S27HA-I13N-I13H   5.506 117.546   9.196         1000000
        S27HB2-I13N-I13H   3.651 117.561   9.197         1000000
         S29HA-I13N-I13H   4.960 117.578   9.196         1000000
         V28HA-I13N-I13H   4.842 117.546   9.196         1000000
       I13HG13-I13N-I13H   1.348 117.571   9.196         1000000
                   ?-?-?   0.858 117.576   9.196         1000000
         I44HB-N46N-N46H   1.729 117.612   8.654         1000000
        V47QG1-N46N-N46H   0.701 117.578   8.655         1000000
          G75H-K14N-K14H   9.714 122.667   8.074         1000000
         S74HA-K14N-K14H   4.361 122.665   8.073         1000000
        S74HB3-K14N-K14H   3.910 122.654   8.073         1000000
        I13QG2-K14N-K14H   0.863 122.661   8.074         1000000
                   ?-?-?   0.610 122.652   8.074         1000000
        K14HG2-K14N-K14H   1.441 122.659   8.074         1000000
                   ?-?-?   1.374 122.699   8.069         1000000
          T16H-L15N-L15H   8.412 121.586   8.950         1000000
        K14HG3-L15N-L15H   1.353 121.600   8.951         1000000
                   ?-?-?   0.793 121.601   8.951         1000000
                   ?-?-?   0.598 121.603   8.951         1000000
          L26H-T16N-T16H   8.731 114.674   8.410         1000000
         K77HA-T16N-T16H   5.198 114.701   8.406         1000000
                   ?-?-?   1.837 114.633   8.405         1000000
        K77HG2-T16N-T16H   1.349 114.653   8.408         1000000
                   ?-?-?   1.531 114.701   8.406         1000000
        T16QG2-T16N-T16H   1.047 114.653   8.408         1000000
        V17QG1-T16N-T16H   0.792 114.631   8.406         1000000
                   ?-?-?   0.604 114.659   8.408         1000000
        L78QD2-T16N-T16H   0.670 114.701   8.412         1000000
          L26H-V17N-V17H   8.716 125.511   9.081         1000000
        T16QG2-V17N-V17H   1.050 125.508   9.079         1000000
                   ?-?-?   2.521 125.708   9.249         1000000
        M81HB2-M81N-M81H   2.185 125.701   9.249         1000000
         L80HG-M81N-M81H   1.229 125.702   9.249         1000000
        L80QD2-M81N-M81H   0.690 125.707   9.249         1000000
         M81HA-M81N-M81H   4.964 125.709   9.249         1000000
          K53H-M81N-M81H   8.572 125.701   9.249         1000000
                   ?-?-?   8.896 125.705   9.249         1000000
        I55QD1-M81N-M81H   0.772 125.685   9.246         1000000
        L78HB2-K18N-K18H   1.679 129.184   9.179         1000000
        K18HG3-K18N-K18H   1.442 129.180   9.178         1000000
                   ?-?-?   1.029 129.193   9.179         1000000
        L61QD1-L61N-L61H   0.713 129.109   8.876         1000000
         I55HA-L61N-L61H   4.885 129.101   8.876         1000000
        P25HD3-I24N-I24H   3.877 129.189   9.445         1000000
       I24HG13-I24N-I24H   1.617 129.191   9.444         1000000
                   ?-?-?   1.448 129.188   9.445         1000000
                   ?-?-?   0.791 129.207   9.444         1000000
        T16QG2-I24N-I24H   1.050 129.196   9.444         1000000
         S23HA-F19N-F19H   4.843 126.634   8.932         1000000
                   ?-?-?   7.316 126.644   8.932         1000000
          I24H-F19N-F19H   9.441 126.641   8.931         1000000
          K53H-L54N-L54H   8.554 126.638   8.932         1000000
                   ?-?-?   1.634 126.614   8.932         1000000
                   ?-?-?   1.437 126.629   8.932         1000000
                   ?-?-?   0.755 126.607   8.929         1000000
        F19HD1-G20N-G20H   7.317 119.600   9.275         1000000
                   ?-?-?   3.589 119.604   9.275         1000000
          G58H-K59N-K59H   8.294 121.834   7.900         1000000
          V60H-K59N-K59H   8.582 121.834   7.899         1000000
          F56H-K59N-K59H   9.239 121.841   7.900         1000000
         I55HA-K59N-K59H   4.880 121.832   7.900         1000000
         S23HA-K22N-K22H   4.846 121.697   7.971         1000000
                   ?-?-?   3.935 121.695   7.976         1000000
         K57HA-K59N-K59H   3.634 121.823   7.901         1000000
                   ?-?-?   3.586 121.707   7.977         1000000
        F19HB3-K22N-K22H   2.923 121.704   7.977         1000000
        F56HB2-K59N-K59H   2.899 121.845   7.902         1000000
        Q40HG2-Q40N-Q40H   2.542 121.597   7.886         1000000
        Q40HG3-Q40N-Q40H   2.313 121.599   7.886         1000000
        I55QG2-K59N-K59H   0.751 121.832   7.899         1000000
                   ?-?-?   1.491 121.651   7.972         1000000
        K57HB2-K59N-K59H   1.308 121.835   7.898         1000000
                   ?-?-?   1.881 121.846   7.900         1000000
                   ?-?-?   1.463 119.016   8.726         1000000
                   ?-?-?   1.730 119.054   8.729         1000000
        L15HB2-L26N-L26H   1.622 123.016   8.718         1000000
         L26HG-L26N-L26H   1.474 122.993   8.716         1000000
        T16QG2-L26N-L26H   1.051 122.981   8.716         1000000
                   ?-?-?   0.768 122.956   8.718         1000000
        L26QD2-L26N-L26H   0.627 122.984   8.717         1000000
         L26HG-S27N-S27H   1.461 118.164   8.403         1000000
                   ?-?-?   0.761 118.160   8.403         1000000
        L26QD2-S27N-S27H   0.635 118.159   8.405         1000000
         T12HB-V28N-V28H   3.952 118.045   8.739         1000000
                   ?-?-?   1.607 118.102   8.734         1000000
       I13HG13-V28N-V28H   1.345 118.068   8.740         1000000
        T12QG2-V28N-V28H   1.008 118.062   8.742         1000000
        V47QG2-S83N-S83H   0.917 117.921   8.717         1000000
         T12HA-S29N-S29H   4.578 116.785   8.693         1000000
        T12QG2-S29N-S29H   1.006 116.921   8.693         1000000
        P30HD2-D31N-D31H   3.972 114.478   7.817         1000000
        S29HB3-D31N-D31H   3.811 114.475   7.817         1000000
        S29HB2-D31N-D31H   4.128 114.503   7.816         1000000
        P30HG2-D31N-D31H   1.985 114.479   7.816         1000000
          K68H-D31N-D31H   8.297 114.473   7.815         1000000
          S29H-C32N-C32H   8.696 119.808   7.655         1000000
          L67H-C32N-C32H   8.456 119.812   7.652         1000000
         P30HA-C32N-C32H   4.268 119.780   7.654         1000000
        S29HB3-C32N-C32H   3.817 119.967   7.653         1000000
         V28HB-C32N-C32H   2.217 119.802   7.655         1000000
        L67HB3-C32N-C32H   1.955 119.817   7.652         1000000
         L67HG-C32N-C32H   1.751 119.817   7.652         1000000
        L67QD2-C32N-C32H   0.746 119.814   7.653         1000000
        V28QG2-C32N-C32H   0.601 119.820   7.653         1000000
          D36H-T33N-T33H   7.966 115.255   8.993         1000000
        T33QG2-T33N-T33H   1.283 115.255   8.993         1000000
          S65H-V34N-V34H   7.750 123.273   8.553         1000000
          D36H-V34N-V34H   7.965 123.291   8.550         1000000
         T66HA-V34N-V34H   5.032 123.299   8.552         1000000
         E63HA-V34N-V34H   3.757 123.291   8.552         1000000
        Q52HB2-K53N-K53H   1.780 123.318   8.552         1000000
                   ?-?-?   1.279 123.291   8.552         1000000
         T33HA-K35N-K35H   4.855 119.820   8.314         1000000
                   ?-?-?   4.554 119.770   8.315         1000000
         P30HA-K68N-K68H   4.281 120.001   8.311         1000000
        Q69HB3-K68N-K68H   2.290 120.013   8.309         1000000
        E63HG2-K35N-K35H   2.140 119.776   8.314         1000000
                   ?-?-?   1.300 119.794   8.313         1000000
        L67QD1-K68N-K68H   0.485 120.052   8.310         1000000
         T33HA-L37N-L37H   4.849 123.800   8.147         1000000
         K35HA-L37N-L37H   3.755 123.808   8.146         1000000
         V34HA-L37N-L37H   3.379 123.815   8.147         1000000
        L37QD2-L37N-L37H   0.744 123.808   8.147         1000000
        L37QD1-L37N-L37H   0.664 123.841   8.144         1000000
          S39H-K38N-K38H   7.936 117.771   8.312         1000000
         V34HA-K38N-K38H   3.379 117.779   8.314         1000000
                   ?-?-?   2.700 117.770   8.311         1000000
        K38HG3-K38N-K38H   1.660 117.772   8.313         1000000
                   ?-?-?   1.351 117.774   8.313         1000000
                   ?-?-?   0.755 117.774   8.312         1000000
         K38HA-L41N-L41H   4.516 116.630   8.010         1000000
        Q40HG2-L41N-L41H   2.541 116.615   8.010         1000000
        Q42HB3-L41N-L41H   1.903 116.647   8.010         1000000
         L41HG-L41N-L41H   1.680 116.641   8.010         1000000
                   ?-?-?   0.758 116.635   8.010         1000000
          I44H-Q42N-Q42H   6.603 125.132   7.901         1000000
       Q52HE21-Q42N-Q42H   6.206 125.120   7.900         1000000
        P43HD3-Q42N-Q42H   3.914 125.120   7.900         1000000
        P43HD2-Q42N-Q42H   3.648 125.122   7.900         1000000
                   ?-?-?   1.675 125.084   7.899         1000000
                   ?-?-?   0.746 125.176   7.900         1000000
        P43HG3-I44N-I44H   2.002 114.741   6.562         1000000
       I44HG12-I44N-I44H   1.147 114.740   6.561         1000000
                   ?-?-?   0.945 114.738   6.561         1000000
        L41QD1-I44N-I44H   0.706 114.749   6.561         1000000
                   ?-?-?   4.382 107.289   7.822         1000000
                   ?-?-?   0.972 107.286   7.823         1000000
                   ?-?-?   2.215 117.596   8.654         1000000
                   ?-?-?   3.639 120.027   7.510         1000000
        Q42HG2-V47N-V47H   2.218 119.851   7.514         1000000
        Q52HG3-Q52N-Q52H   2.360 119.732   7.470         1000000
        V47QG2-V47N-V47H   0.917 119.851   7.509         1000000
        V47QG2-V47N-V47H   0.917 119.740   7.472         1000000
          G51H-L48N-L48H   8.198 128.427   8.644         1000000
         L48HG-L48N-L48H   1.793 128.422   8.644         1000000
        V47QG2-L48N-L48H   0.916 128.426   8.644         1000000
        P49HD2-R50N-R50H   3.760 114.935   8.331         1000000
                   ?-?-?   3.188 114.911   8.330         1000000
                   ?-?-?   1.614 114.921   8.332         1000000
                   ?-?-?   0.917 114.917   8.334         1000000
         P49HA-G51N-G51H   3.922 107.948   8.200         1000000
        P49HD2-G51N-G51H   3.751 107.986   8.192         1000000
        Q52HG3-G51N-G51H   2.367 107.964   8.199         1000000
                   ?-?-?   1.612 107.922   8.198         1000000
        V47QG2-G51N-G51H   0.917 107.928   8.198         1000000
          M81H-K53N-K53H   9.250 123.742   8.576         1000000
         L80HA-K53N-K53H   5.236 123.743   8.578         1000000
                   ?-?-?   5.048 123.734   8.577         1000000
         I55HA-V60N-V60H   4.873 123.803   8.582         1000000
                   ?-?-?   1.456 123.758   8.579         1000000
                   ?-?-?   1.249 123.745   8.577         1000000
                   ?-?-?   0.691 123.734   8.576         1000000
        K38HB3-D36N-D36H   2.111 121.010   7.967         1000000
          M79H-I55N-I55H   8.998 123.532   9.339         1000000
       I55HG13-I55N-I55H   1.438 123.532   9.338         1000000
        L54HB2-I55N-I55H   1.175 123.532   9.338         1000000
       I55HG12-I55N-I55H   1.079 123.538   9.338         1000000
                   ?-?-?   0.753 123.534   9.338         1000000
         V17HA-L78N-L78H   4.596 123.685   9.013         1000000
         T16HB-L78N-L78H   3.867 123.636   9.013         1000000
        K77HG2-L78N-L78H   1.358 123.710   9.014         1000000
         V60HA-F56N-F56H   4.199 127.395   9.242         1000000
                   ?-?-?   1.423 127.398   9.242         1000000
                   ?-?-?   1.002 127.401   9.243         1000000
        I55QG2-F56N-F56H   0.749 127.391   9.241         1000000
          M79H-F56N-F56H   8.945 127.379   9.249         1000000
          L61H-F56N-F56H   8.839 127.386   9.245         1000000
          G58H-F56N-F56H   8.293 127.388   9.247         1000000
          K59H-F56N-F56H   7.906 127.399   9.241         1000000
                   ?-?-?   7.409 127.407   9.240         1000000
          K59H-K57N-K57H   7.911 128.557   9.307         1000000
        F56HD1-K57N-K57H   7.409 128.566   9.306         1000000
        I55QG2-K57N-K57H   0.732 128.605   9.306         1000000
        K57HG3-K57N-K57H   0.144 128.567   9.306         1000000
         F56HA-G58N-G58H   5.216 102.750   8.292         1000000
         I55HA-G58N-G58H   4.853 102.769   8.292         1000000
        G58HA2-G58N-G58H   3.483 102.768   8.291         1000000
        I55QG2-G58N-G58H   0.751 102.777   8.291         1000000
        K57HD3-G58N-G58H   1.418 102.918   8.280         1000000
         K53HA-K53N-K53H   4.476 123.739   8.576         1000000
          F56H-L61N-L61H   9.239 129.137   8.873         1000000
                   ?-?-?   0.794 124.225   8.760         1000000
                   ?-?-?   0.708 124.240   8.759         1000000
        E63HG3-E63N-E63H   2.425 125.304   8.799         1000000
        E63HG3-T64N-T64H   2.415 102.807   7.093         1000000
         V62HA-T64N-T64H   3.983 102.827   7.093         1000000
         S65HA-T64N-T64H   4.685 102.805   7.089         1000000
        T64QG2-T64N-T64H   1.289 102.814   7.093         1000000
        V62QG1-T64N-T64H   1.068 102.806   7.093         1000000
         V62HB-S65N-S65H   2.102 117.963   7.747         1000000
        T64QG2-S65N-S65H   1.286 117.947   7.744         1000000
        V62QG1-S65N-S65H   1.069 117.949   7.746         1000000
        V34QG1-S65N-S65H   0.797 117.955   7.746         1000000
        T66HG1-T66N-T66H   6.084 111.479   8.507         1000000
        Q69HG2-T66N-T66H   2.427 111.486   8.506         1000000
        Q69HB3-T66N-T66H   2.325 111.482   8.507         1000000
        Q69HB2-T66N-T66H   2.104 111.477   8.508         1000000
        T66QG2-T66N-T66H   1.232 111.484   8.507         1000000
         T33HA-L67N-L67H   4.857 122.288   8.446         1000000
         D31HA-L67N-L67H   4.750 122.296   8.448         1000000
         P30HA-L67N-L67H   4.285 122.321   8.445         1000000
        L67QD2-L67N-L67H   0.746 122.295   8.447         1000000
        L67QD1-L67N-L67H   0.490 122.300   8.447         1000000
        T66HG1-K68N-K68H   6.088 120.052   8.310         1000000
         T66HA-K68N-K68H   5.028 119.980   8.310         1000000
         T66HB-Q69N-Q69H   4.522 119.584   8.019         1000000
        T66HG1-Q69N-Q69H   6.087 119.571   8.019         1000000
        K68HG2-Q69N-Q69H   1.392 119.577   8.020         1000000
        T66QG2-Q69N-Q69H   1.236 119.571   8.016         1000000
         D71HA-S70N-S70H   4.284 113.990   7.541         1000000
                   ?-?-?   1.735 113.954   7.538         1000000
         V72HB-S70N-S70H   1.636 114.011   7.541         1000000
                   ?-?-?   1.361 114.006   7.534         1000000
        V72QG2-S70N-S70H  -0.088 114.000   7.542         1000000
         V72HB-D71N-D71H   1.630 116.029   7.878         1000000
                   ?-?-?   1.389 116.084   7.877         1000000
        V72QG2-D71N-D71H  -0.093 116.024   7.882         1000000
         K68HA-V72N-V72H   4.086 119.414   7.720         1000000
        S70HB3-V72N-V72H   3.806 119.369   7.718         1000000
        F56HE2-G73N-G73H   7.477 114.406   7.720         1000000
         A76QB-G73N-G73H   1.513 114.414   7.720         1000000
        I13QD1-G73N-G73H   0.624 114.436   7.721         1000000
          K14H-S74N-S74H   8.079 111.849   8.552         1000000
                   ?-?-?   7.985 111.799   8.549         1000000
         T33HA-T66N-T66H   4.850 111.857   8.551         1000000
         I13HB-S74N-S74H   1.591 111.888   8.551         1000000
        I13QG2-S74N-S74H   0.863 111.861   8.551         1000000
        I13QD1-S74N-S74H   0.623 111.856   8.551         1000000
          K14H-G75N-G75H   8.077 115.948   9.709         1000000
         L15HA-G75N-G75H   5.016 115.931   9.709         1000000
        K14HB2-G75N-G75H   1.890 115.962   9.708         1000000
         I13HB-G75N-G75H   1.612 115.956   9.710         1000000
        I13QG2-G75N-G75H   0.861 115.944   9.708         1000000
                   ?-?-?   0.595 115.961   9.709         1000000
                   ?-?-?   1.537 115.986   9.716         1000000
         L15HA-A76N-A76H   5.016 123.789   7.938         1000000
                   ?-?-?   0.585 123.786   7.939         1000000
        V72QG1-A76N-A76H   0.317 123.779   7.938         1000000
                   ?-?-?   1.350 120.621   8.432         1000000
        L78QD2-K77N-K77H   0.693 120.604   8.433         1000000
        F56HE1-K77N-K77H   7.511 120.613   8.432         1000000
        L78QD2-M79N-M79H   0.732 121.009   8.997         1000000
          I55H-M79N-M79H   9.338 121.012   8.997         1000000
          I55H-L54N-L54H   9.370 126.287   8.897         1000000
          G20H-A82N-A82H   9.242 126.298   8.896         1000000
        F19HD2-F19N-F19H   7.323 126.300   8.895         1000000
         F19HA-F19N-F19H   5.371 126.318   8.896         1000000
         K53HA-L54N-L54H   4.479 126.251   8.908         1000000
        F19HB3-F19N-F19H   2.934 126.328   8.901         1000000
                   ?-?-?   2.554 126.309   8.897         1000000
        K18HB2-F19N-F19H   1.884 126.311   8.897         1000000
                   ?-?-?   1.676 126.253   8.907         1000000
                   ?-?-?   1.196 126.261   8.906         1000000
        V60QG1-L54N-L54H   1.012 126.305   8.901         1000000
                   ?-?-?   0.742 126.299   8.901         1000000
                   ?-?-?   0.233 126.354   8.896         1000000
        L37HB2-L41N-L41H   1.464 116.630   8.007         1000000
        K38HB3-S39N-S39H   2.122 114.909   7.937         1000000
        K38HG3-S39N-S39H   1.635 114.912   7.937         1000000
        K38HB2-S39N-S39H   1.345 114.906   7.937         1000000
         D36HA-S39N-S39H   4.415 114.898   7.937         1000000
        S39HB2-S39N-S39H   4.088 114.914   7.937         1000000
         S39HA-S39N-S39H   4.213 115.056   7.930         1000000
                   ?-?-?   4.020 115.056   7.933         1000000
          K38H-S39N-S39H   8.312 114.903   7.937         1000000
         K38HA-S39N-S39H   4.484 115.056   7.936         1000000
                   ?-?-?   0.749 114.950   7.938         1000000
        F19HB2-F19N-F19H   2.887 126.659   8.927         1000000
        L26HB2-L26N-L26H   1.318 122.986   8.720         1000000
        S27HB3-S27N-S27H   3.642 118.151   8.404         1000000
         L54HA-I55N-I55H   5.280 123.536   9.338         1000000
          I55H-I55N-I55H   9.337 123.536   9.338         1000000
         I55HA-I55N-I55H   4.885 123.531   9.337         1000000
         I55HB-I55N-I55H   1.777 123.537   9.338         1000000
                   ?-?-?   3.857 117.966   7.749         1000000
                   ?-?-?   2.406 122.746   8.629         1000000
                   ?-?-?   1.413 120.703   7.965         1000000
        T33QG2-D36N-D36H   1.292 120.683   7.962         1000000
         T33HA-D36N-D36H   4.851 120.688   7.966         1000000
         L37HA-Q40N-Q40H   3.978 121.726   7.887         1000000
                   ?-?-?   1.743 120.633   8.432         1000000
         T33HB-D36N-D36H   4.531 120.808   7.962         1000000
       Q52HE21-L41N-L41H   6.204 116.662   8.011         1000000
        M79HB3-I55N-I55H   2.112 123.530   9.337         1000000
  Q40HE22-Q40NE2-Q40HE21   7.203 109.477   6.447         1000000
  Q40HE21-Q40NE2-Q40HE22   6.444 109.478   7.203         1000000
  Q42HE21-Q42NE2-Q42HE22   7.490 110.945   6.868         1000000
  Q42HE22-Q42NE2-Q42HE21   6.871 110.948   7.493         1000000
    N46HA-Q42NE2-Q42HE21   4.396 110.912   7.494         1000000
                   ?-?-?   4.205 110.931   7.493         1000000
    S65HA-Q69NE2-Q69HE21   4.676 111.001   6.909         1000000
    L48HA-Q42NE2-Q42HE22   4.223 110.978   6.869         1000000
   Q69HG3-Q69NE2-Q69HE21   2.531 111.130   6.905         1000000
                   ?-?-?   2.386 110.968   6.868         1000000
   Q42HG2-Q42NE2-Q42HE22   2.212 110.928   6.867         1000000
   Q69HG3-Q69NE2-Q69HE22   2.535 111.135   7.551         1000000
                   ?-?-?   2.384 110.941   7.493         1000000
   Q42HG2-Q42NE2-Q42HE21   2.209 110.945   7.493         1000000
   L48QD1-Q42NE2-Q42HE21   0.909 110.945   7.493         1000000
   L48QD1-Q42NE2-Q42HE22   0.908 110.951   6.868         1000000
   T66QG2-Q69NE2-Q69HE22   1.230 111.117   7.552         1000000
   T66QG2-Q69NE2-Q69HE21   1.232 111.124   6.908         1000000
   Q42HB3-Q42NE2-Q42HE21   1.880 110.982   7.494         1000000
    L48HG-Q42NE2-Q42HE21   1.795 110.911   7.494         1000000
   Q69HG2-Q69NE2-Q69HE22   2.455 111.161   7.553         1000000
                   ?-?-?   2.443 111.161   6.908         1000000
   N46HB3-N46ND2-N46HD21   3.162 112.596   7.563         1000000
   N46HB3-N46ND2-N46HD22   3.161 112.599   6.840         1000000
   N46HB2-N46ND2-N46HD22   2.900 112.584   6.840         1000000
  Q84HE22-Q84NE2-Q84HE21   7.646 112.857   6.901         1000000
  Q84HE21-Q84NE2-Q84HE22   6.905 112.857   7.651         1000000
                   ?-?-?   1.578 121.650   8.953         1000000
                   ?-?-?   3.580 119.629   9.275         1000000
        G58HA2-K59N-K59H   3.482 121.846   7.900         1000000
        Q52HB2-K53N-K53H   1.782 123.759   8.586         1000000
                   ?-?-?   1.742 120.066   8.313         1000000
                   ?-?-?   3.828 117.987   8.719         1000000
                   ?-?-?   3.761 116.556   8.145         1000000
        L80QD1-M81N-M81H   0.224 125.705   9.249         1000000
        M81HB3-M81N-M81H   1.942 125.708   9.249         1000000
                   ?-?-?   1.720 125.698   9.249         1000000
                   ?-?-?   1.461 125.721   9.248         1000000
        T66QG2-L67N-L67H   1.239 122.318   8.448         1000000
         V72HB-G73N-G73H   1.606 114.370   7.717         1000000
                   ?-?-?   0.782 109.479   6.447         1000000
   L37QD2-Q40NE2-Q40HE22   0.763 109.467   7.204         1000000
   L37QD1-Q40NE2-Q40HE21   0.634 109.522   6.448         1000000
   Q40HG2-Q40NE2-Q40HE22   2.543 109.476   7.203         1000000
   Q40HG3-Q40NE2-Q40HE22   2.321 109.466   7.204         1000000
                   ?-?-?   2.174 109.470   7.205         1000000
   Q40HG2-Q40NE2-Q40HE21   2.542 109.475   6.448         1000000
   Q40HG3-Q40NE2-Q40HE21   2.320 109.478   6.447         1000000
                   ?-?-?   2.184 109.497   6.448         1000000
   D36HB2-Q40NE2-Q40HE21   3.047 109.580   6.439         1000000
   D36HB2-Q40NE2-Q40HE22   3.044 109.560   7.197         1000000
    L37HA-Q40NE2-Q40HE22   3.982 109.501   7.204         1000000
    L37HA-Q40NE2-Q40HE21   3.977 109.500   6.453         1000000
    V28HA-Q40NE2-Q40HE21   4.791 109.498   6.447         1000000
        M81HG2-M81N-M81H   2.615 125.672   9.254         1000000
        L80QD1-K53N-K53H   0.228 123.736   8.572         1000000
        V34QG2-S65N-S65H   0.712 117.964   7.748         1000000
        V34QG1-T66N-T66H   0.797 111.543   8.507         1000000
    N46HA-N46ND2-N46HD21   4.410 112.750   7.556         1000000
          I13H-T12N-T12H   9.198 112.711   7.921         1000000
          S11H-T12N-T12H   8.453 112.758   7.919         1000000
          S39H-S39N-S39H   7.938 114.913   7.937         1000000
                   ?-?-?   7.945 101.587   6.630         1000000
     Q42H-Q52NE2-Q52HE22   7.904 101.303   6.614         1000000
     Q42H-Q52NE2-Q52HE21   7.908 101.294   6.198         1000000
  Q52HE21-Q52NE2-Q52HE22   6.206 101.304   6.615         1000000
  Q52HE22-Q52NE2-Q52HE21   6.611 101.303   6.197         1000000
     V47H-Q52NE2-Q52HE21   7.487 101.326   6.195         1000000
                   ?-?-?   7.496 101.320   6.612         1000000
    K38HA-Q52NE2-Q52HE21   4.513 101.311   6.198         1000000
    K38HA-Q52NE2-Q52HE22   4.513 101.287   6.613         1000000
                   ?-?-?   4.185 101.309   6.615         1000000
    Q42HA-Q52NE2-Q52HE21   4.182 101.308   6.197         1000000
    P49HA-Q52NE2-Q52HE21   3.925 101.306   6.198         1000000
    P49HA-Q52NE2-Q52HE22   3.925 101.284   6.615         1000000
   P49HD3-Q52NE2-Q52HE22   3.703 101.296   6.614         1000000
   P49HD3-Q52NE2-Q52HE21   3.704 101.283   6.195         1000000
                   ?-?-?   2.368 101.295   6.615         1000000
                   ?-?-?   2.233 101.287   6.615         1000000
                   ?-?-?   2.370 101.305   6.198         1000000
   L41HB2-Q52NE2-Q52HE21   2.232 101.295   6.198         1000000
                   ?-?-?   1.893 101.295   6.198         1000000
   Q52HB3-Q52NE2-Q52HE22   1.888 101.289   6.615         1000000
                   ?-?-?   1.570 101.312   6.615         1000000
   Q52HG2-Q52NE2-Q52HE21   1.561 101.319   6.198         1000000
                   ?-?-?   1.335 101.281   6.197         1000000
                   ?-?-?   1.333 101.265   6.611         1000000
                   ?-?-?   6.872 110.946   6.869         1000000
       N46HD22-N46N-N46H   6.860 117.670   8.651         1000000
       N46HD22-N46N-N46H   6.797 117.382   8.705         1000000
  N46HD21-N46ND2-N46HD22   7.569 112.601   6.841         1000000
  N46HD22-N46ND2-N46HD21   6.839 112.599   7.562         1000000
   N46HB2-N46ND2-N46HD21   2.902 112.597   7.562         1000000
         S23HA-F19N-F19H   4.876 126.271   8.897         1000000
         S11HA-T12N-T12H   4.516 112.783   7.923         1000000
          T12H-T12N-T12H   7.923 112.783   7.923         1000000
          T12H-I13N-I13H   7.923 117.602   9.201         1000000
         T12HA-T12N-T12H   4.581 112.783   7.923         1000000
                   ?-?-?   4.581 117.602   9.201         1000000
         T12HB-T12N-T12H   3.945 112.783   7.923         1000000
         T12HB-I13N-I13H   3.957 117.581   9.196         1000000
        T12QG2-T12N-T12H   1.007 112.760   7.920         1000000
        T12QG2-I13N-I13H   1.005 117.584   9.197         1000000
          I13H-I13N-I13H   9.201 117.602   9.201         1000000
          I13H-K14N-K14H   9.201 122.699   8.077         1000000
          I13H-V28N-V28H   9.201 118.060   8.739         1000000
                   ?-?-?   4.532 117.602   9.201         1000000
         I13HA-K14N-K14H   4.532 122.699   8.077         1000000
         I13HB-I13N-I13H   1.595 117.602   9.201         1000000
                   ?-?-?   0.608 117.585   9.196         1000000
          K14H-I13N-I13H   8.079 117.606   9.195         1000000
          K14H-K14N-K14H   8.077 122.699   8.077         1000000
          K14H-L15N-L15H   8.077 121.650   8.953         1000000
         K14HA-K14N-K14H   5.100 122.699   8.077         1000000
         K14HA-L15N-L15H   5.100 121.650   8.953         1000000
        K14HB2-K14N-K14H   1.886 122.699   8.077         1000000
        K14HB2-L15N-L15H   1.891 121.602   8.951         1000000
        K14HB3-K14N-K14H   1.668 122.699   8.077         1000000
          L15H-K14N-K14H   8.954 122.667   8.074         1000000
          L15H-L15N-L15H   8.953 121.650   8.953         1000000
          L15H-T16N-T16H   8.953 114.701   8.412         1000000
          L15H-L26N-L26H   8.956 122.995   8.716         1000000
         L15HA-L15N-L15H   5.025 121.650   8.953         1000000
                   ?-?-?   5.025 114.701   8.412         1000000
                   ?-?-?   1.580 121.650   8.953         1000000
        L15HB2-T16N-T16H   1.615 114.656   8.408         1000000
          T16H-L15N-L15H   8.413 121.650   8.951         1000000
          T16H-T16N-T16H   8.412 114.701   8.412         1000000
          T16H-V17N-V17H   8.412 125.565   9.083         1000000
                   ?-?-?   5.058 114.701   8.412         1000000
         T16HA-V17N-V17H   5.058 125.565   9.083         1000000
         T16HB-T16N-T16H   3.860 114.701   8.412         1000000
         T16HB-V17N-V17H   3.865 125.518   9.079         1000000
                   ?-?-?   9.057 114.701   8.409         1000000
          V17H-V17N-V17H   9.083 125.565   9.083         1000000
          V17H-K18N-K18H   9.083 129.200   9.183         1000000
          V17H-I24N-I24H   9.073 129.181   9.444         1000000
         V17HA-V17N-V17H   4.600 125.565   9.083         1000000
         V17HA-K18N-K18H   4.600 129.200   9.183         1000000
         V17HB-V17N-V17H   1.953 125.565   9.083         1000000
        V17QG1-V17N-V17H   0.820 125.565   9.081         1000000
        V17QG2-V17N-V17H   0.734 125.565   9.083         1000000
        V17QG2-K18N-K18H   0.747 129.192   9.178         1000000
          K18H-K18N-K18H   9.183 129.200   9.183         1000000
                   ?-?-?   9.183 126.659   8.927         1000000
         K18HA-K18N-K18H   5.156 129.200   9.183         1000000
         K18HA-F19N-F19H   5.156 126.659   8.927         1000000
         K18HA-I24N-I24H   5.166 129.187   9.445         1000000
        K18HB2-K18N-K18H   1.883 129.200   9.183         1000000
        K18HB3-K18N-K18H   2.040 129.200   9.183         1000000
                   ?-?-?   2.002 126.652   8.932         1000000
          L80H-K18N-K18H   8.907 129.187   9.178         1000000
                   ?-?-?   8.927 126.659   8.927         1000000
                   ?-?-?   8.927 119.629   9.275         1000000
          F19H-K22N-K22H   8.935 121.688   7.978         1000000
         F19HA-F19N-F19H   5.377 126.659   8.927         1000000
         F19HA-G20N-G20H   5.377 119.629   9.275         1000000
        F19HB2-F19N-F19H   2.888 126.659   8.927         1000000
        F19HB3-G20N-G20H   2.923 119.641   9.276         1000000
          G20H-G20N-G20H   9.275 119.629   9.275         1000000
          G20H-G21N-G21H   9.275 111.500   8.819         1000000
                   ?-?-?   3.578 119.629   9.275         1000000
                   ?-?-?   3.583 111.488   8.818         1000000
          G21H-G21N-G21H   8.819 111.500   8.819         1000000
          G21H-K22N-K22H   8.849 121.698   7.977         1000000
                   ?-?-?   3.934 111.490   8.818         1000000
          K22H-S23N-S23H   7.974 118.950   8.723         1000000
          K22H-G21N-G21H   7.974 111.495   8.817         1000000
         K22HA-S23N-S23H   4.618 119.010   8.725         1000000
                   ?-?-?   1.968 119.016   8.725         1000000
          S23H-S23N-S23H   8.722 119.004   8.722         1000000
          S23H-I24N-I24H   8.722 129.205   9.444         1000000
         S23HA-S23N-S23H   4.841 119.004   8.722         1000000
         S23HA-I24N-I24H   4.841 129.205   9.444         1000000
        S23HB2-S23N-S23H   3.684 119.004   8.722         1000000
        S23HB2-I24N-I24H   3.660 129.195   9.444         1000000
          I24H-V17N-V17H   9.447 125.506   9.080         1000000
          I24H-S23N-S23H   9.449 118.987   8.725         1000000
          I24H-I24N-I24H   9.444 129.205   9.444         1000000
         I24HA-I24N-I24H   4.502 129.205   9.444         1000000
         I24HB-I24N-I24H   2.022 129.205   9.444         1000000
         P25HA-L26N-L26H   5.179 122.986   8.720         1000000
        P25HB2-L26N-L26H   2.182 122.991   8.717         1000000
        P25HB3-L26N-L26H   1.961 123.001   8.716         1000000
          L26H-L15N-L15H   8.722 121.607   8.951         1000000
          L26H-L26N-L26H   8.720 122.986   8.720         1000000
                   ?-?-?   8.720 118.151   8.404         1000000
         L26HA-L26N-L26H   4.731 122.986   8.720         1000000
         L26HA-S27N-S27H   4.731 118.151   8.404         1000000
        L26HB2-L26N-L26H   1.319 122.986   8.720         1000000
                   ?-?-?   1.322 118.159   8.403         1000000
          S27H-L26N-L26H   8.397 122.995   8.718         1000000
          S27H-S27N-S27H   8.404 118.151   8.404         1000000
          S27H-V28N-V28H   8.404 118.097   8.743         1000000
         S27HA-L15N-L15H   5.508 121.606   8.952         1000000
         S27HA-S27N-S27H   5.504 118.151   8.404         1000000
         S27HA-V28N-V28H   5.504 118.097   8.743         1000000
        S27HB3-S27N-S27H   3.641 118.151   8.404         1000000
        S27HB2-V28N-V28H   3.644 118.057   8.739         1000000
          V28H-I13N-I13H   8.737 117.577   9.196         1000000
         V28HA-V28N-V28H   4.792 118.097   8.743         1000000
         V28HA-S29N-S29H   4.792 116.965   8.694         1000000
         V28HB-V28N-V28H   2.192 118.097   8.743         1000000
         V28HB-S29N-S29H   2.196 116.933   8.693         1000000
        V28QG1-V28N-V28H   0.798 118.072   8.740         1000000
        V28QG1-S29N-S29H   0.792 116.938   8.694         1000000
                   ?-?-?   0.602 118.097   8.743         1000000
        V28QG2-S29N-S29H   0.599 116.936   8.694         1000000
          S29H-S29N-S29H   8.694 116.965   8.694         1000000
         S29HA-S29N-S29H   4.960 116.965   8.694         1000000
        S29HB2-S29N-S29H   4.113 116.965   8.694         1000000
         P30HA-D31N-D31H   4.277 114.503   7.818         1000000
          D31H-D31N-D31H   7.818 114.503   7.818         1000000
          D31H-C32N-C32H   7.818 119.852   7.657         1000000
         D31HA-D31N-D31H   4.725 114.503   7.818         1000000
         D31HA-C32N-C32H   4.725 119.852   7.657         1000000
        D31HB2-D31N-D31H   2.861 114.503   7.818         1000000
        D31HB3-D31N-D31H   2.433 114.503   7.818         1000000
        D31HB3-C32N-C32H   2.438 119.820   7.653         1000000
          C32H-D31N-D31H   7.649 114.486   7.816         1000000
          C32H-C32N-C32H   7.657 119.852   7.657         1000000
          C32H-T33N-T33H   7.657 115.278   8.992         1000000
         C32HA-C32N-C32H   4.475 119.852   7.657         1000000
         C32HA-T33N-T33H   4.475 115.278   8.992         1000000
        C32HB2-S29N-S29H   2.969 116.916   8.692         1000000
        C32HB2-C32N-C32H   2.955 119.852   7.657         1000000
        C32HB3-S29N-S29H   3.129 116.922   8.693         1000000
        C32HB3-C32N-C32H   3.114 119.852   7.657         1000000
          T33H-C32N-C32H   8.996 119.833   7.653         1000000
          T33H-T33N-T33H   8.992 115.278   8.992         1000000
          T33H-V34N-V34H   8.992 123.274   8.558         1000000
         T33HA-T33N-T33H   4.861 115.278   8.992         1000000
         T33HA-V34N-V34H   4.861 123.274   8.558         1000000
         T33HB-T33N-T33H   4.554 115.278   8.992         1000000
         T33HB-V34N-V34H   4.557 123.296   8.552         1000000
          V34H-T33N-T33H   8.565 115.260   8.994         1000000
                   ?-?-?   8.558 123.274   8.558         1000000
          V34H-K35N-K35H   8.558 119.813   8.316         1000000
         V34HA-V34N-V34H   3.384 123.274   8.558         1000000
         V34HA-K35N-K35H   3.384 119.813   8.316         1000000
         V34HB-V34N-V34H   2.401 123.274   8.558         1000000
         V34HB-K35N-K35H   2.398 119.762   8.315         1000000
        V34QG1-V34N-V34H   0.802 123.299   8.552         1000000
                   ?-?-?   0.716 123.274   8.558         1000000
                   ?-?-?   0.727 119.802   8.314         1000000
          K35H-V34N-V34H   8.310 123.294   8.552         1000000
                   ?-?-?   8.316 119.813   8.316         1000000
          K35H-D36N-D36H   8.316 120.728   7.959         1000000
         K35HA-K35N-K35H   3.758 119.813   8.316         1000000
         K35HA-D36N-D36H   3.758 120.728   7.959         1000000
                   ?-?-?   1.775 119.813   8.316         1000000
        K35HB3-D36N-D36H   1.786 120.697   7.964         1000000
                   ?-?-?   7.972 119.790   8.316         1000000
          D36H-L37N-L37H   7.959 123.841   8.147         1000000
         D36HA-D36N-D36H   4.403 120.728   7.959         1000000
         D36HA-L37N-L37H   4.403 123.841   8.147         1000000
        D36HB2-T33N-T33H   3.054 115.252   8.993         1000000
        D36HB2-D36N-D36H   3.047 120.728   7.959         1000000
        D36HB2-L37N-L37H   3.047 123.809   8.147         1000000
        D36HB3-T33N-T33H   2.717 115.253   8.992         1000000
        D36HB3-D36N-D36H   2.716 120.728   7.959         1000000
        D36HB3-L37N-L37H   2.717 123.799   8.147         1000000
          L37H-D36N-D36H   8.148 120.710   7.964         1000000
          L37H-K38N-K38H   8.147 117.736   8.308         1000000
         L37HA-L37N-L37H   3.976 123.841   8.147         1000000
         L37HA-K38N-K38H   3.976 117.736   8.308         1000000
        L37HB2-L37N-L37H   1.427 123.841   8.147         1000000
        L37HB2-K38N-K38H   1.441 117.769   8.313         1000000
        L37HB3-L37N-L37H   1.945 123.841   8.147         1000000
        L37HB3-K38N-K38H   1.953 117.736   8.308         1000000
          K38H-L37N-L37H   8.311 123.810   8.147         1000000
          K38H-K38N-K38H   8.308 117.736   8.308         1000000
         K38HA-K38N-K38H   4.505 117.736   8.308         1000000
                   ?-?-?   4.511 117.870   8.448         1000000
        K38HB3-K38N-K38H   2.097 117.736   8.308         1000000
          S11H-S11N-S11H   8.455 117.896   8.449         1000000
        S11HB2-S11N-S11H   3.882 117.879   8.450         1000000
          T12H-S11N-S11H   7.913 117.897   8.450         1000000
                   ?-?-?   7.907 116.777   8.009         1000000
                   ?-?-?   4.126 121.609   7.886         1000000
                   ?-?-?   4.125 116.657   8.010         1000000
        Q40HB2-Q40N-Q40H   2.176 121.597   7.886         1000000
          L41H-L41N-L41H   8.010 116.657   8.010         1000000
          L41H-Q42N-Q42H   8.010 125.104   7.903         1000000
                   ?-?-?   4.128 116.657   8.010         1000000
         L41HA-Q42N-Q42H   4.128 125.104   7.903         1000000
                   ?-?-?   4.148 114.744   6.562         1000000
        L41HB2-Q42N-Q42H   2.222 125.119   7.900         1000000
                   ?-?-?   2.243 116.657   8.010         1000000
        L41HB3-L41N-L41H   1.047 116.657   8.010         1000000
        L41HB3-Q42N-Q42H   1.039 125.115   7.899         1000000
                   ?-?-?   4.156 125.104   7.903         1000000
                   ?-?-?   2.419 125.104   7.903         1000000
        Q42HB3-Q42N-Q42H   1.896 125.104   7.903         1000000
         P43HA-I44N-I44H   4.410 114.765   6.568         1000000
        P43HB2-I44N-I44H   1.915 114.735   6.561         1000000
        P43HB3-I44N-I44H   2.292 114.726   6.562         1000000
          I44H-I44N-I44H   6.568 114.765   6.568         1000000
          I44H-T45N-T45H   6.568 107.323   7.826         1000000
          I44H-N46N-N46H   6.558 117.591   8.655         1000000
                   ?-?-?   3.959 114.765   6.568         1000000
         I44HA-T45N-T45H   3.959 107.323   7.826         1000000
                   ?-?-?   1.736 114.765   6.568         1000000
         I44HB-T45N-T45H   1.729 107.293   7.822         1000000
          T45H-I44N-I44H   7.822 114.743   6.561         1000000
          T45H-T45N-T45H   7.826 107.323   7.826         1000000
          T45H-N46N-N46H   7.826 117.586   8.660         1000000
          T45H-V47N-V47H   7.831 119.900   7.505         1000000
         T45HA-T45N-T45H   4.202 107.323   7.826         1000000
         T45HA-N46N-N46H   4.202 117.586   8.660         1000000
                   ?-?-?   3.617 107.323   7.826         1000000
         T45HB-N46N-N46H   3.631 117.562   8.655         1000000
          N46H-I44N-I44H   8.662 114.736   6.561         1000000
          N46H-T45N-T45H   8.662 107.295   7.823         1000000
          N46H-N46N-N46H   8.660 117.586   8.660         1000000
          N46H-V47N-V47H   8.660 119.901   7.517         1000000
         N46HA-N46N-N46H   4.372 117.586   8.660         1000000
                   ?-?-?   4.372 119.901   7.517         1000000
        N46HB2-N46N-N46H   2.900 117.586   8.660         1000000
        N46HB2-V47N-V47H   2.941 119.864   7.510         1000000
        N46HB3-N46N-N46H   3.164 117.586   8.660         1000000
        N46HB3-V47N-V47H   3.158 119.874   7.512         1000000
          V47H-T45N-T45H   7.513 107.291   7.824         1000000
          V47H-N46N-N46H   7.518 117.595   8.655         1000000
                   ?-?-?   7.517 119.901   7.517         1000000
          V47H-L48N-L48H   7.517 128.467   8.650         1000000
                   ?-?-?   4.134 119.901   7.517         1000000
         V47HA-L48N-L48H   4.134 128.467   8.650         1000000
         V47HB-V47N-V47H   1.609 119.901   7.517         1000000
        L48HB2-L48N-L48H   1.612 128.467   8.650         1000000
        V47QG1-V47N-V47H   0.702 119.871   7.510         1000000
        V47QG1-L48N-L48H   0.699 128.424   8.645         1000000
          L48H-L48N-L48H   8.650 128.467   8.650         1000000
         L48HA-L48N-L48H   4.194 128.467   8.650         1000000
         P49HA-R50N-R50H   3.923 114.954   8.331         1000000
        P49HB2-R50N-R50H   2.036 114.925   8.332         1000000
                   ?-?-?   2.216 114.922   8.332         1000000
          R50H-R50N-R50H   8.331 114.954   8.331         1000000
          R50H-G51N-G51H   8.331 107.942   8.199         1000000
         R50HA-R50N-R50H   4.239 114.954   8.331         1000000
         R50HA-G51N-G51H   4.239 107.942   8.199         1000000
        R50HB2-R50N-R50H   1.891 114.954   8.331         1000000
                   ?-?-?   1.876 107.934   8.197         1000000
        R50HB3-R50N-R50H   1.777 114.954   8.331         1000000
        R50HB3-G51N-G51H   1.793 107.910   8.198         1000000
          G51H-R50N-R50H   8.184 114.938   8.332         1000000
          G51H-G51N-G51H   8.199 107.942   8.199         1000000
          G51H-Q52N-Q52H   8.199 119.769   7.475         1000000
        G51HA2-G51N-G51H   3.605 107.942   8.199         1000000
                   ?-?-?   3.603 119.731   7.471         1000000
        G51HA3-G51N-G51H   4.335 107.942   8.199         1000000
                   ?-?-?   4.315 119.769   7.475         1000000
          Q52H-G51N-G51H   7.473 107.930   8.198         1000000
                   ?-?-?   7.475 119.769   7.475         1000000
          Q52H-K53N-K53H   7.475 123.759   8.586         1000000
         Q52HA-K53N-K53H   4.315 123.759   8.586         1000000
        Q52HB3-Q52N-Q52H   1.830 119.769   7.475         1000000
        Q52HB2-K53N-K53H   1.782 123.759   8.586         1000000
          K53H-Q52N-Q52H   8.587 119.739   7.470         1000000
                   ?-?-?   8.586 123.759   8.586         1000000
                   ?-?-?   3.764 123.759   8.586         1000000
        V34QG2-D36N-D36H   0.741 120.649   7.964         1000000
          F56H-F56N-F56H   9.257 127.423   9.241         1000000
         I55HA-F56N-F56H   4.876 127.423   9.241         1000000
                   ?-?-?   1.777 127.391   9.242         1000000
          F56H-F56N-F56H   9.241 127.423   9.241         1000000
          F56H-K57N-K57H   9.241 128.612   9.307         1000000
         F56HA-F56N-F56H   5.212 127.423   9.241         1000000
         F56HA-K57N-K57H   5.212 128.612   9.307         1000000
                   ?-?-?   2.919 127.423   9.241         1000000
                   ?-?-?   2.927 128.574   9.305         1000000
          K57H-K57N-K57H   9.307 128.612   9.307         1000000
          K57H-G58N-G58H   9.307 102.757   8.288         1000000
         K57HA-K57N-K57H   3.630 128.612   9.307         1000000
         K57HA-G58N-G58H   3.630 102.757   8.288         1000000
                   ?-?-?   1.292 128.612   9.307         1000000
        K57HB3-K57N-K57H   1.641 128.612   9.307         1000000
        K57HB3-G58N-G58H   1.641 102.793   8.291         1000000
          G58H-K57N-K57H   8.294 128.564   9.306         1000000
          G58H-G58N-G58H   8.288 102.757   8.288         1000000
                   ?-?-?   3.703 102.757   8.288         1000000
          K22H-F19N-F19H   7.972 126.650   8.932         1000000
          K59H-G58N-G58H   7.904 102.759   8.292         1000000
         K59HA-K59N-K59H   4.685 121.848   7.900         1000000
         K22HA-K22N-K22H   4.620 121.686   7.977         1000000
         K59HA-V60N-V60H   4.667 123.795   8.587         1000000
        K22HB2-K22N-K22H   1.971 121.688   7.974         1000000
         V60HB-V60N-V60H   1.979 123.795   8.587         1000000
          V60H-L61N-L61H   8.587 129.083   8.876         1000000
         V60HA-V60N-V60H   4.209 123.795   8.587         1000000
         V60HA-L61N-L61H   4.209 129.083   8.876         1000000
         V60HB-L61N-L61H   1.979 129.129   8.876         1000000
        V60QG2-V60N-V60H   0.982 123.779   8.582         1000000
        V60QG1-L61N-L61H   0.984 129.106   8.875         1000000
                   ?-?-?   8.904 123.755   8.580         1000000
          L61H-L61N-L61H   8.876 129.083   8.876         1000000
          L61H-V62N-V62H   8.876 124.193   8.759         1000000
         L61HA-L61N-L61H   4.430 129.083   8.876         1000000
         L61HA-V62N-V62H   4.430 124.193   8.759         1000000
        L61HB2-L61N-L61H   1.355 129.083   8.876         1000000
        L61HB2-V62N-V62H   1.354 124.224   8.759         1000000
        L61HB3-L61N-L61H   1.696 129.083   8.876         1000000
                   ?-?-?   1.713 124.226   8.760         1000000
          E63H-E63N-E63H   8.759 125.296   8.806         1000000
          V62H-V62N-V62H   8.759 124.193   8.759         1000000
         V62HA-V62N-V62H   3.994 124.193   8.759         1000000
         V62HA-E63N-E63H   3.994 125.296   8.806         1000000
         V62HB-V62N-V62H   2.091 124.193   8.759         1000000
        E63HB2-E63N-E63H   2.134 125.296   8.806         1000000
        V62QG2-V62N-V62H   1.071 124.226   8.759         1000000
        V62QG1-E63N-E63H   1.069 125.308   8.799         1000000
          E63H-E63N-E63H   8.806 125.296   8.806         1000000
          E63H-T64N-T64H   8.806 102.822   7.100         1000000
                   ?-?-?   8.794 117.962   7.748         1000000
         E63HA-E63N-E63H   3.754 125.296   8.806         1000000
         E63HA-T64N-T64H   3.754 102.822   7.100         1000000
                   ?-?-?   2.125 102.808   7.093         1000000
        E63HB3-E63N-E63H   2.018 125.296   8.806         1000000
        E63HB3-T64N-T64H   2.028 102.804   7.093         1000000
          T64H-E63N-E63H   7.092 125.313   8.799         1000000
          T64H-T64N-T64H   7.100 102.822   7.100         1000000
          T64H-S65N-S65H   7.100 117.966   7.749         1000000
         T64HB-T64N-T64H   4.545 102.822   7.100         1000000
         T64HB-S65N-S65H   4.545 117.966   7.749         1000000
         T64HA-T64N-T64H   4.279 102.822   7.100         1000000
          S65H-E63N-E63H   7.752 125.304   8.798         1000000
          S65H-T64N-T64H   7.747 102.809   7.093         1000000
          S65H-S65N-S65H   7.749 117.966   7.749         1000000
                   ?-?-?   7.749 111.490   8.512         1000000
         S65HA-S65N-S65H   4.676 117.966   7.749         1000000
         S65HA-T66N-T66H   4.676 111.490   8.512         1000000
                   ?-?-?   3.858 117.966   7.749         1000000
        S74HB3-S74N-S74H   3.863 111.480   8.507         1000000
                   ?-?-?   8.528 117.970   7.745         1000000
                   ?-?-?   8.512 111.490   8.512         1000000
                   ?-?-?   8.501 119.581   8.017         1000000
         T66HA-T66N-T66H   5.032 111.490   8.512         1000000
         T66HA-L67N-L67H   5.032 122.302   8.451         1000000
         T66HB-T66N-T66H   4.508 111.490   8.512         1000000
         T66HB-L67N-L67H   4.517 122.298   8.447         1000000
          L67H-L67N-L67H   8.451 122.302   8.451         1000000
          L67H-K68N-K68H   8.451 120.066   8.313         1000000
         L67HA-L67N-L67H   3.753 122.302   8.451         1000000
                   ?-?-?   3.753 120.066   8.313         1000000
        L67HB2-L67N-L67H   1.346 122.302   8.451         1000000
        L67HB2-K68N-K68H   1.373 120.035   8.310         1000000
        L67HB2-V72N-V72H   1.351 119.393   7.719         1000000
        L67HB3-L67N-L67H   1.949 122.302   8.451         1000000
        L67HB3-K68N-K68H   1.945 120.038   8.310         1000000
        L67HB3-V72N-V72H   1.948 119.443   7.720         1000000
          K68H-L67N-L67H   8.303 122.296   8.446         1000000
                   ?-?-?   8.313 120.066   8.313         1000000
          K68H-Q69N-Q69H   8.313 119.594   8.019         1000000
          K68H-S70N-S70H   8.312 113.964   7.537         1000000
         K68HA-K68N-K68H   4.090 120.066   8.313         1000000
         Q69HA-Q69N-Q69H   4.090 119.594   8.019         1000000
                   ?-?-?   1.742 120.066   8.313         1000000
                   ?-?-?   1.733 119.575   8.018         1000000
          Q69H-T66N-T66H   8.020 111.474   8.507         1000000
          Q69H-K68N-K68H   8.014 120.036   8.311         1000000
          Q69H-Q69N-Q69H   8.019 119.594   8.019         1000000
          Q69H-S70N-S70H   8.019 114.028   7.544         1000000
         Q69HA-Q69N-Q69H   4.086 119.594   8.019         1000000
                   ?-?-?   4.086 114.028   7.544         1000000
        Q69HB2-Q69N-Q69H   2.098 119.594   8.019         1000000
        Q69HB2-S70N-S70H   2.103 113.987   7.538         1000000
        Q69HB3-Q69N-Q69H   2.317 119.594   8.019         1000000
        Q69HB3-S70N-S70H   2.325 113.996   7.540         1000000
  Q69HE21-Q69NE2-Q69HE22   6.913 111.124   7.551         1000000
  Q69HE22-Q69NE2-Q69HE21   7.549 111.125   6.904         1000000
  Q69HE22-Q69NE2-Q69HE22   7.548 111.121   7.551         1000000
          S70H-Q69N-Q69H   7.536 119.575   8.018         1000000
          S70H-S70N-S70H   7.544 114.028   7.544         1000000
          S70H-D71N-D71H   7.544 116.055   7.882         1000000
         S70HA-S70N-S70H   4.517 114.028   7.544         1000000
         S70HA-D71N-D71H   4.517 116.055   7.882         1000000
                   ?-?-?   4.064 114.028   7.544         1000000
         K68HA-D71N-D71H   4.087 116.023   7.880         1000000
        S70HB3-S70N-S70H   3.834 114.028   7.544         1000000
        S70HB3-D71N-D71H   3.835 116.030   7.882         1000000
          D71H-S70N-S70H   7.881 113.984   7.538         1000000
          D71H-D71N-D71H   7.882 116.055   7.882         1000000
          D71H-V72N-V72H   7.882 119.423   7.723         1000000
         D71HA-D71N-D71H   4.278 116.055   7.882         1000000
         D71HA-V72N-V72H   4.278 119.423   7.723         1000000
        D71HB2-D71N-D71H   2.808 116.055   7.882         1000000
        D71HB2-V72N-V72H   2.821 119.415   7.720         1000000
        D71HB3-D71N-D71H   3.191 116.055   7.882         1000000
          G73H-G73N-G73H   7.723 114.445   7.722         1000000
          V72H-V72N-V72H   7.723 119.423   7.723         1000000
         V72HA-V72N-V72H   3.285 119.423   7.723         1000000
         V72HA-G73N-G73H   3.285 114.445   7.722         1000000
         V72HB-V72N-V72H   1.615 119.423   7.723         1000000
        V72QG1-V72N-V72H   0.320 119.389   7.717         1000000
        V72QG1-G73N-G73H   0.318 114.415   7.720         1000000
        V72QG2-V72N-V72H  -0.100 119.423   7.723         1000000
        V72QG2-G73N-G73H  -0.099 114.406   7.720         1000000
          G73H-G73N-G73H   7.722 114.445   7.722         1000000
          S65H-T66N-T66H   7.722 111.883   8.552         1000000
        G73HA2-G73N-G73H   3.582 114.445   7.722         1000000
        G73HA2-S74N-S74H   3.588 111.854   8.551         1000000
        G73HA3-G73N-G73H   4.406 114.445   7.722         1000000
          S74H-G73N-G73H   8.557 114.427   7.721         1000000
                   ?-?-?   8.552 111.883   8.552         1000000
          S74H-G75N-G75H   8.552 115.986   9.718         1000000
         S74HA-S74N-S74H   4.355 111.883   8.552         1000000
         S74HA-G75N-G75H   4.355 115.986   9.718         1000000
        S74HB2-S74N-S74H   3.948 111.883   8.552         1000000
        S74HB3-S74N-S74H   3.898 111.883   8.552         1000000
          G75H-S74N-S74H   9.712 111.846   8.550         1000000
          G75H-G75N-G75H   9.718 115.986   9.718         1000000
          G75H-A76N-A76H   9.718 123.830   7.939         1000000
        G75HA2-G75N-G75H   3.693 115.986   9.718         1000000
        G75HA2-A76N-A76H   3.695 123.794   7.938         1000000
                   ?-?-?   4.328 115.986   9.718         1000000
                   ?-?-?   4.359 123.830   7.939         1000000
          A76H-G75N-G75H   7.942 115.963   9.709         1000000
          A76H-K77N-K77H   7.939 120.636   8.435         1000000
         A76HA-K77N-K77H   4.359 120.636   8.435         1000000
         A76QB-A76N-A76H   1.512 123.830   7.939         1000000
                   ?-?-?   1.518 120.605   8.432         1000000
                   ?-?-?   8.422 123.789   7.938         1000000
          K77H-K77N-K77H   8.435 120.636   8.435         1000000
                   ?-?-?   8.435 123.751   9.016         1000000
         K77HA-K77N-K77H   5.191 120.636   8.435         1000000
                   ?-?-?   5.191 123.751   9.016         1000000
        K77HB2-K77N-K77H   1.827 120.636   8.435         1000000
                   ?-?-?   1.820 123.686   9.014         1000000
          L78H-K77N-K77H   9.007 120.587   8.431         1000000
                   ?-?-?   5.237 123.751   9.016         1000000
         L80HA-M81N-M81H   5.237 125.723   9.242         1000000
        L78HB2-L78N-L78H   1.685 123.751   9.016         1000000
        T16QG2-L78N-L78H   1.022 123.751   9.016         1000000
        L80HB3-M81N-M81H   1.025 125.694   9.250         1000000
          M81H-M81N-M81H   9.242 125.723   9.242         1000000
         M79HA-M81N-M81H   5.115 125.723   9.242         1000000
                   ?-?-?   5.115 123.801   9.026         1000000
          M79H-M79N-M79H   9.026 121.039   8.997         1000000
                   ?-?-?   5.224 123.801   9.026         1000000
         L78HA-M79N-M79H   5.224 121.039   8.997         1000000
                   ?-?-?   1.516 123.801   9.026         1000000
        L78HB3-M79N-M79H   1.511 121.016   8.997         1000000
        L78HB2-L78N-L78H   1.688 123.801   9.026         1000000
        L78HB2-M79N-M79H   1.722 121.014   8.997         1000000
                   ?-?-?   0.699 123.684   9.013         1000000
         M81HA-A82N-A82H   4.963 126.315   8.891         1000000
                   ?-?-?   2.120 121.039   8.997         1000000
        M79HG3-M79N-M79H   2.665 121.039   8.997         1000000
                   ?-?-?   8.891 126.315   8.891         1000000
          A82H-S83N-S83H   8.891 117.987   8.719         1000000
         A82HA-A82N-A82H   5.043 126.315   8.891         1000000
         A82HA-S83N-S83H   5.043 117.987   8.719         1000000
         A82QB-A82N-A82H   1.487 126.315   8.891         1000000
         A82QB-S83N-S83H   1.492 117.976   8.717         1000000
                   ?-?-?   8.719 117.987   8.719         1000000
          S83H-Q84N-Q84H   8.719 122.746   8.629         1000000
         S83HA-S83N-S83H   4.497 117.987   8.719         1000000
                   ?-?-?   4.497 122.746   8.629         1000000
                   ?-?-?   3.822 117.987   8.719         1000000
                   ?-?-?   3.847 122.708   8.627         1000000
          Q84H-Q84N-Q84H   8.629 122.746   8.629         1000000
          Q84H-G85N-G85H   8.629 116.556   8.145         1000000
                   ?-?-?   4.449 122.746   8.629         1000000
         Q84HA-G85N-G85H   4.449 116.556   8.145         1000000
        Q84HB2-Q84N-Q84H   2.202 122.746   8.629         1000000
        Q84HB3-Q84N-Q84H   2.023 122.746   8.629         1000000
          G85H-Q84N-Q84H   8.154 122.702   8.628         1000000
          G85H-G85N-G85H   8.145 116.556   8.145         1000000
                   ?-?-?   3.761 116.556   8.145         1000000
        P43HB2-N46N-N46H   1.900 117.595   8.652         1000000
         V47HB-N46N-N46H   1.624 117.612   8.653         1000000
          T33H-D36N-D36H   9.000 120.690   7.966         1000000
