                   ?-?-?   4.360 130.582   7.467         1000000
                   ?-?-?   3.601 130.570   7.254         1000000
                   ?-?-?   3.275 130.332   7.474         1000000
                   ?-?-?   2.850 130.319   7.473         1000000
                   ?-?-?   1.496 130.410   7.471         1000000
                   ?-?-?   1.498 130.479   7.252         1000000
                   ?-?-?   0.702 130.497   7.250         1000000
                   ?-?-?   0.138 130.364   7.468         1000000
                   ?-?-?   4.198 130.834   7.338         1000000
                   ?-?-?   3.598 131.145   7.342         1000000
                   ?-?-?   3.320 131.123   7.328         1000000
    L80HB2-F19CQE-F19HE1   1.842 130.761   7.318         1000000
                   ?-?-?   0.711 130.792   7.316         1000000
     F19HA-F19CQD-F19HD1   5.375 131.358   7.319         1000000
     T45HB-F19CQD-F19HD1   3.608 131.447   7.307         1000000
    F19HB2-F19CD2-F19HD2   2.881 131.445   7.330         1000000
    L80HB2-F19CQD-F19HD1   1.871 131.424   7.327         1000000
                   ?-?-?   1.575 131.468   7.396         1000000
     A82QB-F19CQD-F19HD1   1.507 131.421   7.316         1000000
     L80HG-F19CQD-F19HD1   1.222 131.420   7.338         1000000
                   ?-?-?   1.016 131.434   7.311         1000000
                   ?-?-?   0.976 131.352   7.394         1000000
    L80QD1-F19CQD-F19HD1   0.215 131.440   7.334         1000000
    L80QD1-F19CQD-F19HD1   0.211 131.425   7.307         1000000
                   ?-?-?  -0.104 131.398   7.392         1000000
                   ?-?-?  -0.109 131.090   7.344         1000000
                   ?-?-?   5.214 132.044   7.511         1000000
                   ?-?-?   5.214 132.050   7.395         1000000
     V72HA-F56CE2-F56HE2   3.257 132.181   7.507         1000000
    F56HB2-F56CD2-F56HD2   2.910 132.071   7.395         1000000
                   ?-?-?   2.899 132.112   7.323         1000000
                   ?-?-?   1.514 132.185   7.512         1000000
                   ?-?-?   1.507 132.209   7.396         1000000
    K57HD2-F56CQD-F56HD1   1.319 132.227   7.397         1000000
                   ?-?-?   0.722 132.270   7.330         1000000
                   ?-?-?   0.701 132.259   7.395         1000000
    L78QD2-F56CQE-F56HE1   0.699 132.091   7.513         1000000
    V72QG2-F56CE2-F56HE2  -0.096 132.147   7.514         1000000
    V72QG2-F56CD2-F56HD2  -0.088 132.134   7.396         1000000
    L61QD2-F56CD2-F56HD2   0.977 132.021   7.393         1000000
                   ?-?-?   0.705 131.782   7.394         1000000
                   ?-?-?   8.451 132.626   7.510         1000000
      K77H-F56CQE-F56HE1   8.404 132.305   7.518         1000000
      K57H-F56CQD-F56HD1   9.293 131.955   7.395         1000000
                   ?-?-?   7.482 130.350   7.472         1000000
                   ?-?-?  -0.096 130.269   7.470         1000000
     F19HA-F19CQE-F19HE1   5.387 130.662   7.311         1000000
