#mage_clash
#Residue\Model	1	2	3	4	5
2.000	0	0	0	0	0
3.000	0	0	0	0	0
4.000	0	0	0	0	0
5.000	0	0	0	0	0
6.000	0	0	0	0	0
7.000	0	0	0	0	0
8.000	0	0	0	0	0
9.000	0	0	0	0	0
10.000	0	0	0	0	0
11.000	0	0	0	0	0
12.000	0	0	0	0	0
13.000	0	0	0	0	0
14.000	0	0	0	0	0
15.000	0	0	0	0	0
16.000	0	0	0	0	0
17.000	0	0	0	0	0
18.000	0	0	0	0	0
19.000	0	0	0	0	0
20.000	0	0	0	1	1
21.000	2	0	0	0	0
22.000	0	0	0	0	0
23.000	1	1	1	1	0
24.000	0	0	0	0	0
25.000	1	1	1	2	0
26.000	0	0	0	0	0
27.000	0	0	0	0	0
28.000	0	0	0	0	0
29.000	0	0	0	0	0
30.000	0	0	2	0	0
31.000	0	0	0	0	0
32.000	0	0	0	0	0
33.000	0	0	0	0	0
34.000	0	0	0	0	0
35.000	0	0	1	0	0
36.000	0	0	0	0	0
37.000	0	0	0	0	0
38.000	1	1	0	0	0
39.000	0	0	0	0	0
40.000	0	0	0	0	0
41.000	1	0	0	0	0
42.000	0	0	0	0	0
43.000	0	0	0	0	0
44.000	0	0	0	0	0
45.000	1	0	0	1	0
46.000	0	0	0	0	0
47.000	0	0	0	0	0
48.000	1	0	1	0	0
49.000	0	0	0	0	0
50.000	1	1	1	2	1
51.000	0	0	0	0	0
52.000	0	0	0	0	0
53.000	0	0	0	1	0
54.000	0	1	0	0	0
55.000	0	0	0	0	0
56.000	0	0	0	0	0
57.000	0	0	0	0	0
58.000	0	0	0	0	0
59.000	0	0	0	0	0
60.000	0	0	0	0	0
61.000	1	1	0	0	1
62.000	0	0	0	0	0
63.000	0	0	0	0	0
64.000	0	0	0	0	0
65.000	0	0	0	0	0
66.000	0	0	0	0	0
67.000	0	0	0	0	0
68.000	0	0	0	0	0
69.000	0	0	0	0	0
70.000	0	0	0	0	0
71.000	0	0	0	0	0
72.000	0	0	0	0	0
73.000	0	0	0	0	0
74.000	0	0	0	0	0
75.000	0	1	1	1	0
76.000	0	0	0	0	0
77.000	0	0	0	0	0
78.000	0	0	0	0	0
79.000	0	0	0	0	0
80.000	0	0	0	0	0
81.000	0	0	0	0	0
82.000	0	0	0	0	0
83.000	0	0	0	1	0
84.000	0	0	0	0	0
85.000	0	0	0	0	0
86.000	0	0	0	0	0
87.000	0	0	0	0	0
88.000	0	0	0	0	0
89.000	0	0	0	0	0
90.000	0	0	0	0	0
91.000	0	0	0	0	0
92.000	0	0	0	1	0
93.000	0	0	0	0	0
94.000	1	1	0	0	0
95.000	0	0	0	0	0
96.000	0	0	0	0	0
97.000	0	0	0	0	0
98.000	0	1	0	0	0
99.000	0	0	0	0	0
100.000	0	0	0	0	0
101.000	0	0	0	0	0
102.000	0	0	0	1	0
103.000	0	0	0	0	0
104.000	0	0	0	0	0
105.000	0	0	0	0	0
106.000	0	0	0	1	1
107.000	0	0	0	0	0
#Reported_Model_Average	0.104	0.085	0.075	0.123	0.038
#Overall_Average_Reported	0.085
