#alldih_gfactor
#Residue\Model	average
2	0.46
3	0.16
4	-0.49
5	0.34
6	-0.05
7	0.16
8	0.74
9	-0.55
10	0.45
11	-0.90
12	-1.00
13	-0.03
14	0.00
15	1.02
16	0.06
17	-1.09
18	-0.79
19	0.04
20	-1.11
21	-0.19
22	-0.42
23	0.22
24	-0.58
25	-0.21
26	-0.14
27	0.41
28	-0.12
29	0.30
30	-0.71
31	0.13
32	-0.52
33	0.39
34	0.00
35	0.53
36	-0.63
37	-0.14
38	-0.56
39	-0.05
40	0.49
41	0.20
42	-0.80
43	-1.38
44	0.00
45	-0.20
46	-0.77
47	0.03
48	-0.38
49	0.25
50	-0.25
51	0.30
52	0.19
53	0.67
54	0.72
55	0.09
56	0.12
57	-0.20
58	0.24
59	0.55
60	0.27
61	0.08
62	0.38
63	0.16
64	0.94
65	-0.03
66	-0.01
67	0.27
68	0.00
69	-0.17
70	0.29
71	-0.67
72	-0.67
73	0.31
74	0.09
75	-0.56
76	0.10
77	-0.24
78	0.33
79	-0.72
80	0.42
81	0.34
82	-0.27
83	-0.08
84	0.24
85	-0.57
86	-0.85
87	0.25
88	0.14
89	-0.05
90	0.08
91	0.51
92	0.01
93	0.14
94	0.27
95	0.23
96	0.35
97	-0.17
98	0.28
99	-0.23
100	-0.14
101	-3.08
102	-0.85
103	-1.45
104	-1.75
105	-2.28
106	-2.14
107	-1.59
#Reported_Model_Average	-0.161
#Overall_Average_Reported	-0.161
