#phipsi_gfactor
#Residue\Model	average
2	-0.33
3	0.16
4	-1.60
5	-0.21
6	0.15
7	-0.61
8	0.71
9	-0.23
10	0.14
11	-2.53
12	-1.52
13	-0.81
14	-0.21
15	1.02
16	-0.30
17	-0.50
18	-0.79
19	-0.29
20	-0.38
21	-0.43
22	-0.42
23	-0.30
24	-1.29
25	-0.44
26	-0.55
27	-0.07
28	-0.21
29	-0.45
30	-0.42
31	-0.04
32	-0.25
33	0.36
34	0.43
35	0.18
36	-0.67
37	-0.64
38	-0.05
39	-0.05
40	0.10
41	-0.12
42	-0.80
43	-1.93
44	0.15
45	-0.39
46	-0.77
47	0.00
48	-0.25
49	-0.26
50	0.08
51	0.01
52	-0.03
53	-0.06
54	0.85
55	-0.01
56	0.12
57	-1.51
58	-0.43
59	0.55
60	-0.28
61	-0.26
62	-0.45
63	-0.30
64	0.94
65	-0.68
66	-0.47
67	0.37
68	-0.36
69	-0.25
70	-0.58
71	-1.17
72	-1.05
73	0.12
74	-0.48
75	-0.56
76	-0.56
77	-0.98
78	0.00
79	-1.12
80	-0.33
81	-0.18
82	-0.32
83	0.09
84	-0.46
85	-0.38
86	-1.37
87	0.30
88	-0.06
89	0.18
90	0.11
91	0.36
92	-0.78
93	-0.48
94	-0.22
95	0.76
96	-0.56
97	-0.17
98	-0.25
99	-1.04
100	-0.28
101	-3.08
102	-2.29
103	-2.96
104	-2.97
105	-2.97
106	-2.63
107	-2.61
#Reported_Model_Average	-0.480
#Overall_Average_Reported	-0.480
