#verify3d
#Residue\Model	1	2	3	4	5
2	0.04	0.04	0.04	0.04	0.04
3	0.44	0.44	0.44	0.44	0.44
4	-0.03	-0.03	-0.03	-0.03	-0.03
5	-0.68	-0.68	-0.68	-0.68	-0.68
6	0.08	0.08	0.08	0.08	0.08
7	0.47	0.47	0.47	0.47	0.47
8	-0.54	-0.54	-0.54	-0.54	-0.54
9	-0.74	-0.74	-0.74	-0.74	-0.74
10	0.51	0.51	0.51	0.23	0.51
11	-0.54	-0.54	-0.54	-0.54	-0.54
12	-0.74	-0.80	-0.80	-0.80	-0.74
13	0.28	0.28	0.28	0.28	0.04
14	0.51	0.51	0.51	0.51	0.51
15	1.10	1.10	1.10	1.10	1.10
16	0.25	0.25	0.25	0.25	0.25
17	-0.71	-0.71	0.07	-0.71	-0.71
18	-0.52	-0.52	-0.52	-0.52	-0.52
19	0.00	0.00	0.00	0.00	0.00
20	0.14	0.14	0.14	0.14	0.14
21	0.35	0.55	0.55	0.55	0.55
22	-0.52	-0.52	-0.52	-0.52	-0.52
23	0.35	0.35	0.35	0.35	0.35
24	0.16	0.16	0.16	0.16	0.16
25	-0.35	-0.35	0.26	0.26	-0.35
26	0.10	0.10	0.10	0.10	0.10
27	0.14	-1.33	0.14	-1.33	0.14
28	0.07	0.07	0.07	0.07	0.07
29	0.04	0.04	0.04	0.04	0.04
30	0.51	0.51	0.51	0.51	0.51
31	0.08	0.08	0.08	0.08	0.08
32	0.20	-0.41	-0.41	0.20	0.20
33	0.04	0.04	0.04	0.04	0.04
34	0.34	0.34	0.34	0.17	0.34
35	0.26	0.26	0.26	0.26	0.26
36	0.49	0.49	0.49	0.49	0.49
37	0.52	0.52	0.52	0.52	0.52
38	0.16	0.16	0.16	0.16	0.16
39	1.75	1.75	1.75	1.75	1.75
40	0.14	0.14	0.14	0.14	0.14
41	0.14	0.14	0.14	0.14	0.14
42	1.75	1.75	1.75	1.75	1.75
43	-0.03	-0.03	-0.03	-0.03	-0.03
44	0.28	0.28	0.28	0.28	0.28
45	0.08	0.08	0.08	0.08	0.08
46	1.75	1.75	1.75	1.75	1.75
47	-0.35	-0.35	-0.35	0.26	-0.35
48	0.26	0.26	0.26	0.26	0.26
49	0.35	0.35	0.55	0.55	0.35
50	0.37	0.37	0.37	0.37	0.37
51	0.79	0.79	0.79	0.79	0.79
52	0.26	0.26	0.26	0.26	0.26
53	0.07	0.07	0.07	0.07	0.07
54	0.47	0.47	0.47	0.47	0.47
55	0.41	0.51	0.41	0.51	0.41
56	-0.25	-0.25	-0.25	-0.25	-0.25
57	0.04	0.04	0.04	0.04	0.04
58	0.29	0.29	0.29	0.29	0.29
59	0.25	0.25	0.25	0.25	0.25
60	-0.68	-0.68	-0.68	-0.68	-0.68
61	0.29	0.29	0.29	0.29	0.29
62	0.28	0.28	0.28	0.28	0.28
63	0.25	0.25	0.25	0.25	0.25
64	1.10	1.10	1.10	1.10	1.10
65	0.28	0.28	0.28	0.28	0.28
66	0.49	0.49	0.49	0.49	0.49
67	1.09	1.09	1.09	1.09	1.09
68	0.14	0.14	0.14	0.14	0.14
69	0.14	0.14	0.14	0.14	0.14
70	0.19	0.19	0.84	0.84	0.19
71	0.49	0.49	0.49	0.49	0.49
72	0.16	0.16	0.16	0.16	0.16
73	0.08	0.08	0.08	0.16	0.08
74	0.16	0.16	0.16	0.16	0.16
75	1.75	1.75	1.75	1.75	1.75
76	0.41	0.41	0.41	0.41	0.41
77	-0.30	-0.30	-0.30	-0.30	-0.30
78	0.41	0.51	0.41	0.41	0.41
79	0.23	0.23	0.23	0.23	0.23
80	0.19	0.19	-1.12	-1.12	-1.12
81	0.37	0.37	0.37	0.37	0.37
82	0.52	0.52	0.52	0.52	0.52
83	0.16	0.16	0.16	0.16	0.16
84	0.10	0.10	0.10	0.10	0.10
85	0.16	0.16	0.16	0.16	0.16
86	0.51	0.51	0.51	0.51	0.51
87	0.47	0.47	0.47	-0.10	0.47
88	0.41	0.51	0.41	0.51	0.41
89	0.17	0.17	0.17	0.17	0.17
90	0.65	0.65	0.49	0.65	0.65
91	0.26	0.26	0.26	0.26	0.26
92	0.41	0.41	0.41	0.41	0.41
93	0.55	0.55	0.55	0.55	0.55
94	0.29	0.29	-0.68	0.29	0.29
95	0.34	0.34	0.34	0.34	0.34
96	0.04	0.04	0.04	0.04	0.04
97	0.44	0.25	0.25	0.25	0.44
98	-0.54	-0.54	-0.54	-0.54	-0.54
99	0.04	0.28	0.04	0.04	0.04
100	-0.40	-0.40	-0.40	-0.40	-0.40
101	1.10	1.10	1.10	1.10	1.10
102	-0.68	-0.68	-0.68	-0.68	-0.68
103	0.28	0.04	0.04	0.04	0.04
104	0.20	-0.41	-0.41	-0.41	-0.41
105	0.20	-0.41	-0.41	0.20	0.20
106	-0.41	-0.41	-0.41	-0.41	-0.41
107	-0.41	0.20	-0.41	-0.41	0.20
#Reported_Model_Average	0.221	0.198	0.199	0.199	0.206
#Overall_Average_Reported	0.205
