#mage_clash
#Residue\Model	1	2	3	4	5	6	7	8	9	10	11	12	13	14	15	16	17	18	19	20
10.000	2	0	1	1	2	3	1	1	0	1	2	1	1	1	1	1	2	2	1	1
11.000	0	0	0	0	0	0	0	0	0	0	0	0	0	0	0	1	0	0	0	0
12.000	0	0	0	0	0	0	0	0	0	0	0	0	0	0	0	0	0	0	0	0
13.000	0	0	0	0	0	0	1	0	0	0	0	0	0	0	0	0	0	0	0	0
14.000	0	0	0	0	0	0	0	0	0	0	0	0	0	0	0	0	0	1	0	0
15.000	0	0	0	1	1	0	1	0	1	0	1	0	0	0	0	0	1	0	0	1
16.000	0	0	0	0	0	0	0	0	0	0	0	0	0	0	0	0	0	0	0	0
17.000	0	0	0	0	0	0	0	0	0	0	0	0	0	0	0	0	0	0	0	0
20.000	1	0	0	0	0	0	0	0	0	0	0	0	0	0	0	0	0	0	0	0
21.000	0	0	0	0	0	0	0	0	1	0	0	0	0	0	0	0	1	0	0	0
22.000	0	0	0	0	0	0	0	0	0	0	0	0	0	0	0	0	0	0	0	0
23.000	0	0	1	0	0	0	0	0	0	0	0	0	0	0	0	0	0	0	0	0
24.000	0	0	0	0	0	0	0	0	0	0	1	0	1	0	0	0	0	0	0	0
25.000	0	0	0	0	0	0	0	0	0	0	0	0	0	0	0	1	0	0	0	0
26.000	0	0	0	0	0	0	0	0	0	0	0	0	0	0	0	0	0	0	0	0
27.000	0	0	0	0	0	0	0	0	0	0	0	0	0	0	0	0	0	0	0	0
28.000	0	0	0	0	0	0	0	0	0	0	0	0	0	0	0	0	0	0	0	0
29.000	1	0	0	1	2	1	0	0	1	1	2	1	1	3	1	1	2	0	0	1
30.000	1	0	1	0	0	0	0	0	0	0	0	1	1	0	0	0	0	0	0	1
31.000	0	0	0	0	0	0	0	0	0	0	0	0	0	0	0	0	0	0	0	0
32.000	0	0	0	1	0	1	0	0	0	1	0	0	0	0	0	0	0	0	1	0
33.000	0	0	0	0	0	0	0	0	0	0	0	0	1	0	0	0	0	0	0	0
34.000	0	0	0	0	0	0	0	0	0	0	0	0	0	0	0	0	0	0	0	0
35.000	3	0	3	1	0	0	1	2	2	1	2	1	2	1	4	1	1	1	3	2
36.000	0	0	0	0	0	0	0	0	0	0	0	0	0	0	0	0	0	0	0	0
37.000	0	0	0	0	0	0	0	0	0	0	0	0	0	0	0	0	0	0	0	1
38.000	0	0	0	1	0	0	0	1	2	0	0	1	0	0	0	0	0	0	0	0
39.000	0	0	0	1	0	0	0	0	0	0	0	0	0	1	0	0	0	0	0	0
40.000	0	0	0	0	0	0	0	0	0	0	0	0	0	0	0	0	0	0	0	0
41.000	0	0	0	0	0	0	0	0	0	0	0	0	0	0	0	0	0	0	0	1
42.000	0	0	0	0	0	0	0	0	0	0	0	0	0	0	0	0	0	0	0	0
43.000	0	0	0	1	0	0	0	0	1	0	0	0	0	0	0	1	0	0	0	1
44.000	0	0	0	0	0	0	0	0	0	1	0	0	0	0	0	0	0	0	0	0
45.000	1	0	1	1	1	1	1	0	1	2	1	1	1	1	1	1	1	1	1	1
47.000	0	0	0	0	0	0	0	0	0	0	0	0	0	0	0	0	0	0	0	0
48.000	0	0	0	0	0	0	0	0	0	0	0	0	0	0	0	0	0	0	0	0
49.000	0	0	0	0	0	1	0	0	0	0	1	0	0	0	0	0	0	0	0	0
50.000	0	0	0	0	0	0	0	0	0	0	0	0	0	0	0	1	0	0	0	1
51.000	0	0	1	0	1	0	0	0	0	0	0	0	0	0	0	0	0	0	1	0
52.000	1	0	1	0	0	1	1	1	0	0	1	0	1	0	0	2	1	0	1	0
53.000	0	0	0	0	0	0	0	0	0	0	0	0	0	0	0	0	0	0	0	0
54.000	0	0	0	0	0	0	0	0	0	0	0	0	0	1	0	0	0	0	0	0
55.000	0	0	0	0	0	0	0	0	0	0	0	0	0	0	0	0	1	0	0	0
56.000	0	0	0	0	0	0	0	0	0	1	0	0	0	0	0	0	0	0	0	0
57.000	0	0	0	0	0	0	0	0	0	0	0	0	0	0	0	1	0	0	0	0
58.000	1	0	0	0	0	0	1	0	0	0	0	0	0	1	0	0	0	0	0	0
59.000	0	0	0	0	0	0	0	0	0	0	0	0	0	0	0	0	0	0	0	0
#Reported_Model_Average	0.234	0.000	0.191	0.191	0.149	0.170	0.149	0.106	0.191	0.170	0.234	0.128	0.191	0.191	0.149	0.234	0.213	0.106	0.170	0.234
#Overall_Average_Reported	0.170
