#phipsi_gfactor
#Residue\Model	average
10	-0.50
11	-2.05
12	-0.05
13	-0.87
14	-1.94
15	-3.55
16	-0.02
17	-0.14
20	-2.65
21	-0.74
22	-0.02
23	-1.30
24	-0.29
25	-3.67
26	-0.95
27	-1.03
28	-0.07
29	-0.43
30	-2.50
31	-0.24
32	0.70
33	0.79
34	0.46
35	0.25
36	1.17
37	0.73
38	0.85
39	-0.43
40	0.08
41	-3.32
42	-1.23
43	-2.16
44	-0.77
45	-2.31
47	-0.77
48	-0.82
49	-1.87
50	-0.55
51	-0.99
52	-1.16
53	-0.35
54	-0.48
55	-0.51
56	-0.85
57	-0.50
58	-0.91
59	-0.57
#Reported_Model_Average	-0.820
#Overall_Average_Reported	-0.820
