#alldih_gfactor
#Residue\Model	average
10	0.14
11	-0.85
12	-0.05
13	-0.75
14	-0.67
15	-1.72
16	-0.02
17	-0.12
20	-1.35
21	-0.74
22	-0.52
23	-1.23
24	-0.16
25	-3.67
26	-0.33
27	-1.03
28	-0.88
29	0.05
30	-0.98
31	-0.06
32	0.42
33	0.79
34	0.29
35	-0.58
36	0.18
37	0.56
38	0.61
39	0.21
40	0.30
41	-1.82
42	-0.40
43	-0.99
44	-0.94
45	-0.99
47	-0.21
48	-0.35
49	-0.91
50	-0.20
51	-0.48
52	-0.49
53	0.07
54	-0.25
55	-0.10
56	-0.38
57	-0.87
58	-0.40
59	-0.11
#Reported_Model_Average	-0.468
#Overall_Average_Reported	-0.468
