#prosaII
#Residue\Model	1	2	3	4	5	6	7	8	9	10	11	12	13	14	15	16	17	18	19	20
10	1.279	0.424	1.198	0.160	0.747	1.050	0.921	0.523	1.099	1.629	0.425	1.034	1.319	1.335	1.282	0.605	1.664	0.174	-0.333	0.865
11	0.639	-0.173	0.666	-0.666	0.299	0.620	0.286	0.140	0.891	1.019	-0.115	0.244	0.947	0.808	0.833	0.249	1.111	-0.056	-0.593	0.228
12	0.314	-1.028	0.177	-1.740	-0.156	-0.458	-0.797	-0.387	0.341	-0.116	-0.692	0.014	0.519	0.270	0.450	-0.007	0.551	-1.367	-1.763	-0.686
13	0.062	-1.467	-0.273	-1.963	-0.439	-0.616	-0.785	-0.662	0.111	-0.262	-0.787	-0.173	-0.156	-0.119	-0.043	-0.172	0.270	-1.458	-2.005	-1.017
14	0.452	-0.938	0.180	-0.694	0.109	-0.016	-0.410	-0.296	0.348	0.092	-0.448	0.187	0.478	0.290	0.458	0.419	0.612	-1.060	-0.867	-0.469
15	-0.333	-1.144	-0.447	-0.926	-0.105	-0.878	-0.973	-0.474	-0.257	-0.624	-0.616	-0.415	-0.122	-0.305	-0.243	-0.492	-0.099	-1.194	-0.849	-1.205
16	-0.698	-1.389	-0.853	-1.309	-0.475	-1.157	-1.299	-0.608	-0.741	-1.251	-0.748	-0.722	-0.440	-0.705	-0.584	-0.675	-0.768	-1.376	-1.247	-1.169
17	-0.112	-0.678	-0.125	-0.591	0.096	-0.805	-0.585	-0.093	-0.073	-0.631	-0.023	-0.067	0.184	-0.141	-0.026	-0.101	-0.035	-0.796	-0.594	-0.560
20	-0.165	0.966	-0.007	0.207	0.191	-0.332	0.383	0.631	0.186	0.200	0.104	0.071	0.137	0.638	0.400	-0.288	0.627	0.462	0.110	0.745
21	0.136	1.272	0.042	0.172	0.431	-0.147	0.547	0.790	0.455	0.201	0.461	0.538	0.081	0.736	0.531	-0.114	0.688	0.433	0.410	0.803
22	0.446	1.463	0.402	0.461	0.738	0.106	0.795	0.987	0.628	0.455	0.829	0.845	0.238	0.993	0.690	0.312	0.993	0.750	0.695	1.083
23	0.443	1.465	0.458	0.484	0.656	0.069	0.741	0.873	0.683	0.484	0.877	0.816	0.208	0.806	0.609	0.256	1.016	0.652	0.683	1.026
24	0.270	1.239	0.257	0.227	0.414	0.570	0.935	1.181	0.445	0.725	0.659	0.601	0.004	1.089	0.447	0.508	1.170	0.475	0.475	0.789
25	0.650	1.314	0.425	0.414	0.736	0.800	1.022	1.352	0.464	0.935	0.848	0.697	0.284	1.362	0.646	0.800	1.297	0.899	0.610	0.990
26	0.945	1.071	0.752	0.804	0.984	1.081	1.376	1.236	0.724	1.305	1.058	0.936	0.743	1.239	0.820	1.204	1.109	0.767	0.827	0.763
27	0.167	0.288	0.140	0.046	0.217	0.366	0.583	0.539	0.038	0.511	0.333	0.138	-0.029	0.540	0.080	0.545	0.316	-0.075	0.093	0.049
28	0.911	1.060	0.654	0.837	0.862	1.065	1.243	0.871	0.621	1.273	0.909	0.599	0.687	0.567	0.744	1.279	1.075	0.571	0.755	0.636
29	0.721	0.946	0.471	0.773	0.643	0.932	1.153	0.877	0.590	1.224	0.734	0.443	0.580	0.475	0.645	1.154	0.926	0.464	0.558	0.542
30	0.852	0.987	0.603	0.953	0.828	1.166	1.300	1.002	0.732	1.301	0.723	0.506	0.728	0.770	0.731	1.343	1.078	0.677	0.640	0.745
31	1.155	1.304	0.953	1.277	1.124	1.073	1.257	0.873	1.044	1.205	1.112	0.894	1.027	0.614	1.036	1.173	0.975	1.029	1.049	1.067
32	1.408	1.689	1.337	1.548	1.375	1.484	1.617	1.143	1.522	1.486	1.436	1.357	1.224	0.918	1.422	1.443	1.305	1.290	1.452	1.395
33	1.969	2.126	1.956	2.202	1.918	2.162	2.166	1.530	2.044	2.038	1.944	1.892	1.820	1.527	1.961	1.900	1.851	1.889	2.057	2.006
34	2.701	2.783	2.593	2.854	2.609	2.835	2.767	2.109	2.648	2.659	2.502	2.504	2.476	2.069	2.572	2.484	2.432	2.485	2.821	2.575
35	1.560	1.507	1.704	1.828	1.556	1.783	1.778	1.596	1.643	1.672	1.400	1.549	1.523	1.644	1.632	1.380	1.441	1.663	1.717	1.632
36	0.250	0.936	1.141	1.252	1.035	1.273	1.177	0.974	1.011	0.402	0.112	0.926	0.976	1.095	1.160	0.760	0.860	1.153	0.400	0.420
37	-0.358	0.404	0.525	0.704	0.537	0.592	0.508	0.440	0.363	-0.142	-0.455	0.423	0.393	0.518	0.660	0.943	0.251	0.490	-0.187	-0.255
38	-0.187	0.556	0.601	0.978	0.762	0.723	0.627	0.624	0.450	0.050	-0.407	0.465	0.627	0.714	0.977	1.073	0.359	0.682	-0.062	-0.237
39	-0.140	0.585	0.697	1.080	0.878	0.785	0.739	0.770	0.413	0.066	-0.272	0.561	0.801	0.732	1.009	1.209	0.527	0.763	-0.043	-0.230
40	-0.041	0.666	0.702	1.133	0.953	0.838	0.820	0.948	0.655	0.200	0.022	0.853	0.869	0.819	1.100	1.054	0.597	0.867	-0.153	-0.112
41	-0.177	0.422	0.585	1.042	0.863	0.706	0.791	0.915	0.541	0.008	0.022	0.790	0.822	0.656	1.041	1.115	0.633	0.836	-0.490	-0.168
42	0.170	1.020	1.012	1.897	1.151	1.043	1.084	0.839	0.850	0.316	0.313	1.139	1.124	1.031	1.218	1.027	0.958	1.649	-0.307	0.594
43	1.410	1.466	1.511	2.338	1.641	1.511	1.595	0.708	1.307	1.495	1.507	1.021	1.644	1.408	1.678	0.943	1.602	2.113	0.978	0.939
44	1.497	1.130	1.076	1.922	1.168	1.067	1.200	0.638	0.929	1.037	1.234	0.578	1.248	0.953	1.272	0.058	1.660	1.750	0.571	0.609
45	-0.291	-0.685	-0.665	0.054	-0.665	-0.669	-0.567	-1.153	-0.704	-0.822	-0.457	-1.126	-0.555	-0.829	-0.725	-1.643	-0.094	-0.071	-1.283	-1.107
47	-0.545	-0.950	-0.907	-0.421	-0.907	-1.086	-1.061	-1.466	-0.896	-1.153	-0.777	-1.445	-0.937	-1.096	-0.988	-1.656	-0.381	-0.344	-1.492	-1.412
48	-0.641	-0.973	-1.155	-0.514	-1.093	-1.287	-1.268	-1.711	-0.898	-1.303	-0.919	-1.521	-1.192	-1.076	-1.139	-1.830	-0.603	-0.495	-1.460	-1.567
49	-0.974	-1.421	-1.671	-0.946	-1.437	-1.729	-1.568	-1.773	-0.633	-1.542	-0.625	-1.197	-0.976	-1.290	-1.334	-1.576	-0.937	-1.409	-1.594	-2.289
50	-1.981	-2.613	-2.730	-1.974	-2.606	-2.834	-2.788	-2.255	-1.709	-2.660	-1.710	-1.608	-2.161	-2.349	-2.592	-2.121	-2.214	-2.584	-2.749	-2.622
51	-1.132	-1.389	-1.424	-0.620	-1.299	-1.476	-1.466	-1.379	-0.445	-1.310	-0.320	-0.411	-0.811	-0.968	-1.483	-1.119	-1.357	-1.365	-1.471	-1.531
52	0.303	0.233	0.014	0.829	0.420	-0.169	0.064	0.232	1.085	0.185	1.297	1.076	0.594	0.626	0.163	-0.136	0.302	0.032	0.030	0.164
53	-0.017	-0.181	-0.353	0.482	0.029	-0.528	-0.328	-0.244	0.863	-0.087	0.954	0.769	0.172	0.306	-0.231	-0.564	-0.225	-0.332	-0.200	-0.068
54	0.165	-0.182	-0.219	0.774	0.319	-0.316	-0.066	-0.301	0.826	-0.185	1.166	0.783	0.148	0.487	-0.091	-0.615	0.008	-0.489	-0.294	-0.121
55	-0.576	-0.936	-0.787	0.091	-0.301	-1.019	-0.722	-0.895	0.013	-0.681	0.478	-0.061	-0.416	-0.233	-0.836	-1.314	-0.619	-1.181	-1.002	-0.763
56	-0.005	-0.303	-0.150	0.234	0.340	-0.372	-0.068	-0.252	0.280	-0.219	0.508	-0.074	-0.386	0.226	-0.134	-0.950	-0.013	-0.508	-0.412	-0.225
57	0.933	0.702	0.822	1.223	1.467	0.527	1.011	0.786	1.297	0.801	1.520	0.909	0.587	1.316	0.959	0.046	1.091	0.460	0.619	0.685
58	0.918	0.699	0.819	1.114	1.425	0.493	1.007	0.831	1.310	0.788	1.363	1.023	0.541	1.210	1.102	0.022	1.095	0.514	0.643	0.853
#Reported_Model_Average	0.156	0.155	0.138	0.218	0.218	0.118	0.182	0.141	0.251	0.139	0.190	0.200	0.191	0.236	0.216	0.108	0.273	0.107	-0.035	0.048
#Overall_Average_Reported	0.163
