#verify3d
#Residue\Model	1	2	3	4	5	6	7	8	9	10	11	12	13	14	15	16	17	18	19	20
10	0.29	-0.68	-0.68	0.29	0.29	0.29	0.29	0.29	0.29	0.29	0.29	-0.68	-0.68	0.29	0.29	0.29	0.29	0.29	-0.68	-0.68
11	-0.81	-0.81	-0.81	-0.81	-0.81	-0.81	-0.81	-0.81	-0.81	-0.81	-0.81	-0.81	-0.81	-0.81	-0.81	-0.81	-0.81	-0.81	-0.81	-0.81
12	0.44	0.44	0.44	0.44	0.44	0.44	0.44	0.44	0.44	0.44	0.44	0.44	0.44	0.44	0.44	0.44	0.44	0.44	0.44	0.44
13	-0.94	-0.94	-0.54	-0.94	-0.94	-0.94	-0.94	-0.94	-0.94	-0.54	-0.94	-0.94	-0.54	-0.94	-0.94	-0.94	-0.94	-0.94	-0.94	-0.54
14	-0.35	-0.35	-0.35	-0.35	-0.35	-0.35	-0.35	-0.35	-0.35	-0.35	-0.35	-0.35	-0.35	-0.35	-0.35	-0.35	-0.35	-0.35	-0.35	-0.35
15	1.25	-0.43	-0.43	-0.43	-0.43	-0.43	-0.43	1.25	1.25	-0.43	1.25	1.25	1.25	-0.43	-0.43	-0.43	1.25	-0.43	-0.43	-0.43
16	0.14	0.14	-0.25	0.14	0.14	0.14	0.14	0.14	0.14	0.14	0.14	0.14	0.14	-0.25	-0.25	0.14	0.14	0.14	0.14	0.14
17	0.20	0.20	0.20	-0.41	-0.41	-0.41	-0.41	-0.41	0.20	0.20	-0.41	-0.41	0.20	0.20	-0.41	0.20	0.20	-0.41	0.20	0.20
20	0.17	0.17	0.17	0.17	0.17	0.17	0.17	0.34	0.34	0.17	0.34	0.17	0.17	0.34	0.17	0.34	0.17	0.17	0.17	0.34
21	-0.52	-0.52	-0.52	-0.52	-0.52	-0.52	-0.52	-0.52	-0.52	-0.52	-0.52	-0.52	-0.52	-0.52	-0.52	-0.52	-0.52	-0.52	-0.52	-0.52
22	0.16	0.16	0.16	0.16	0.16	0.16	0.16	0.16	0.16	0.16	0.16	0.16	0.16	0.16	0.16	0.16	0.16	0.16	0.16	0.16
23	0.37	0.37	0.37	0.37	0.37	0.37	0.37	0.37	0.37	0.37	0.37	0.37	0.37	0.37	0.37	0.37	0.37	0.37	0.37	0.37
24	0.10	0.10	0.10	0.10	0.10	0.10	0.10	0.10	0.10	0.10	0.10	0.10	0.10	0.10	0.10	0.10	0.10	0.10	0.10	0.10
25	0.44	0.44	0.44	0.44	0.44	0.44	0.44	0.44	0.44	0.44	0.44	0.44	0.44	0.44	0.25	0.44	0.25	0.44	0.44	0.44
26	-0.35	-0.35	-0.35	-0.35	-0.35	-0.35	-0.35	-0.35	-0.35	-0.35	-0.35	-0.35	-0.35	-0.35	-0.35	-0.35	-0.35	-0.35	-0.35	-0.35
27	1.10	1.10	1.10	1.10	1.10	1.10	1.10	1.10	1.10	1.10	1.10	1.10	1.10	1.10	1.10	1.10	1.10	1.10	1.10	1.10
28	-0.49	-0.49	-0.49	-0.49	-0.49	-0.49	-0.49	-0.49	-0.49	-0.49	-0.49	-0.49	-0.49	-0.49	-0.49	-0.49	-0.49	-0.49	-0.49	-0.49
29	0.35	0.55	0.35	0.35	0.35	0.35	0.35	0.35	0.35	0.55	0.35	0.35	0.35	0.35	0.35	0.35	0.35	0.35	0.35	0.35
30	0.49	0.49	0.49	0.49	0.49	0.49	0.49	0.49	0.49	0.49	0.49	0.49	0.49	0.49	0.49	0.49	0.49	0.49	0.49	0.49
31	-0.81	-0.81	-0.35	-0.81	-0.81	-0.81	-0.81	-0.81	-0.81	-0.81	-0.81	-0.81	-0.81	-0.35	-0.81	-0.81	-0.81	-0.81	-0.81	-0.35
32	0.66	0.66	0.66	0.66	0.66	0.66	0.66	0.66	0.66	0.66	0.66	0.66	0.66	0.66	0.66	0.66	0.66	0.66	0.66	0.66
33	0.44	0.44	0.44	0.44	0.44	0.44	0.44	0.44	0.44	0.44	0.44	0.44	0.44	0.44	0.44	0.44	0.44	0.44	0.44	0.44
34	-0.70	-0.70	-0.70	-0.70	-0.70	-0.70	-0.70	-0.70	-0.70	-0.70	-0.70	-0.70	-0.70	-0.70	-0.70	-0.70	-0.70	-0.70	-0.70	-0.70
35	-0.02	-0.02	-0.02	-0.02	-0.02	-0.02	-0.02	-0.02	-0.02	-0.02	-0.02	-0.02	-0.02	-0.02	-0.02	-0.02	-0.02	-0.02	-0.02	-0.02
36	0.32	-0.02	0.32	-0.02	-0.02	0.32	0.32	-0.02	0.32	0.32	0.32	-0.02	-0.02	-0.02	0.32	0.32	0.32	-0.02	0.32	0.32
37	0.62	0.29	0.29	0.29	0.29	0.29	0.29	0.29	0.29	0.29	0.29	0.29	0.29	0.62	0.29	0.29	0.29	0.29	0.29	0.29
38	0.61	0.61	0.61	0.61	0.61	0.61	0.61	0.61	0.61	0.61	0.61	0.61	0.61	0.61	0.61	0.61	0.61	0.61	0.61	0.61
39	-0.68	-0.68	-0.68	-0.68	-0.68	-0.68	-0.68	-0.68	-0.68	-0.68	-0.68	-0.68	-0.68	-0.68	-0.68	-0.68	-0.68	-0.68	-0.68	-0.68
40	-0.83	-0.83	-0.83	-0.83	-0.83	-0.83	-1.30	-0.83	-1.30	-0.83	-1.30	-0.83	-0.83	-0.83	-0.83	-0.83	-0.83	-1.30	-0.83	-0.83
41	0.51	0.41	0.51	0.41	0.41	0.41	0.41	0.41	0.51	0.41	0.51	0.51	0.51	0.51	0.41	0.51	0.51	0.41	0.41	0.51
42	0.51	0.41	0.41	0.51	0.51	0.51	0.51	0.51	0.41	0.51	0.41	0.51	0.51	0.41	0.41	0.41	0.51	0.51	0.51	0.41
43	0.47	0.47	0.47	0.47	0.47	0.47	0.47	0.47	0.47	0.47	0.47	0.47	0.47	0.47	0.47	0.47	0.47	0.47	0.47	0.47
44	0.51	0.51	0.51	0.51	0.51	0.51	0.51	0.51	0.51	0.51	0.51	0.51	0.51	0.51	0.51	0.51	0.51	0.51	0.51	0.51
45	-0.81	-0.81	-0.81	-0.81	-0.81	-0.81	-0.81	-0.81	-0.81	-0.81	-0.81	-0.81	-0.81	-0.81	-0.81	-0.81	-0.81	-0.81	-0.81	-0.81
47	0.71	0.71	-0.84	-0.84	-0.84	-0.84	0.71	0.71	-0.84	-0.84	-0.84	-0.84	0.71	0.71	-0.84	0.71	0.71	0.71	0.71	-0.84
48	-0.35	-0.35	-0.35	-0.35	-0.35	-0.35	-0.35	-0.35	-0.35	-0.35	-0.35	-0.35	-0.35	-0.35	-0.35	-0.35	-0.35	-0.35	-0.35	-0.35
49	-0.10	0.47	0.47	0.47	0.47	0.47	0.47	0.47	-0.10	0.47	0.47	-0.10	-0.10	-0.10	0.47	-0.10	-0.10	-0.10	-0.10	-0.10
50	0.08	0.08	0.08	0.08	0.08	0.08	0.08	0.08	0.08	0.08	0.08	0.08	0.08	0.08	0.08	0.08	0.08	0.08	0.08	0.08
51	0.08	0.08	0.08	0.08	0.08	0.08	0.08	0.08	0.08	0.08	0.08	0.08	0.08	0.08	0.08	0.08	0.08	0.08	0.08	0.08
52	-0.54	-0.54	-0.54	-0.54	-0.54	-0.54	-0.54	-0.54	-0.54	-0.54	-0.54	-0.54	-0.54	-0.54	-0.54	-0.54	-0.54	-0.54	-0.54	-0.54
53	-0.74	-0.80	-0.80	-0.80	-0.80	-0.80	-0.80	-0.80	-0.80	-0.80	-0.80	-0.74	-0.80	-0.80	-0.80	-0.80	-0.80	-0.74	-0.80	-0.74
54	0.49	0.65	0.49	0.65	0.49	0.65	0.65	0.65	0.65	0.49	0.49	0.65	0.49	0.49	0.49	0.65	0.65	0.49	0.49	0.49
55	0.08	0.08	0.08	0.08	0.08	0.08	0.08	0.16	0.08	0.08	0.08	0.08	0.08	0.08	0.08	0.08	0.08	0.08	0.08	0.08
56	0.41	0.41	0.41	0.41	0.41	0.41	0.41	0.41	0.41	0.41	0.41	0.41	0.41	0.41	0.41	0.41	0.41	0.41	0.41	0.41
57	-0.30	-0.30	-0.30	-0.30	-0.30	-0.30	-0.03	-0.30	-0.03	-0.03	-0.30	-0.30	-0.30	-0.30	-0.30	-0.03	-0.30	-0.30	-0.30	-0.30
58	1.12	1.12	1.12	1.12	1.12	1.12	1.12	1.12	1.12	1.12	1.12	1.12	1.12	1.12	1.12	1.12	1.12	1.12	1.12	1.12
59	0.04	0.28	0.04	0.28	0.04	0.04	0.04	0.04	0.28	0.04	0.04	0.04	0.04	0.04	0.04	0.04	0.04	0.28	0.04	0.04
#Reported_Model_Average	0.081	0.030	0.004	0.003	-0.006	0.005	0.033	0.071	0.046	0.033	0.031	0.004	0.054	0.040	-0.013	0.048	0.072	0.011	0.014	0.005
#Overall_Average_Reported	0.028
